C1	C2	C3	C4	C5	C6	C7	C8	BC1	BC2	BC3	BC4	BC5	BC6	BC7	BC8	IT	T

0	0	0	0	1	0	0	17	0	0	0	19.8	28.5	0	0	22.7	10.0	10-Sep-24 06:34:56.766	
0	0	0	0	3	0	0	16	0	0	0	19.8	28.5	0	0	22.7	10.0	10-Sep-24 06:34:56.812	
0	0	0	1	1	0	0	14	0	0	0	19.8	28.5	0	0	22.7	10.0	10-Sep-24 06:34:56.856	
0	0	0	1	2	0	0	16	0	0	0	19.8	28.5	0	0	22.7	10.0	10-Sep-24 06:34:56.900	
0	0	0	0	1	0	0	16	0	0	0	19.8	28.5	0	0	22.7	10.0	10-Sep-24 06:34:56.943	
0	0	0	0	1	0	0	19	0	0	0	19.8	28.5	0	0	22.7	10.0	10-Sep-24 06:34:56.996	
0	0	0	1	1	0	0	15	0	0	0	19.8	28.5	0	0	22.7	10.0	10-Sep-24 06:34:57.039	
0	0	0	1	2	0	0	8	0	0	0	19.8	28.5	0	0	22.7	10.0	10-Sep-24 06:34:57.083	
0	0	0	0	2	0	0	12	0	0	0	19.8	28.5	0	0	22.7	10.0	10-Sep-24 06:34:57.127	
0	0	0	0	1	0	0	15	0	0	0	19.8	28.5	0	0	22.7	10.0	10-Sep-24 06:34:57.171	
0	0	0	1	1	0	0	12	0	0	0	19.8	28.5	0	0	22.7	10.0	10-Sep-24 06:34:57.246	
0	0	0	1	2	0	0	16	0	0	0	19.8	28.5	0	0	22.7	10.0	10-Sep-24 06:34:57.327	
0	0	0	1	2	0	0	21	0	0	0	19.8	28.5	0	0	22.7	10.0	10-Sep-24 06:34:57.405	
0	0	0	0	2	0	0	19	0	0	0	19.8	28.5	0	0	22.7	10.0	10-Sep-24 06:34:57.448	
0	0	0	0	2	0	0	13	0	0	0	19.8	28.5	0	0	22.7	10.0	10-Sep-24 06:34:57.501	
0	0	0	2	2	0	0	17	0	0	0	19.8	28.5	0	0	22.7	10.0	10-Sep-24 06:34:57.544	
0	0	0	0	2	0	0	17	0	0	0	19.8	28.5	0	0	22.7	10.0	10-Sep-24 06:34:57.587	
0	0	0	1	1	0	0	14	0	0	0	19.8	28.5	0	0	22.7	10.0	10-Sep-24 06:34:57.632	
0	0	0	1	2	0	0	14	0	0	0	19.8	28.5	0	0	22.7	10.0	10-Sep-24 06:34:57.675	
0	0	0	0	1	0	0	11	0	0	0	19.8	28.5	0	0	22.7	10.0	10-Sep-24 06:34:57.779	
0	0	0	0	2	0	0	12	0	0	0	19.8	28.5	0	0	22.7	10.0	10-Sep-24 06:34:57.823	
0	0	0	1	2	0	0	9	0	0	0	19.8	28.5	0	0	22.7	10.0	10-Sep-24 06:34:57.868	
0	0	0	0	1	0	0	21	0	0	0	19.8	28.5	0	0	22.7	10.0	10-Sep-24 06:34:57.912	
0	0	0	0	1	0	0	22	0	0	0	19.8	28.5	0	0	22.7	10.0	10-Sep-24 06:34:57.956	
0	0	0	0	1	0	0	15	0	0	0	19.8	28.5	0	0	22.7	10.0	10-Sep-24 06:34:58.008	
0	0	0	0	1	0	0	12	0	0	0	19.8	28.5	0	0	22.7	10.0	10-Sep-24 06:34:58.052	
0	0	0	2	1	0	0	13	0	0	0	19.8	28.5	0	0	22.7	10.0	10-Sep-24 06:34:58.095	
0	0	0	0	0	0	0	18	0	0	0	19.8	28.5	0	0	22.7	10.0	10-Sep-24 06:34:58.139	
0	0	0	0	2	0	0	18	0	0	0	19.8	28.5	0	0	22.7	10.0	10-Sep-24 06:34:58.184	
0	0	0	1	2	0	0	19	0	0	0	19.8	28.5	0	0	22.7	10.0	10-Sep-24 06:34:58.227	
0	0	0	0	1	0	0	7	0	0	0	19.8	28.5	0	0	22.7	10.0	10-Sep-24 06:34:58.272	
0	0	0	1	1	0	0	12	0	0	0	19.8	28.5	0	0	22.7	10.0	10-Sep-24 06:34:58.316	
0	0	0	0	2	0	0	8	0	0	0	19.8	28.5	0	0	22.7	10.0	10-Sep-24 06:34:58.359	
0	0	0	0	1	0	0	15	0	0	0	19.8	28.5	0	0	22.7	10.0	10-Sep-24 06:34:58.403	
0	0	0	0	2	0	0	16	0	0	0	19.8	28.5	0	0	22.7	10.0	10-Sep-24 06:34:58.448	
0	0	0	1	2	0	0	10	0	0	0	19.8	28.5	0	0	22.7	10.0	10-Sep-24 06:34:58.492	
0	0	0	0	1	0	0	12	0	0	0	19.8	28.5	0	0	22.7	10.0	10-Sep-24 06:34:58.544	
0	0	0	1	1	0	0	15	0	0	0	19.8	28.5	0	0	22.7	10.0	10-Sep-24 06:34:58.588	
0	0	0	0	1	0	0	18	0	0	0	19.8	28.5	0	0	22.7	10.0	10-Sep-24 06:34:58.632	
0	0	0	0	2	0	0	11	0	0	0	19.8	28.5	0	0	22.7	10.0	10-Sep-24 06:34:58.675	
0	0	0	0	2	0	0	15	0	0	0	19.8	28.5	0	0	22.7	10.0	10-Sep-24 06:34:58.720	
0	0	0	1	3	0	0	11	0	0	0	19.8	28.5	0	0	22.7	10.0	10-Sep-24 06:34:58.763	
0	0	0	0	2	0	0	13	0	0	0	19.8	28.5	0	0	22.7	10.0	10-Sep-24 06:34:58.866	
0	0	0	1	1	0	0	16	0	0	0	19.8	28.5	0	0	22.7	10.0	10-Sep-24 06:34:58.912	
0	0	0	1	2	0	0	18	0	0	0	19.8	28.5	0	0	22.7	10.0	10-Sep-24 06:34:58.956	
0	0	0	0	2	0	0	18	0	0	0	19.8	28.5	0	0	22.7	10.0	10-Sep-24 06:34:59.000	
0	0	0	1	1	0	0	12	0	0	0	19.8	28.5	0	0	22.7	10.0	10-Sep-24 06:34:59.048	
0	0	0	2	1	0	0	16	0	0	0	19.8	28.5	0	0	22.7	10.0	10-Sep-24 06:34:59.094	
0	0	0	0	1	0	0	11	0	0	0	19.8	28.5	0	0	22.7	10.0	10-Sep-24 06:34:59.136	
0	0	0	0	1	0	0	28	0	0	0	19.8	28.5	0	0	22.7	10.0	10-Sep-24 06:34:59.180	
0	0	0	0	0	0	0	15	0	0	0	19.8	28.5	0	0	22.7	10.0	10-Sep-24 06:34:59.224	
0	0	0	0	2	0	0	9	0	0	0	19.8	28.5	0	0	22.7	10.0	10-Sep-24 06:34:59.267	
0	0	0	0	1	0	0	15	0	0	0	19.8	28.5	0	0	22.7	10.0	10-Sep-24 06:34:59.312	
0	0	0	0	1	0	0	20	0	0	0	19.8	28.5	0	0	22.7	10.0	10-Sep-24 06:34:59.355	
0	0	0	0	1	0	0	23	0	0	0	19.8	28.5	0	0	22.7	10.0	10-Sep-24 06:34:59.399	
0	0	0	0	1	0	0	13	0	0	0	19.8	28.5	0	0	22.7	10.0	10-Sep-24 06:34:59.444	
0	0	0	1	2	0	0	14	0	0	0	19.8	28.5	0	0	22.7	10.0	10-Sep-24 06:34:59.487	
0	0	0	0	3	0	0	16	0	0	0	19.8	28.5	0	0	22.7	10.0	10-Sep-24 06:34:59.539	
0	0	0	0	3	0	0	16	0	0	0	19.8	28.5	0	0	22.7	10.0	10-Sep-24 06:34:59.583	
0	0	0	1	2	0	0	12	0	0	0	19.8	28.5	0	0	22.7	10.0	10-Sep-24 06:34:59.628	
0	0	0	1	2	0	0	10	0	0	0	19.8	28.5	0	0	22.7	10.0	10-Sep-24 06:34:59.671	
0	0	0	0	2	0	0	13	0	0	0	19.8	28.5	0	0	22.7	10.0	10-Sep-24 06:34:59.716	
0	0	0	0	1	0	0	10	0	0	0	19.8	28.5	0	0	22.7	10.0	10-Sep-24 06:34:59.759	
0	0	0	0	1	0	0	13	0	0	0	19.8	28.5	0	0	22.7	10.0	10-Sep-24 06:34:59.803	
0	0	0	1	3	0	0	13	0	0	0	19.8	28.5	0	0	22.7	10.0	10-Sep-24 06:34:59.848	
0	0	0	1	2	0	0	14	0	0	0	19.8	28.5	0	0	22.7	10.0	10-Sep-24 06:34:59.951	
0	0	0	1	4	0	0	18	0	0	0	19.8	28.5	0	0	22.7	10.0	10-Sep-24 06:34:59.996	
0	0	0	0	2	0	0	20	0	0	0	19.8	28.5	0	0	22.7	10.0	10-Sep-24 06:35:00.049	
0	0	0	1	2	0	0	10	0	0	0	19.8	28.5	0	0	22.7	10.0	10-Sep-24 06:35:00.092	
0	0	0	1	0	0	0	16	0	0	0	19.8	28.5	0	0	22.7	10.0	10-Sep-24 06:35:00.135	
0	0	0	0	0	0	0	13	0	0	0	19.8	28.5	0	0	22.7	10.0	10-Sep-24 06:35:00.178	
0	0	0	0	1	0	0	16	0	0	0	19.8	28.5	0	0	22.7	10.0	10-Sep-24 06:35:00.223	
0	0	0	0	1	0	0	18	0	0	0	19.8	28.5	0	0	22.7	10.0	10-Sep-24 06:35:00.267	
0	0	0	1	2	0	0	15	0	0	0	19.8	28.5	0	0	22.7	10.0	10-Sep-24 06:35:00.311	
0	0	0	0	3	0	0	14	0	0	0	19.8	28.5	0	0	22.7	10.0	10-Sep-24 06:35:00.356	
0	0	0	0	3	0	0	21	0	0	0	19.8	28.5	0	0	22.7	10.0	10-Sep-24 06:35:00.400	
0	0	0	0	1	0	0	14	0	0	0	19.8	28.5	0	0	22.7	10.0	10-Sep-24 06:35:00.444	
0	0	0	0	2	0	0	10	0	0	0	19.8	28.5	0	0	22.7	10.0	10-Sep-24 06:35:00.488	
0	0	0	0	0	0	0	15	0	0	0	19.8	28.5	0	0	22.7	10.0	10-Sep-24 06:35:00.531	
0	0	0	1	1	0	0	12	0	0	0	19.8	28.5	0	0	22.7	10.0	10-Sep-24 06:35:00.582	
0	0	0	0	1	0	0	19	0	0	0	19.8	28.5	0	0	22.7	10.0	10-Sep-24 06:35:00.628	
0	0	0	1	1	0	0	7	0	0	0	19.8	28.5	0	0	22.7	10.0	10-Sep-24 06:35:00.672	
0	0	0	0	1	0	0	14	0	0	0	19.8	28.5	0	0	22.7	10.0	10-Sep-24 06:35:00.715	
0	0	0	0	3	0	0	17	0	0	0	19.8	28.5	0	0	22.7	10.0	10-Sep-24 06:35:00.760	
0	0	0	1	1	0	0	21	0	0	0	19.8	28.5	0	0	22.7	10.0	10-Sep-24 06:35:00.804	
0	0	0	1	1	0	0	15	0	0	0	19.8	28.5	0	0	22.7	10.0	10-Sep-24 06:35:00.847	
0	0	0	1	3	0	0	11	0	0	0	19.8	28.5	0	0	22.7	10.0	10-Sep-24 06:35:00.892	
0	0	0	0	2	0	0	16	0	0	0	19.8	28.5	0	0	22.7	10.0	10-Sep-24 06:35:00.935	
0	0	0	1	1	0	0	18	0	0	0	19.8	28.5	0	0	22.7	10.0	10-Sep-24 06:35:01.028	
0	0	0	0	1	0	0	17	0	0	0	19.8	28.5	0	0	22.7	10.0	10-Sep-24 06:35:01.083	
0	0	0	1	3	0	0	11	0	0	0	19.8	28.5	0	0	22.7	10.0	10-Sep-24 06:35:01.127	
0	0	0	2	0	0	0	16	0	0	0	19.8	28.5	0	0	22.7	10.0	10-Sep-24 06:35:01.171	
0	0	0	1	1	0	0	12	0	0	0	19.8	28.5	0	0	22.7	10.0	10-Sep-24 06:35:01.216	
0	0	0	0	1	0	0	14	0	0	0	19.8	28.5	0	0	22.7	10.0	10-Sep-24 06:35:01.259	
0	0	0	0	1	0	0	15	0	0	0	19.8	28.5	0	0	22.7	10.0	10-Sep-24 06:35:01.304	
0	0	0	0	1	0	0	17	0	0	0	19.8	28.5	0	0	22.7	10.0	10-Sep-24 06:35:01.348	
0	0	0	1	1	0	0	12	0	0	0	19.8	28.5	0	0	22.7	10.0	10-Sep-24 06:35:01.391	
0	0	0	0	0	0	0	14	0	0	0	19.8	28.5	0	0	22.7	10.0	10-Sep-24 06:35:01.436	
0	0	0	0	1	0	0	17	0	0	0	19.8	28.5	0	0	22.7	10.0	10-Sep-24 06:35:01.479	
0	0	0	1	3	0	0	10	0	0	0	19.8	28.5	0	0	22.7	10.0	10-Sep-24 06:35:01.524	
0	0	0	0	3	0	0	18	0	0	0	19.8	28.5	0	0	22.7	10.0	10-Sep-24 06:35:01.570	
0	0	0	0	2	0	0	9	0	0	0	19.8	28.5	0	0	22.7	10.0	10-Sep-24 06:35:01.611	
0	0	0	1	1	0	0	17	0	0	0	19.8	28.5	0	0	22.7	10.0	10-Sep-24 06:35:01.655	
0	0	0	0	2	0	0	8	0	0	0	19.8	28.5	0	0	22.7	10.0	10-Sep-24 06:35:01.699	
0	0	0	1	1	0	0	20	0	0	0	19.8	28.5	0	0	22.7	10.0	10-Sep-24 06:35:01.743	
0	0	0	0	2	0	0	20	0	0	0	19.8	28.5	0	0	22.7	10.0	10-Sep-24 06:35:01.787	
0	0	0	0	1	0	0	13	0	0	0	19.8	28.5	0	0	22.7	10.0	10-Sep-24 06:35:01.831	
0	0	0	0	2	0	0	15	0	0	0	19.8	28.5	0	0	22.7	10.0	10-Sep-24 06:35:01.875	
0	0	0	1	1	0	0	17	0	0	0	19.8	28.5	0	0	22.7	10.0	10-Sep-24 06:35:01.920	
0	0	0	0	1	0	0	17	0	0	0	19.8	28.5	0	0	22.7	10.0	10-Sep-24 06:35:01.963	
0	0	0	0	1	0	0	24	0	0	0	19.8	28.5	0	0	22.7	10.0	10-Sep-24 06:35:02.008	
0	0	0	0	3	0	0	17	0	0	0	19.8	28.5	0	0	22.7	10.0	10-Sep-24 06:35:02.109	
0	0	0	0	2	0	0	4	0	0	0	19.8	28.5	0	0	22.7	10.0	10-Sep-24 06:35:02.156	
0	0	0	1	3	0	0	13	0	0	0	19.8	28.5	0	0	22.7	10.0	10-Sep-24 06:35:02.199	
0	0	0	0	1	0	0	16	0	0	0	19.8	28.5	0	0	22.7	10.0	10-Sep-24 06:35:02.244	
0	0	0	1	1	0	0	22	0	0	0	19.8	28.5	0	0	22.7	10.0	10-Sep-24 06:35:02.287	
0	0	0	0	1	0	0	16	0	0	0	19.8	28.5	0	0	22.7	10.0	10-Sep-24 06:35:02.332	
0	0	0	1	1	0	0	10	0	0	0	19.8	28.5	0	0	22.7	10.0	10-Sep-24 06:35:02.375	
0	0	0	0	1	0	0	13	0	0	0	19.8	28.5	0	0	22.7	10.0	10-Sep-24 06:35:02.452	
0	0	0	0	2	0	0	19	0	0	0	19.8	28.5	0	0	22.7	10.0	10-Sep-24 06:35:02.547	
0	0	0	0	3	0	0	12	0	0	0	19.8	28.5	0	0	22.7	10.0	10-Sep-24 06:35:02.616	
0	0	0	0	1	0	0	22	0	0	0	19.8	28.5	0	0	22.7	10.0	10-Sep-24 06:35:02.664	
0	0	0	0	1	0	0	15	0	0	0	19.8	28.5	0	0	22.7	10.0	10-Sep-24 06:35:02.707	
0	0	0	1	1	0	0	13	0	0	0	19.8	28.5	0	0	22.7	10.0	10-Sep-24 06:35:02.752	
0	0	0	0	2	0	0	20	0	0	0	19.8	28.5	0	0	22.7	10.0	10-Sep-24 06:35:02.795	
0	0	0	2	2	0	0	14	0	0	0	19.8	28.5	0	0	22.7	10.0	10-Sep-24 06:35:02.839	
0	0	0	0	1	0	0	9	0	0	0	19.8	28.5	0	0	22.7	10.0	10-Sep-24 06:35:02.883	
0	0	0	2	1	0	0	17	0	0	0	19.8	28.5	0	0	22.7	10.0	10-Sep-24 06:35:02.927	
0	0	0	0	3	0	0	16	0	0	0	19.8	28.5	0	0	22.7	10.0	10-Sep-24 06:35:02.971	
0	0	0	0	1	0	0	14	0	0	0	19.8	28.5	0	0	22.7	10.0	10-Sep-24 06:35:03.016	
0	0	0	1	3	0	0	19	0	0	0	19.8	28.5	0	0	22.7	10.0	10-Sep-24 06:35:03.059	
0	0	0	0	2	0	0	7	0	0	0	19.8	28.5	0	0	22.7	10.0	10-Sep-24 06:35:03.169	
0	0	0	3	3	0	0	19	0	0	0	19.8	28.5	0	0	22.7	10.0	10-Sep-24 06:35:03.215	
0	0	0	0	3	0	0	17	0	0	0	19.8	28.5	0	0	22.7	10.0	10-Sep-24 06:35:03.260	
0	0	0	0	3	0	0	18	0	0	0	19.8	28.5	0	0	22.7	10.0	10-Sep-24 06:35:03.304	
0	0	0	1	1	0	0	19	0	0	0	19.8	28.5	0	0	22.7	10.0	10-Sep-24 06:35:03.347	
0	0	0	0	3	0	0	11	0	0	0	19.8	28.5	0	0	22.7	10.0	10-Sep-24 06:35:03.391	
0	0	0	0	1	0	0	5	0	0	0	19.8	28.5	0	0	22.7	10.0	10-Sep-24 06:35:03.435	
0	0	0	1	2	0	0	18	0	0	0	19.8	28.5	0	0	22.7	10.0	10-Sep-24 06:35:03.480	
0	0	0	0	3	0	0	11	0	0	0	19.8	28.5	0	0	22.7	10.0	10-Sep-24 06:35:03.523	
0	0	0	1	2	0	0	12	0	0	0	19.8	28.5	0	0	22.7	10.0	10-Sep-24 06:35:03.567	
0	0	0	0	1	0	0	12	0	0	0	19.8	28.5	0	0	22.7	10.0	10-Sep-24 06:35:03.612	
0	0	0	0	1	0	0	13	0	0	0	19.8	28.5	0	0	22.7	10.0	10-Sep-24 06:35:03.662	
0	0	0	1	1	0	0	10	0	0	0	19.8	28.5	0	0	22.7	10.0	10-Sep-24 06:35:03.709	
0	0	0	1	2	0	0	9	0	0	0	19.8	28.5	0	0	22.7	10.0	10-Sep-24 06:35:03.751	
0	0	0	0	2	0	0	7	0	0	0	19.8	28.5	0	0	22.7	10.0	10-Sep-24 06:35:03.796	
0	0	0	1	3	0	0	24	0	0	0	19.8	28.5	0	0	22.7	10.0	10-Sep-24 06:35:03.839	
0	0	0	0	3	0	0	16	0	0	0	19.8	28.5	0	0	22.7	10.0	10-Sep-24 06:35:03.884	
0	0	0	0	1	0	0	18	0	0	0	19.8	28.5	0	0	22.7	10.0	10-Sep-24 06:35:03.927	
0	0	0	0	0	0	0	12	0	0	0	19.8	28.5	0	0	22.7	10.0	10-Sep-24 06:35:03.971	
0	0	0	2	0	0	0	13	0	0	0	19.8	28.5	0	0	22.7	10.0	10-Sep-24 06:35:04.017	
0	0	0	1	1	0	0	14	0	0	0	19.8	28.5	0	0	22.7	10.0	10-Sep-24 06:35:04.059	
0	0	0	0	2	0	0	14	0	0	0	19.8	28.5	0	0	22.7	10.0	10-Sep-24 06:35:04.103	
0	0	0	1	1	0	0	13	0	0	0	19.8	28.5	0	0	22.7	10.0	10-Sep-24 06:35:04.155	
0	0	0	0	2	0	0	13	0	0	0	19.8	28.5	0	0	22.7	10.0	10-Sep-24 06:35:04.244	
0	0	0	1	1	0	0	16	0	0	0	19.8	28.5	0	0	22.7	10.0	10-Sep-24 06:35:04.292	
0	0	0	0	1	0	0	15	0	0	0	19.8	28.5	0	0	22.7	10.0	10-Sep-24 06:35:04.335	
0	0	0	1	1	0	0	14	0	0	0	19.8	28.5	0	0	22.7	10.0	10-Sep-24 06:35:04.379	
0	0	0	0	3	0	0	16	0	0	0	19.8	28.5	0	0	22.7	10.0	10-Sep-24 06:35:04.423	
0	0	0	1	1	0	0	19	0	0	0	19.8	28.5	0	0	22.7	10.0	10-Sep-24 06:35:04.468	
0	0	0	0	1	0	0	14	0	0	0	19.8	28.5	0	0	22.7	10.0	10-Sep-24 06:35:04.512	
0	0	0	0	1	0	0	11	0	0	0	19.8	28.5	0	0	22.7	10.0	10-Sep-24 06:35:04.556	
0	0	0	0	2	0	0	21	0	0	0	19.8	28.5	0	0	22.7	10.0	10-Sep-24 06:35:04.599	
0	0	0	0	1	0	0	18	0	0	0	19.8	28.5	0	0	22.7	10.0	10-Sep-24 06:35:04.650	
0	0	0	0	1	0	0	17	0	0	0	19.8	28.5	0	0	22.7	10.0	10-Sep-24 06:35:04.696	
0	0	0	1	2	0	0	11	0	0	0	19.8	28.5	0	0	22.7	10.0	10-Sep-24 06:35:04.739	
0	0	0	0	2	0	0	20	0	0	0	19.8	28.5	0	0	22.7	10.0	10-Sep-24 06:35:04.783	
0	0	0	0	1	0	0	18	0	0	0	19.8	28.5	0	0	22.7	10.0	10-Sep-24 06:35:04.827	
0	0	0	0	1	0	0	17	0	0	0	19.8	28.5	0	0	22.7	10.0	10-Sep-24 06:35:04.872	
0	0	0	1	2	0	0	13	0	0	0	19.8	28.5	0	0	22.7	10.0	10-Sep-24 06:35:04.914	
0	0	0	1	0	0	0	14	0	0	0	19.8	28.5	0	0	22.7	10.0	10-Sep-24 06:35:04.960	
0	0	0	1	2	0	0	12	0	0	0	19.8	28.5	0	0	22.7	10.0	10-Sep-24 06:35:05.003	
0	0	0	1	2	0	0	10	0	0	0	19.8	28.5	0	0	22.7	10.0	10-Sep-24 06:35:05.048	
0	0	0	1	1	0	0	15	0	0	0	19.8	28.5	0	0	22.7	10.0	10-Sep-24 06:35:05.091	
0	0	0	0	1	0	0	18	0	0	0	19.8	28.5	0	0	22.7	10.0	10-Sep-24 06:35:05.136	
0	0	0	1	1	0	0	16	0	0	0	19.8	28.5	0	0	22.7	10.0	10-Sep-24 06:35:05.187	
0	0	0	0	2	0	0	17	0	0	0	19.8	28.5	0	0	22.7	10.0	10-Sep-24 06:35:05.231	
0	0	0	1	1	0	0	11	0	0	0	19.8	28.5	0	0	22.7	10.0	10-Sep-24 06:35:05.334	
0	0	0	1	3	0	0	16	0	0	0	19.8	28.5	0	0	22.7	10.0	10-Sep-24 06:35:05.380	
0	0	0	1	2	0	0	13	0	0	0	19.8	28.5	0	0	22.7	10.0	10-Sep-24 06:35:05.424	
0	0	0	0	2	0	0	19	0	0	0	19.8	28.5	0	0	22.7	10.0	10-Sep-24 06:35:05.468	
0	0	0	0	1	0	0	13	0	0	0	19.8	28.5	0	0	22.7	10.0	10-Sep-24 06:35:05.511	
0	0	0	0	1	0	0	11	0	0	0	19.8	28.5	0	0	22.7	10.0	10-Sep-24 06:35:05.556	
0	0	0	1	2	0	0	8	0	0	0	19.8	28.5	0	0	22.7	10.0	10-Sep-24 06:35:05.599	
0	0	0	0	1	0	0	16	0	0	0	19.8	28.5	0	0	22.7	10.0	10-Sep-24 06:35:05.643	
0	0	0	0	2	0	0	12	0	0	0	19.8	28.5	0	0	22.7	10.0	10-Sep-24 06:35:05.694	
0	0	0	1	2	0	0	12	0	0	0	19.8	28.5	0	0	22.7	10.0	10-Sep-24 06:35:05.740	
0	0	0	2	2	0	0	13	0	0	0	19.8	28.5	0	0	22.7	10.0	10-Sep-24 06:35:05.784	
0	0	0	0	1	0	0	11	0	0	0	19.8	28.5	0	0	22.7	10.0	10-Sep-24 06:35:05.827	
0	0	0	1	1	0	0	13	0	0	0	19.8	28.5	0	0	22.7	10.0	10-Sep-24 06:35:05.871	
0	0	0	1	1	0	0	14	0	0	0	19.8	28.5	0	0	22.7	10.0	10-Sep-24 06:35:05.916	
0	0	0	1	1	0	0	13	0	0	0	19.8	28.5	0	0	22.7	10.0	10-Sep-24 06:35:05.959	
0	0	0	0	1	0	0	20	0	0	0	19.8	28.5	0	0	22.7	10.0	10-Sep-24 06:35:06.003	
0	0	0	0	3	0	0	13	0	0	0	19.8	28.5	0	0	22.7	10.0	10-Sep-24 06:35:06.047	
0	0	0	1	1	0	0	14	0	0	0	19.8	28.5	0	0	22.7	10.0	10-Sep-24 06:35:06.091	
0	0	0	0	0	0	0	12	0	0	0	19.8	28.5	0	0	22.7	10.0	10-Sep-24 06:35:06.136	
0	0	0	0	1	0	0	16	0	0	0	19.8	28.5	0	0	22.7	10.0	10-Sep-24 06:35:06.187	
0	0	0	1	1	0	0	15	0	0	0	19.8	28.5	0	0	22.7	10.0	10-Sep-24 06:35:06.231	
0	0	0	1	1	0	0	12	0	0	0	19.8	28.5	0	0	22.7	10.0	10-Sep-24 06:35:06.275	
0	0	0	0	1	0	0	8	0	0	0	19.8	28.5	0	0	22.7	10.0	10-Sep-24 06:35:06.319	
0	0	0	1	2	0	0	25	0	0	0	19.8	28.5	0	0	22.7	10.0	10-Sep-24 06:35:06.421	
0	0	0	1	1	0	0	13	0	0	0	19.8	28.5	0	0	22.7	10.0	10-Sep-24 06:35:06.468	
0	0	0	1	2	0	0	16	0	0	0	19.8	28.5	0	0	22.7	10.0	10-Sep-24 06:35:06.511	
0	0	0	1	1	0	0	13	0	0	0	19.8	28.5	0	0	22.7	10.0	10-Sep-24 06:35:06.556	
0	0	0	1	1	0	0	17	0	0	0	19.8	28.5	0	0	22.7	10.0	10-Sep-24 06:35:06.599	
0	0	0	1	1	0	0	16	0	0	0	19.8	28.5	0	0	22.7	10.0	10-Sep-24 06:35:06.643	
0	0	0	1	2	0	0	16	0	0	0	19.8	28.5	0	0	22.7	10.0	10-Sep-24 06:35:06.695	
0	0	0	0	2	0	0	16	0	0	0	19.8	28.5	0	0	22.7	10.0	10-Sep-24 06:35:06.739	
0	0	0	1	2	0	0	16	0	0	0	19.8	28.5	0	0	22.7	10.0	10-Sep-24 06:35:06.783	
0	0	0	1	1	0	0	14	0	0	0	19.8	28.5	0	0	22.7	10.0	10-Sep-24 06:35:06.827	
0	0	0	0	2	0	0	16	0	0	0	19.8	28.5	0	0	22.7	10.0	10-Sep-24 06:35:06.872	
0	0	0	1	2	0	0	7	0	0	0	19.8	28.5	0	0	22.7	10.0	10-Sep-24 06:35:06.915	
0	0	0	0	1	0	0	13	0	0	0	19.8	28.5	0	0	22.7	10.0	10-Sep-24 06:35:06.960	
0	0	0	1	1	0	0	14	0	0	0	19.8	28.5	0	0	22.7	10.0	10-Sep-24 06:35:07.003	
0	0	0	0	1	0	0	16	0	0	0	19.8	28.5	0	0	22.7	10.0	10-Sep-24 06:35:07.047	
0	0	0	1	1	0	0	14	0	0	0	19.8	28.5	0	0	22.7	10.0	10-Sep-24 06:35:07.092	
0	0	0	0	2	0	0	17	0	0	0	19.8	28.5	0	0	22.7	10.0	10-Sep-24 06:35:07.135	
0	0	0	1	2	0	0	18	0	0	0	19.8	28.5	0	0	22.7	10.0	10-Sep-24 06:35:07.180	
0	0	0	1	1	0	0	16	0	0	0	19.8	28.5	0	0	22.7	10.0	10-Sep-24 06:35:07.230	
0	0	0	0	2	0	0	10	0	0	0	19.8	28.5	0	0	22.7	10.0	10-Sep-24 06:35:07.275	
0	0	0	0	2	0	0	11	0	0	0	19.8	28.5	0	0	22.7	10.0	10-Sep-24 06:35:07.319	
0	0	0	0	2	0	0	18	0	0	0	19.8	28.5	0	0	22.7	10.0	10-Sep-24 06:35:07.364	
0	0	0	0	2	0	0	15	0	0	0	19.8	28.5	0	0	22.7	10.0	10-Sep-24 06:35:07.407	
0	0	0	1	2	0	0	7	0	0	0	19.8	28.5	0	0	22.7	10.0	10-Sep-24 06:35:07.510	
0	0	0	0	1	0	0	14	0	0	0	19.8	28.5	0	0	22.7	10.0	10-Sep-24 06:35:07.555	
0	0	0	0	1	0	0	15	0	0	0	19.8	28.5	0	0	22.7	10.0	10-Sep-24 06:35:07.600	
0	0	0	0	1	0	0	14	0	0	0	19.8	28.5	0	0	22.7	10.0	10-Sep-24 06:35:07.677	
0	0	0	1	4	0	0	19	0	0	0	19.8	28.5	0	0	22.7	10.0	10-Sep-24 06:35:07.778	
0	0	0	1	1	0	0	16	0	0	0	19.8	28.5	0	0	22.7	10.0	10-Sep-24 06:35:07.848	
0	0	0	1	3	0	0	17	0	0	0	19.8	28.5	0	0	22.7	10.0	10-Sep-24 06:35:07.893	
0	0	0	0	2	0	0	14	0	0	0	19.8	28.5	0	0	22.7	10.0	10-Sep-24 06:35:07.935	
0	0	0	1	2	0	0	14	0	0	0	19.8	28.5	0	0	22.7	10.0	10-Sep-24 06:35:07.980	
0	0	0	0	1	0	0	16	0	0	0	19.8	28.5	0	0	22.7	10.0	10-Sep-24 06:35:08.024	
0	0	0	0	1	0	0	9	0	0	0	19.8	28.5	0	0	22.7	10.0	10-Sep-24 06:35:08.068	
0	0	0	0	1	0	0	24	0	0	0	19.8	28.5	0	0	22.7	10.0	10-Sep-24 06:35:08.112	
0	0	0	0	1	0	0	15	0	0	0	19.8	28.5	0	0	22.7	10.0	10-Sep-24 06:35:08.156	
0	0	0	1	1	0	0	10	0	0	0	19.8	28.5	0	0	22.7	10.0	10-Sep-24 06:35:08.200	
0	0	0	0	1	0	0	16	0	0	0	19.8	28.5	0	0	22.7	10.0	10-Sep-24 06:35:08.249	
0	0	0	2	1	0	0	20	0	0	0	19.8	28.5	0	0	22.7	10.0	10-Sep-24 06:35:08.296	
0	0	0	0	2	0	0	6	0	0	0	19.8	28.5	0	0	22.7	10.0	10-Sep-24 06:35:08.339	
0	0	0	0	1	0	0	13	0	0	0	19.8	28.5	0	0	22.7	10.0	10-Sep-24 06:35:08.383	
0	0	0	0	2	0	0	17	0	0	0	19.8	28.5	0	0	22.7	10.0	10-Sep-24 06:35:08.427	
0	0	0	1	1	0	0	9	0	0	0	19.8	28.5	0	0	22.7	10.0	10-Sep-24 06:35:08.472	
0	0	0	0	1	0	0	19	0	0	0	19.8	28.5	0	0	22.7	10.0	10-Sep-24 06:35:08.565	
0	0	0	1	2	0	0	11	0	0	0	19.8	28.5	0	0	22.7	10.0	10-Sep-24 06:35:08.612	
0	0	0	0	1	0	0	23	0	0	0	19.8	28.5	0	0	22.7	10.0	10-Sep-24 06:35:08.655	
0	0	0	0	2	0	0	20	0	0	0	19.8	28.5	0	0	22.7	10.0	10-Sep-24 06:35:08.699	
0	0	0	0	1	0	0	10	0	0	0	19.8	28.5	0	0	22.7	10.0	10-Sep-24 06:35:08.751	
0	0	0	1	2	0	0	13	0	0	0	19.8	28.5	0	0	22.7	10.0	10-Sep-24 06:35:08.795	
0	0	0	1	1	0	0	17	0	0	0	19.8	28.5	0	0	22.7	10.0	10-Sep-24 06:35:08.839	
0	0	0	1	0	0	0	16	0	0	0	19.8	28.5	0	0	22.7	10.0	10-Sep-24 06:35:08.883	
0	0	0	0	2	0	0	10	0	0	0	19.8	28.5	0	0	22.7	10.0	10-Sep-24 06:35:08.927	
0	0	0	1	3	0	0	8	0	0	0	19.8	28.5	0	0	22.7	10.0	10-Sep-24 06:35:08.971	
0	0	0	1	1	0	0	12	0	0	0	19.8	28.5	0	0	22.7	10.0	10-Sep-24 06:35:09.016	
0	0	0	0	2	0	0	10	0	0	0	19.8	28.5	0	0	22.7	10.0	10-Sep-24 06:35:09.060	
0	0	0	1	1	0	0	12	0	0	0	19.8	28.5	0	0	22.7	10.0	10-Sep-24 06:35:09.103	
0	0	0	0	1	0	0	13	0	0	0	19.8	28.5	0	0	22.7	10.0	10-Sep-24 06:35:09.148	
0	0	0	1	3	0	0	12	0	0	0	19.8	28.5	0	0	22.7	10.0	10-Sep-24 06:35:09.191	
0	0	0	0	1	0	0	11	0	0	0	19.8	28.5	0	0	22.7	10.0	10-Sep-24 06:35:09.241	
0	0	0	0	1	0	0	11	0	0	0	19.8	28.5	0	0	22.7	10.0	10-Sep-24 06:35:09.288	
0	0	0	0	1	0	0	11	0	0	0	19.8	28.5	0	0	22.7	10.0	10-Sep-24 06:35:09.331	
0	0	0	0	0	0	0	14	0	0	0	19.8	28.5	0	0	22.7	10.0	10-Sep-24 06:35:09.375	
0	0	0	0	2	0	0	19	0	0	0	19.8	28.5	0	0	22.7	10.0	10-Sep-24 06:35:09.420	
0	0	0	0	2	0	0	15	0	0	0	19.8	28.5	0	0	22.7	10.0	10-Sep-24 06:35:09.463	
0	0	0	1	2	0	0	14	0	0	0	19.8	28.5	0	0	22.7	10.0	10-Sep-24 06:35:09.508	
0	0	0	1	2	0	0	12	0	0	0	19.8	28.5	0	0	22.7	10.0	10-Sep-24 06:35:09.544	
0	0	0	0	3	0	0	13	0	0	0	19.8	28.5	0	0	22.7	10.0	10-Sep-24 06:35:09.645	
0	0	0	1	2	0	0	13	0	0	0	19.8	28.5	0	0	22.7	10.0	10-Sep-24 06:35:09.691	
0	0	0	0	1	0	0	17	0	0	0	19.8	28.5	0	0	22.7	10.0	10-Sep-24 06:35:09.735	
0	0	0	1	1	0	0	16	0	0	0	19.8	28.5	0	0	22.7	10.0	10-Sep-24 06:35:09.786	
0	0	0	1	2	0	0	20	0	0	0	19.8	28.5	0	0	22.7	10.0	10-Sep-24 06:35:09.832	
0	0	0	0	1	0	0	22	0	0	0	19.8	28.5	0	0	22.7	10.0	10-Sep-24 06:35:09.875	
0	0	0	0	1	0	0	19	0	0	0	19.8	28.5	0	0	22.7	10.0	10-Sep-24 06:35:09.919	
0	0	0	0	2	0	0	10	0	0	0	19.8	28.5	0	0	22.7	10.0	10-Sep-24 06:35:09.963	
0	0	0	0	0	0	0	14	0	0	0	19.8	28.5	0	0	22.7	10.0	10-Sep-24 06:35:10.007	
0	0	0	0	1	0	0	17	0	0	0	19.8	28.5	0	0	22.7	10.0	10-Sep-24 06:35:10.052	
0	0	0	1	1	0	0	15	0	0	0	19.8	28.5	0	0	22.7	10.0	10-Sep-24 06:35:10.095	
0	0	0	0	2	0	0	8	0	0	0	19.8	28.5	0	0	22.7	10.0	10-Sep-24 06:35:10.140	
0	0	0	0	1	0	0	18	0	0	0	19.8	28.5	0	0	22.7	10.0	10-Sep-24 06:35:10.183	
0	0	0	0	2	0	0	10	0	0	0	19.8	28.5	0	0	22.7	10.0	10-Sep-24 06:35:10.227	
0	0	0	0	3	0	0	23	0	0	0	19.8	28.5	0	0	22.7	10.0	10-Sep-24 06:35:10.279	
0	0	0	1	2	0	0	21	0	0	0	19.8	28.5	0	0	22.7	10.0	10-Sep-24 06:35:10.323	
0	0	0	0	1	0	0	12	0	0	0	19.8	28.5	0	0	22.7	10.0	10-Sep-24 06:35:10.367	
0	0	0	1	2	0	0	9	0	0	0	19.8	28.5	0	0	22.7	10.0	10-Sep-24 06:35:10.411	
0	0	0	0	2	0	0	14	0	0	0	19.8	28.5	0	0	22.7	10.0	10-Sep-24 06:35:10.455	
0	0	0	0	2	0	0	15	0	0	0	19.8	28.5	0	0	22.7	10.0	10-Sep-24 06:35:10.500	
0	0	0	0	2	0	0	16	0	0	0	19.8	28.5	0	0	22.7	10.0	10-Sep-24 06:35:10.543	
0	0	0	0	1	0	0	14	0	0	0	19.8	28.5	0	0	22.7	10.0	10-Sep-24 06:35:10.587	
0	0	0	0	1	0	0	15	0	0	0	19.8	28.5	0	0	22.7	10.0	10-Sep-24 06:35:10.631	
0	0	0	2	2	0	0	12	0	0	0	19.8	28.5	0	0	22.7	10.0	10-Sep-24 06:35:10.726	
0	0	0	1	1	0	0	18	0	0	0	19.8	28.5	0	0	22.7	10.0	10-Sep-24 06:35:10.779	
0	0	0	0	0	0	0	12	0	0	0	19.8	28.5	0	0	22.7	10.0	10-Sep-24 06:35:10.823	
0	0	0	0	1	0	0	14	0	0	0	19.8	28.5	0	0	22.7	10.0	10-Sep-24 06:35:10.868	
0	0	0	1	1	0	0	18	0	0	0	19.8	28.5	0	0	22.7	10.0	10-Sep-24 06:35:10.911	
0	0	0	1	0	0	0	11	0	0	0	19.8	28.5	0	0	22.7	10.0	10-Sep-24 06:35:10.955	
0	0	0	0	0	0	0	8	0	0	0	19.8	28.5	0	0	22.7	10.0	10-Sep-24 06:35:11.000	
0	0	0	0	4	0	0	17	0	0	0	19.8	28.5	0	0	22.7	10.0	10-Sep-24 06:35:11.044	
0	0	0	1	2	0	0	10	0	0	0	19.8	28.5	0	0	22.7	10.0	10-Sep-24 06:35:11.088	
0	0	0	1	3	0	0	16	0	0	0	19.8	28.5	0	0	22.7	10.0	10-Sep-24 06:35:11.131	
0	0	0	1	3	0	0	15	0	0	0	19.8	28.5	0	0	22.7	10.0	10-Sep-24 06:35:11.176	
0	0	0	0	1	0	0	17	0	0	0	19.8	28.5	0	0	22.7	10.0	10-Sep-24 06:35:11.219	
0	0	0	0	1	0	0	16	0	0	0	19.8	28.5	0	0	22.7	10.0	10-Sep-24 06:35:11.269	
0	0	0	1	1	0	0	13	0	0	0	19.8	28.5	0	0	22.7	10.0	10-Sep-24 06:35:11.316	
0	0	0	0	1	0	0	16	0	0	0	19.8	28.5	0	0	22.7	10.0	10-Sep-24 06:35:11.359	
0	0	0	0	4	0	0	14	0	0	0	19.8	28.5	0	0	22.7	10.0	10-Sep-24 06:35:11.403	
0	0	0	0	2	0	0	11	0	0	0	19.8	28.5	0	0	22.7	10.0	10-Sep-24 06:35:11.450	
0	0	0	1	1	0	0	17	0	0	0	19.8	28.5	0	0	22.7	10.0	10-Sep-24 06:35:11.497	
0	0	0	0	1	0	0	19	0	0	0	19.8	28.5	0	0	22.7	10.0	10-Sep-24 06:35:11.539	
0	0	0	0	1	0	0	22	0	0	0	19.8	28.5	0	0	22.7	10.0	10-Sep-24 06:35:11.584	
0	0	0	2	2	0	0	15	0	0	0	19.8	28.5	0	0	22.7	10.0	10-Sep-24 06:35:11.627	
0	0	0	1	2	0	0	13	0	0	0	19.8	28.5	0	0	22.7	10.0	10-Sep-24 06:35:11.672	
0	0	0	0	2	0	0	13	0	0	0	19.8	28.5	0	0	22.7	10.0	10-Sep-24 06:35:11.715	
0	0	0	0	3	0	0	7	0	0	0	19.8	28.5	0	0	22.7	10.0	10-Sep-24 06:35:11.816	
0	0	0	0	1	0	0	10	0	0	0	19.8	28.5	0	0	22.7	10.0	10-Sep-24 06:35:11.864	
0	0	0	1	2	0	0	19	0	0	0	19.8	28.5	0	0	22.7	10.0	10-Sep-24 06:35:11.908	
0	0	0	2	1	0	0	16	0	0	0	19.8	28.5	0	0	22.7	10.0	10-Sep-24 06:35:11.951	
0	0	0	1	2	0	0	16	0	0	0	19.8	28.5	0	0	22.7	10.0	10-Sep-24 06:35:11.996	
0	0	0	1	2	0	0	12	0	0	0	19.8	28.5	0	0	22.7	10.0	10-Sep-24 06:35:12.039	
0	0	0	2	2	0	0	13	0	0	0	19.8	28.5	0	0	22.7	10.0	10-Sep-24 06:35:12.084	
0	0	0	1	1	0	0	15	0	0	0	19.8	28.5	0	0	22.7	10.0	10-Sep-24 06:35:12.127	
0	0	0	0	1	0	0	17	0	0	0	19.8	28.5	0	0	22.7	10.0	10-Sep-24 06:35:12.171	
0	0	0	0	1	0	0	15	0	0	0	19.8	28.5	0	0	22.7	10.0	10-Sep-24 06:35:12.216	
0	0	0	1	1	0	0	14	0	0	0	19.8	28.5	0	0	22.7	10.0	10-Sep-24 06:35:12.259	
0	0	0	1	1	0	0	13	0	0	0	19.8	28.5	0	0	22.7	10.0	10-Sep-24 06:35:12.311	
0	0	0	0	3	0	0	10	0	0	0	19.8	28.5	0	0	22.7	10.0	10-Sep-24 06:35:12.356	
0	0	0	2	2	0	0	10	0	0	0	19.8	28.5	0	0	22.7	10.0	10-Sep-24 06:35:12.399	
0	0	0	0	1	0	0	14	0	0	0	19.8	28.5	0	0	22.7	10.0	10-Sep-24 06:35:12.443	
0	0	0	0	1	0	0	14	0	0	0	19.8	28.5	0	0	22.7	10.0	10-Sep-24 06:35:12.488	
0	0	0	1	1	0	0	16	0	0	0	19.8	28.5	0	0	22.7	10.0	10-Sep-24 06:35:12.530	
0	0	0	0	3	0	0	16	0	0	0	19.8	28.5	0	0	22.7	10.0	10-Sep-24 06:35:12.566	
0	0	0	0	2	0	0	14	0	0	0	19.8	28.5	0	0	22.7	10.0	10-Sep-24 06:35:12.611	
0	0	0	0	1	0	0	11	0	0	0	19.8	28.5	0	0	22.7	10.0	10-Sep-24 06:35:12.655	
0	0	0	0	2	0	0	15	0	0	0	19.8	28.5	0	0	22.7	10.0	10-Sep-24 06:35:12.700	
0	0	0	1	1	0	0	11	0	0	0	19.8	28.5	0	0	22.7	10.0	10-Sep-24 06:35:12.744	
0	0	0	0	1	0	0	18	0	0	0	19.8	28.5	0	0	22.7	10.0	10-Sep-24 06:35:12.787	
0	0	0	0	0	0	0	17	0	0	0	19.8	28.5	0	0	22.7	10.0	10-Sep-24 06:35:12.930	
0	0	0	1	1	0	0	11	0	0	0	19.8	28.5	0	0	22.7	10.0	10-Sep-24 06:35:13.013	
0	0	0	2	2	0	0	13	0	0	0	19.8	28.5	0	0	22.7	10.0	10-Sep-24 06:35:13.089	
0	0	0	2	1	0	0	8	0	0	0	19.8	28.5	0	0	22.7	10.0	10-Sep-24 06:35:13.127	
0	0	0	0	3	0	0	16	0	0	0	19.8	28.5	0	0	22.7	10.0	10-Sep-24 06:35:13.172	
0	0	0	1	4	0	0	12	0	0	0	19.8	28.5	0	0	22.7	10.0	10-Sep-24 06:35:13.215	
0	0	0	1	1	0	0	22	0	0	0	19.8	28.5	0	0	22.7	10.0	10-Sep-24 06:35:13.258	
0	0	0	1	1	0	0	13	0	0	0	19.8	28.5	0	0	22.7	10.0	10-Sep-24 06:35:13.304	
0	0	0	0	1	0	0	13	0	0	0	19.8	28.5	0	0	22.7	10.0	10-Sep-24 06:35:13.354	
0	0	0	0	2	0	0	14	0	0	0	19.8	28.5	0	0	22.7	10.0	10-Sep-24 06:35:13.400	
0	0	0	1	1	0	0	6	0	0	0	19.8	28.5	0	0	22.7	10.0	10-Sep-24 06:35:13.443	
0	0	0	0	1	0	0	9	0	0	0	19.8	28.5	0	0	22.7	10.0	10-Sep-24 06:35:13.488	
0	0	0	0	1	0	0	15	0	0	0	19.8	28.5	0	0	22.7	10.0	10-Sep-24 06:35:13.531	
0	0	0	0	3	0	0	12	0	0	0	19.8	28.5	0	0	22.7	10.0	10-Sep-24 06:35:13.575	
0	0	0	0	2	0	0	13	0	0	0	19.8	28.5	0	0	22.7	10.0	10-Sep-24 06:35:13.619	
0	0	0	0	3	0	0	13	0	0	0	19.8	28.5	0	0	22.7	10.0	10-Sep-24 06:35:13.664	
0	0	0	1	1	0	0	20	0	0	0	19.8	28.5	0	0	22.7	10.0	10-Sep-24 06:35:13.708	
0	0	0	0	2	0	0	9	0	0	0	19.8	28.5	0	0	22.7	10.0	10-Sep-24 06:35:13.751	
0	0	0	1	1	0	0	17	0	0	0	19.8	28.5	0	0	22.7	10.0	10-Sep-24 06:35:13.795	
0	0	0	1	3	0	0	13	0	0	0	19.8	28.5	0	0	22.7	10.0	10-Sep-24 06:35:13.847	
0	0	0	0	1	0	0	12	0	0	0	19.8	28.5	0	0	22.7	10.0	10-Sep-24 06:35:13.891	
0	0	0	1	1	0	0	14	0	0	0	19.8	28.5	0	0	22.7	10.0	10-Sep-24 06:35:13.994	
0	0	0	2	1	0	0	16	0	0	0	19.8	28.5	0	0	22.7	10.0	10-Sep-24 06:35:14.039	
0	0	0	1	1	0	0	15	0	0	0	19.8	28.5	0	0	22.7	10.0	10-Sep-24 06:35:14.084	
0	0	0	0	2	0	0	6	0	0	0	19.8	28.5	0	0	22.7	10.0	10-Sep-24 06:35:14.128	
0	0	0	0	1	0	0	15	0	0	0	19.8	28.5	0	0	22.7	10.0	10-Sep-24 06:35:14.171	
0	0	0	0	1	0	0	12	0	0	0	19.8	28.5	0	0	22.7	10.0	10-Sep-24 06:35:14.216	
0	0	0	2	2	0	0	10	0	0	0	19.8	28.5	0	0	22.7	10.0	10-Sep-24 06:35:14.260	
0	0	0	1	1	0	0	16	0	0	0	19.8	28.5	0	0	22.7	10.0	10-Sep-24 06:35:14.303	
0	0	0	0	1	0	0	13	0	0	0	19.8	28.5	0	0	22.7	10.0	10-Sep-24 06:35:14.355	
0	0	0	1	1	0	0	16	0	0	0	19.8	28.5	0	0	22.7	10.0	10-Sep-24 06:35:14.399	
0	0	0	1	1	0	0	21	0	0	0	19.8	28.5	0	0	22.7	10.0	10-Sep-24 06:35:14.444	
0	0	0	1	2	0	0	16	0	0	0	19.8	28.5	0	0	22.7	10.0	10-Sep-24 06:35:14.487	
0	0	0	1	2	0	0	20	0	0	0	19.8	28.5	0	0	22.7	10.0	10-Sep-24 06:35:14.532	
0	0	0	0	1	0	0	12	0	0	0	19.8	28.5	0	0	22.7	10.0	10-Sep-24 06:35:14.576	
0	0	0	0	2	0	0	15	0	0	0	19.8	28.5	0	0	22.7	10.0	10-Sep-24 06:35:14.619	
0	0	0	1	2	0	0	15	0	0	0	19.8	28.5	0	0	22.7	10.0	10-Sep-24 06:35:14.663	
0	0	0	2	1	0	0	18	0	0	0	19.8	28.5	0	0	22.7	10.0	10-Sep-24 06:35:14.708	
0	0	0	0	2	0	0	12	0	0	0	19.8	28.5	0	0	22.7	10.0	10-Sep-24 06:35:14.744	
0	0	0	0	2	0	0	18	0	0	0	19.8	28.5	0	0	22.7	10.0	10-Sep-24 06:35:14.788	
0	0	0	0	1	0	0	11	0	0	0	19.8	28.5	0	0	22.7	10.0	10-Sep-24 06:35:14.831	
0	0	0	1	1	0	0	9	0	0	0	19.8	28.5	0	0	22.7	10.0	10-Sep-24 06:35:14.883	
0	0	0	1	2	0	0	12	0	0	0	19.8	28.5	0	0	22.7	10.0	10-Sep-24 06:35:14.927	
0	0	0	0	2	0	0	15	0	0	0	19.8	28.5	0	0	22.7	10.0	10-Sep-24 06:35:14.971	
0	0	0	0	2	0	0	10	0	0	0	19.8	28.5	0	0	22.7	10.0	10-Sep-24 06:35:15.073	
0	0	0	1	1	0	0	17	0	0	0	19.8	28.5	0	0	22.7	10.0	10-Sep-24 06:35:15.119	
0	0	0	0	1	0	0	15	0	0	0	19.8	28.5	0	0	22.7	10.0	10-Sep-24 06:35:15.164	
0	0	0	0	1	0	0	16	0	0	0	19.8	28.5	0	0	22.7	10.0	10-Sep-24 06:35:15.208	
0	0	0	0	3	0	0	8	0	0	0	19.8	28.5	0	0	22.7	10.0	10-Sep-24 06:35:15.251	
0	0	0	1	1	0	0	17	0	0	0	19.8	28.5	0	0	22.7	10.0	10-Sep-24 06:35:15.296	
0	0	0	0	1	0	0	17	0	0	0	19.8	28.5	0	0	22.7	10.0	10-Sep-24 06:35:15.339	
0	0	0	1	2	0	0	17	0	0	0	19.8	28.5	0	0	22.7	10.0	10-Sep-24 06:35:15.390	
0	0	0	0	1	0	0	10	0	0	0	19.8	28.5	0	0	22.7	10.0	10-Sep-24 06:35:15.436	
0	0	0	0	1	0	0	11	0	0	0	19.8	28.5	0	0	22.7	10.0	10-Sep-24 06:35:15.479	
0	0	0	0	2	0	0	18	0	0	0	19.8	28.5	0	0	22.7	10.0	10-Sep-24 06:35:15.524	
0	0	0	0	1	0	0	12	0	0	0	19.8	28.5	0	0	22.7	10.0	10-Sep-24 06:35:15.568	
0	0	0	0	3	0	0	19	0	0	0	19.8	28.5	0	0	22.7	10.0	10-Sep-24 06:35:15.611	
0	0	0	1	1	0	0	10	0	0	0	19.8	28.5	0	0	22.7	10.0	10-Sep-24 06:35:15.656	
0	0	0	1	2	0	0	15	0	0	0	19.8	28.5	0	0	22.7	10.0	10-Sep-24 06:35:15.699	
0	0	0	1	2	0	0	13	0	0	0	19.8	28.5	0	0	22.7	10.0	10-Sep-24 06:35:15.743	
0	0	0	1	1	0	0	9	0	0	0	19.8	28.5	0	0	22.7	10.0	10-Sep-24 06:35:15.787	
0	0	0	0	1	0	0	15	0	0	0	19.8	28.5	0	0	22.7	10.0	10-Sep-24 06:35:15.831	
0	0	0	0	2	0	0	9	0	0	0	19.8	28.5	0	0	22.7	10.0	10-Sep-24 06:35:15.884	
0	0	0	0	1	0	0	12	0	0	0	19.8	28.5	0	0	22.7	10.0	10-Sep-24 06:35:15.928	
0	0	0	1	1	0	0	12	0	0	0	19.8	28.5	0	0	22.7	10.0	10-Sep-24 06:35:15.972	
0	0	0	0	1	0	0	9	0	0	0	19.8	28.5	0	0	22.7	10.0	10-Sep-24 06:35:16.015	
0	0	0	1	3	0	0	11	0	0	0	19.8	28.5	0	0	22.7	10.0	10-Sep-24 06:35:16.060	
0	0	0	1	3	0	0	13	0	0	0	19.8	28.5	0	0	22.7	10.0	10-Sep-24 06:35:16.163	
0	0	0	1	2	0	0	14	0	0	0	19.8	28.5	0	0	22.7	10.0	10-Sep-24 06:35:16.208	
0	0	0	0	1	0	0	14	0	0	0	19.8	28.5	0	0	22.7	10.0	10-Sep-24 06:35:16.251	
0	0	0	1	2	0	0	17	0	0	0	19.8	28.5	0	0	22.7	10.0	10-Sep-24 06:35:16.296	
0	0	0	1	1	0	0	16	0	0	0	19.8	28.5	0	0	22.7	10.0	10-Sep-24 06:35:16.339	
0	0	0	1	1	0	0	19	0	0	0	19.8	28.5	0	0	22.7	10.0	10-Sep-24 06:35:16.391	
0	0	0	0	1	0	0	15	0	0	0	19.8	28.5	0	0	22.7	10.0	10-Sep-24 06:35:16.436	
0	0	0	1	0	0	0	13	0	0	0	19.8	28.5	0	0	22.7	10.0	10-Sep-24 06:35:16.479	
0	0	0	0	1	0	0	19	0	0	0	19.8	28.5	0	0	22.7	10.0	10-Sep-24 06:35:16.523	
0	0	0	1	3	0	0	17	0	0	0	19.8	28.5	0	0	22.7	10.0	10-Sep-24 06:35:16.568	
0	0	0	0	1	0	0	14	0	0	0	19.8	28.5	0	0	22.7	10.0	10-Sep-24 06:35:16.612	
0	0	0	1	2	0	0	17	0	0	0	19.8	28.5	0	0	22.7	10.0	10-Sep-24 06:35:16.655	
0	0	0	1	1	0	0	14	0	0	0	19.8	28.5	0	0	22.7	10.0	10-Sep-24 06:35:16.691	
0	0	0	0	1	0	0	16	0	0	0	19.8	28.5	0	0	22.7	10.0	10-Sep-24 06:35:16.736	
0	0	0	0	1	0	0	15	0	0	0	19.8	28.5	0	0	22.7	10.0	10-Sep-24 06:35:16.779	
0	0	0	0	1	0	0	15	0	0	0	19.8	28.5	0	0	22.7	10.0	10-Sep-24 06:35:16.824	
0	0	0	1	1	0	0	17	0	0	0	19.8	28.5	0	0	22.7	10.0	10-Sep-24 06:35:16.867	
0	0	0	0	1	0	0	9	0	0	0	19.8	28.5	0	0	22.7	10.0	10-Sep-24 06:35:16.919	
0	0	0	0	0	0	0	15	0	0	0	19.8	28.5	0	0	22.7	10.0	10-Sep-24 06:35:16.964	
0	0	0	2	1	0	0	16	0	0	0	19.8	28.5	0	0	22.7	10.0	10-Sep-24 06:35:17.007	
0	0	0	0	1	0	0	12	0	0	0	19.8	28.5	0	0	22.7	10.0	10-Sep-24 06:35:17.052	
0	0	0	0	1	0	0	17	0	0	0	19.8	28.5	0	0	22.7	10.0	10-Sep-24 06:35:17.096	
0	0	0	0	2	0	0	8	0	0	0	19.8	28.5	0	0	22.7	10.0	10-Sep-24 06:35:17.140	
0	0	0	0	0	0	0	15	0	0	0	19.8	28.5	0	0	22.7	10.0	10-Sep-24 06:35:17.243	
0	0	0	1	3	0	0	17	0	0	0	19.8	28.5	0	0	22.7	10.0	10-Sep-24 06:35:17.287	
0	0	0	1	1	0	0	11	0	0	0	19.8	28.5	0	0	22.7	10.0	10-Sep-24 06:35:17.332	
0	0	0	1	1	0	0	22	0	0	0	19.8	28.5	0	0	22.7	10.0	10-Sep-24 06:35:17.375	
0	0	0	1	3	0	0	14	0	0	0	19.8	28.5	0	0	22.7	10.0	10-Sep-24 06:35:17.425	
0	0	0	1	1	0	0	13	0	0	0	19.8	28.5	0	0	22.7	10.0	10-Sep-24 06:35:17.471	
0	0	0	1	3	0	0	10	0	0	0	19.8	28.5	0	0	22.7	10.0	10-Sep-24 06:35:17.516	
0	0	0	0	1	0	0	12	0	0	0	19.8	28.5	0	0	22.7	10.0	10-Sep-24 06:35:17.559	
0	0	0	0	1	0	0	11	0	0	0	19.8	28.5	0	0	22.7	10.0	10-Sep-24 06:35:17.604	
0	0	0	1	2	0	0	15	0	0	0	19.8	28.5	0	0	22.7	10.0	10-Sep-24 06:35:17.648	
0	0	0	1	1	0	0	18	0	0	0	19.8	28.5	0	0	22.7	10.0	10-Sep-24 06:35:17.691	
0	0	0	0	1	0	0	14	0	0	0	19.8	28.5	0	0	22.7	10.0	10-Sep-24 06:35:17.735	
0	0	0	0	2	0	0	7	0	0	0	19.8	28.5	0	0	22.7	10.0	10-Sep-24 06:35:17.779	
0	0	0	0	1	0	0	11	0	0	0	19.8	28.5	0	0	22.7	10.0	10-Sep-24 06:35:17.824	
0	0	0	0	2	0	0	11	0	0	0	19.8	28.5	0	0	22.7	10.0	10-Sep-24 06:35:17.867	
0	0	0	1	1	0	0	13	0	0	0	19.8	28.5	0	0	22.7	10.0	10-Sep-24 06:35:17.911	
0	0	0	0	1	0	0	12	0	0	0	19.8	28.5	0	0	22.7	10.0	10-Sep-24 06:35:17.963	
0	0	0	1	4	0	0	13	0	0	0	19.8	28.5	0	0	22.7	10.0	10-Sep-24 06:35:18.007	
0	0	0	0	1	0	0	14	0	0	0	19.8	28.5	0	0	22.7	10.0	10-Sep-24 06:35:18.052	
0	0	0	1	2	0	0	18	0	0	0	19.8	28.5	0	0	22.7	10.0	10-Sep-24 06:35:18.095	
0	0	0	0	2	0	0	21	0	0	0	19.8	28.5	0	0	22.7	10.0	10-Sep-24 06:35:18.169	
0	0	0	0	2	0	0	8	0	0	0	19.8	28.5	0	0	22.7	10.0	10-Sep-24 06:35:18.319	
0	0	0	1	2	0	0	23	0	0	0	19.8	28.5	0	0	22.7	10.0	10-Sep-24 06:35:18.364	
0	0	0	1	3	0	0	20	0	0	0	19.8	28.5	0	0	22.7	10.0	10-Sep-24 06:35:18.407	
0	0	0	1	1	0	0	16	0	0	0	19.8	28.5	0	0	22.7	10.0	10-Sep-24 06:35:18.479	
0	0	0	1	1	0	0	13	0	0	0	19.8	28.5	0	0	22.7	10.0	10-Sep-24 06:35:18.542	
0	0	0	1	1	0	0	13	0	0	0	19.8	28.5	0	0	22.7	10.0	10-Sep-24 06:35:18.606	
0	0	0	0	2	0	0	16	0	0	0	19.8	28.5	0	0	22.7	10.0	10-Sep-24 06:35:18.660	
0	0	0	0	2	0	0	18	0	0	0	19.8	28.5	0	0	22.7	10.0	10-Sep-24 06:35:18.714	
0	0	0	1	0	0	0	14	0	0	0	19.8	28.5	0	0	22.7	10.0	10-Sep-24 06:35:18.759	
0	0	0	0	1	0	0	15	0	0	0	19.8	28.5	0	0	22.7	10.0	10-Sep-24 06:35:18.803	
0	0	0	0	2	0	0	14	0	0	0	19.8	28.5	0	0	22.7	10.0	10-Sep-24 06:35:18.847	
0	0	0	0	1	0	0	16	0	0	0	19.8	28.5	0	0	22.7	10.0	10-Sep-24 06:35:18.892	
0	0	0	2	2	0	0	18	0	0	0	19.8	28.5	0	0	22.7	10.0	10-Sep-24 06:35:18.943	
0	0	0	0	2	0	0	13	0	0	0	19.8	28.5	0	0	22.7	10.0	10-Sep-24 06:35:18.988	
0	0	0	1	0	0	0	16	0	0	0	19.8	28.5	0	0	22.7	10.0	10-Sep-24 06:35:19.032	
0	0	0	0	1	0	0	14	0	0	0	19.8	28.5	0	0	22.7	10.0	10-Sep-24 06:35:19.076	
0	0	0	0	3	0	0	16	0	0	0	19.8	28.5	0	0	22.7	10.0	10-Sep-24 06:35:19.120	
0	0	0	0	1	0	0	16	0	0	0	19.8	28.5	0	0	22.7	10.0	10-Sep-24 06:35:19.162	
0	0	0	0	1	0	0	14	0	0	0	19.8	28.5	0	0	22.7	10.0	10-Sep-24 06:35:19.199	
0	0	0	0	4	0	0	14	0	0	0	19.8	28.5	0	0	22.7	10.0	10-Sep-24 06:35:19.243	
0	0	0	0	2	0	0	13	0	0	0	19.8	28.5	0	0	22.7	10.0	10-Sep-24 06:35:19.288	
0	0	0	0	3	0	0	16	0	0	0	19.8	28.5	0	0	22.7	10.0	10-Sep-24 06:35:19.390	
0	0	0	1	1	0	0	9	0	0	0	19.8	28.5	0	0	22.7	10.0	10-Sep-24 06:35:19.435	
0	0	0	0	1	0	0	15	0	0	0	19.8	28.5	0	0	22.7	10.0	10-Sep-24 06:35:19.486	
0	0	0	0	1	0	0	12	0	0	0	19.8	28.5	0	0	22.7	10.0	10-Sep-24 06:35:19.533	
0	0	0	0	1	0	0	25	0	0	0	19.8	28.5	0	0	22.7	10.0	10-Sep-24 06:35:19.575	
0	0	0	0	1	0	0	14	0	0	0	19.8	28.5	0	0	22.7	10.0	10-Sep-24 06:35:19.619	
0	0	0	0	2	0	0	19	0	0	0	19.8	28.5	0	0	22.7	10.0	10-Sep-24 06:35:19.663	
0	0	0	0	4	0	0	8	0	0	0	19.8	28.5	0	0	22.7	10.0	10-Sep-24 06:35:19.708	
0	0	0	1	3	0	0	16	0	0	0	19.8	28.5	0	0	22.7	10.0	10-Sep-24 06:35:19.752	
0	0	0	1	2	0	0	16	0	0	0	19.8	28.5	0	0	22.7	10.0	10-Sep-24 06:35:19.795	
0	0	0	1	1	0	0	14	0	0	0	19.8	28.5	0	0	22.7	10.0	10-Sep-24 06:35:19.840	
0	0	0	0	1	0	0	16	0	0	0	19.8	28.5	0	0	22.7	10.0	10-Sep-24 06:35:19.883	
0	0	0	1	1	0	0	13	0	0	0	19.8	28.5	0	0	22.7	10.0	10-Sep-24 06:35:19.927	
0	0	0	1	4	0	0	17	0	0	0	19.8	28.5	0	0	22.7	10.0	10-Sep-24 06:35:19.976	
0	0	0	0	2	0	0	18	0	0	0	19.8	28.5	0	0	22.7	10.0	10-Sep-24 06:35:20.023	
0	0	0	0	3	0	0	12	0	0	0	19.8	28.5	0	0	22.7	10.0	10-Sep-24 06:35:20.068	
0	0	0	0	2	0	0	18	0	0	0	19.8	28.5	0	0	22.7	10.0	10-Sep-24 06:35:20.112	
0	0	0	0	1	0	0	13	0	0	0	19.8	28.5	0	0	22.7	10.0	10-Sep-24 06:35:20.156	
0	0	0	0	2	0	0	19	0	0	0	19.8	28.5	0	0	22.7	10.0	10-Sep-24 06:35:20.200	
0	0	0	0	3	0	0	12	0	0	0	19.8	28.5	0	0	22.7	10.0	10-Sep-24 06:35:20.243	
0	0	0	1	0	0	0	10	0	0	0	19.8	28.5	0	0	22.7	10.0	10-Sep-24 06:35:20.287	
0	0	0	0	1	0	0	12	0	0	0	19.8	28.5	0	0	22.7	10.0	10-Sep-24 06:35:20.331	
0	0	0	1	1	0	0	11	0	0	0	19.8	28.5	0	0	22.7	10.0	10-Sep-24 06:35:20.376	
0	0	0	0	1	0	0	13	0	0	0	19.8	28.5	0	0	22.7	10.0	10-Sep-24 06:35:20.488	
0	0	0	1	2	0	0	11	0	0	0	19.8	28.5	0	0	22.7	10.0	10-Sep-24 06:35:20.536	
0	0	0	0	3	0	0	18	0	0	0	19.8	28.5	0	0	22.7	10.0	10-Sep-24 06:35:20.580	
0	0	0	3	1	0	0	15	0	0	0	19.8	28.5	0	0	22.7	10.0	10-Sep-24 06:35:20.623	
0	0	0	1	1	0	0	9	0	0	0	19.8	28.5	0	0	22.7	10.0	10-Sep-24 06:35:20.667	
0	0	0	0	1	0	0	10	0	0	0	19.8	28.5	0	0	22.7	10.0	10-Sep-24 06:35:20.712	
0	0	0	0	1	0	0	11	0	0	0	19.8	28.5	0	0	22.7	10.0	10-Sep-24 06:35:20.755	
0	0	0	1	2	0	0	16	0	0	0	19.8	28.5	0	0	22.7	10.0	10-Sep-24 06:35:20.800	
0	0	0	1	2	0	0	12	0	0	0	19.8	28.5	0	0	22.7	10.0	10-Sep-24 06:35:20.843	
0	0	0	0	0	0	0	15	0	0	0	19.8	28.5	0	0	22.7	10.0	10-Sep-24 06:35:20.887	
0	0	0	1	1	0	0	11	0	0	0	19.8	28.5	0	0	22.7	10.0	10-Sep-24 06:35:20.932	
0	0	0	1	1	0	0	10	0	0	0	19.8	28.5	0	0	22.7	10.0	10-Sep-24 06:35:20.977	
0	0	0	0	2	0	0	13	0	0	0	19.8	28.5	0	0	22.7	10.0	10-Sep-24 06:35:21.026	
0	0	0	1	1	0	0	15	0	0	0	19.8	28.5	0	0	22.7	10.0	10-Sep-24 06:35:21.072	
0	0	0	0	1	0	0	19	0	0	0	19.8	28.5	0	0	22.7	10.0	10-Sep-24 06:35:21.116	
0	0	0	1	2	0	0	19	0	0	0	19.8	28.5	0	0	22.7	10.0	10-Sep-24 06:35:21.159	
0	0	0	1	2	0	0	19	0	0	0	19.8	28.5	0	0	22.7	10.0	10-Sep-24 06:35:21.203	
0	0	0	1	1	0	0	16	0	0	0	19.8	28.5	0	0	22.7	10.0	10-Sep-24 06:35:21.247	
0	0	0	3	1	0	0	19	0	0	0	19.8	28.5	0	0	22.7	10.0	10-Sep-24 06:35:21.291	
0	0	0	0	3	0	0	13	0	0	0	19.8	28.5	0	0	22.7	10.0	10-Sep-24 06:35:21.336	
0	0	0	2	2	0	0	13	0	0	0	19.8	28.5	0	0	22.7	10.0	10-Sep-24 06:35:21.380	
0	0	0	0	0	0	0	7	0	0	0	19.8	28.5	0	0	22.7	10.0	10-Sep-24 06:35:21.423	
0	0	0	0	2	0	0	12	0	0	0	19.8	28.5	0	0	22.7	10.0	10-Sep-24 06:35:21.467	
0	0	0	1	1	0	0	18	0	0	0	19.8	28.5	0	0	22.7	10.0	10-Sep-24 06:35:21.574	
0	0	0	1	2	0	0	16	0	0	0	19.8	28.5	0	0	22.7	10.0	10-Sep-24 06:35:21.620	
0	0	0	1	2	0	0	17	0	0	0	19.8	28.5	0	0	22.7	10.0	10-Sep-24 06:35:21.663	
0	0	0	0	2	0	0	26	0	0	0	19.8	28.5	0	0	22.7	10.0	10-Sep-24 06:35:21.707	
0	0	0	0	2	0	0	12	0	0	0	19.8	28.5	0	0	22.7	10.0	10-Sep-24 06:35:21.752	
0	0	0	1	2	0	0	11	0	0	0	19.8	28.5	0	0	22.7	10.0	10-Sep-24 06:35:21.795	
0	0	0	0	1	0	0	16	0	0	0	19.8	28.5	0	0	22.7	10.0	10-Sep-24 06:35:21.840	
0	0	0	1	2	0	0	12	0	0	0	19.8	28.5	0	0	22.7	10.0	10-Sep-24 06:35:21.883	
0	0	0	0	1	0	0	16	0	0	0	19.8	28.5	0	0	22.7	10.0	10-Sep-24 06:35:21.928	
0	0	0	1	1	0	0	16	0	0	0	19.8	28.5	0	0	22.7	10.0	10-Sep-24 06:35:21.972	
0	0	0	0	1	0	0	17	0	0	0	19.8	28.5	0	0	22.7	10.0	10-Sep-24 06:35:22.019	
0	0	0	0	1	0	0	16	0	0	0	19.8	28.5	0	0	22.7	10.0	10-Sep-24 06:35:22.063	
0	0	0	1	2	0	0	18	0	0	0	19.8	28.5	0	0	22.7	10.0	10-Sep-24 06:35:22.107	
0	0	0	0	0	0	0	13	0	0	0	19.8	28.5	0	0	22.7	10.0	10-Sep-24 06:35:22.152	
0	0	0	1	1	0	0	13	0	0	0	19.8	28.5	0	0	22.7	10.0	10-Sep-24 06:35:22.195	
0	0	0	0	1	0	0	10	0	0	0	19.8	28.5	0	0	22.7	10.0	10-Sep-24 06:35:22.239	
0	0	0	0	1	0	0	19	0	0	0	19.8	28.5	0	0	22.7	10.0	10-Sep-24 06:35:22.283	
0	0	0	0	1	0	0	14	0	0	0	19.8	28.5	0	0	22.7	10.0	10-Sep-24 06:35:22.327	
0	0	0	0	0	0	0	11	0	0	0	19.8	28.5	0	0	22.7	10.0	10-Sep-24 06:35:22.371	
0	0	0	0	1	0	0	12	0	0	0	19.8	28.5	0	0	22.7	10.0	10-Sep-24 06:35:22.416	
0	0	0	0	1	0	0	16	0	0	0	19.8	28.5	0	0	22.7	10.0	10-Sep-24 06:35:22.460	
0	0	0	1	1	0	0	19	0	0	0	19.8	28.5	0	0	22.7	10.0	10-Sep-24 06:35:22.503	
0	0	0	1	1	0	0	14	0	0	0	19.8	28.5	0	0	22.7	10.0	10-Sep-24 06:35:22.557	
0	0	0	1	1	0	0	13	0	0	0	19.8	28.5	0	0	22.7	10.0	10-Sep-24 06:35:22.648	
0	0	0	2	1	0	0	14	0	0	0	19.8	28.5	0	0	22.7	10.0	10-Sep-24 06:35:22.696	
0	0	0	0	1	0	0	12	0	0	0	19.8	28.5	0	0	22.7	10.0	10-Sep-24 06:35:22.739	
0	0	0	1	2	0	0	13	0	0	0	19.8	28.5	0	0	22.7	10.0	10-Sep-24 06:35:22.784	
0	0	0	0	3	0	0	14	0	0	0	19.8	28.5	0	0	22.7	10.0	10-Sep-24 06:35:22.827	
0	0	0	0	1	0	0	19	0	0	0	19.8	28.5	0	0	22.7	10.0	10-Sep-24 06:35:22.872	
0	0	0	1	1	0	0	19	0	0	0	19.8	28.5	0	0	22.7	10.0	10-Sep-24 06:35:22.915	
0	0	0	0	3	0	0	19	0	0	0	19.8	28.5	0	0	22.7	10.0	10-Sep-24 06:35:22.952	
0	0	0	0	1	0	0	19	0	0	0	19.8	28.5	0	0	22.7	10.0	10-Sep-24 06:35:22.996	
0	0	0	0	0	0	0	18	0	0	0	19.8	28.5	0	0	22.7	10.0	10-Sep-24 06:35:23.047	
0	0	0	1	1	0	0	15	0	0	0	19.8	28.5	0	0	22.7	10.0	10-Sep-24 06:35:23.092	
0	0	0	0	1	0	0	11	0	0	0	19.8	28.5	0	0	22.7	10.0	10-Sep-24 06:35:23.136	
0	0	0	1	1	0	0	17	0	0	0	19.8	28.5	0	0	22.7	10.0	10-Sep-24 06:35:23.179	
0	0	0	0	0	0	0	16	0	0	0	19.8	28.5	0	0	22.7	10.0	10-Sep-24 06:35:23.223	
0	0	0	1	2	0	0	17	0	0	0	19.8	28.5	0	0	22.7	10.0	10-Sep-24 06:35:23.267	
0	0	0	0	0	0	0	17	0	0	0	19.8	28.5	0	0	22.7	10.0	10-Sep-24 06:35:23.347	
0	0	0	1	1	0	0	9	0	0	0	19.8	28.5	0	0	22.7	10.0	10-Sep-24 06:35:23.432	
0	0	0	0	1	0	0	13	0	0	0	19.8	28.5	0	0	22.7	10.0	10-Sep-24 06:35:23.510	
0	0	0	0	2	0	0	18	0	0	0	19.8	28.5	0	0	22.7	10.0	10-Sep-24 06:35:23.562	
0	0	0	2	1	0	0	21	0	0	0	19.8	28.5	0	0	22.7	10.0	10-Sep-24 06:35:23.609	
0	0	0	0	1	0	0	8	0	0	0	19.8	28.5	0	0	22.7	10.0	10-Sep-24 06:35:23.706	
0	0	0	1	2	0	0	12	0	0	0	19.8	28.5	0	0	22.7	10.0	10-Sep-24 06:35:23.751	
0	0	0	1	2	0	0	17	0	0	0	19.8	28.5	0	0	22.7	10.0	10-Sep-24 06:35:23.796	
0	0	0	0	2	0	0	17	0	0	0	19.8	28.5	0	0	22.7	10.0	10-Sep-24 06:35:23.839	
0	0	0	1	3	0	0	19	0	0	0	19.8	28.5	0	0	22.7	10.0	10-Sep-24 06:35:23.883	
0	0	0	1	2	0	0	11	0	0	0	19.8	28.5	0	0	22.7	10.0	10-Sep-24 06:35:23.928	
0	0	0	1	2	0	0	20	0	0	0	19.8	28.5	0	0	22.7	10.0	10-Sep-24 06:35:23.971	
0	0	0	0	1	0	0	14	0	0	0	19.8	28.5	0	0	22.7	10.0	10-Sep-24 06:35:24.016	
0	0	0	1	1	0	0	14	0	0	0	19.8	28.5	0	0	22.7	10.0	10-Sep-24 06:35:24.067	
0	0	0	0	3	0	0	17	0	0	0	19.8	28.5	0	0	22.7	10.0	10-Sep-24 06:35:24.110	
0	0	0	0	2	0	0	19	0	0	0	19.8	28.5	0	0	22.7	10.0	10-Sep-24 06:35:24.152	
0	0	0	2	3	0	0	11	0	0	0	19.8	28.5	0	0	22.7	10.0	10-Sep-24 06:35:24.195	
0	0	0	0	2	0	0	19	0	0	0	19.8	28.5	0	0	22.7	10.0	10-Sep-24 06:35:24.239	
0	0	0	0	1	0	0	14	0	0	0	19.8	28.5	0	0	22.7	10.0	10-Sep-24 06:35:24.283	
0	0	0	0	2	0	0	5	0	0	0	19.8	28.5	0	0	22.7	10.0	10-Sep-24 06:35:24.327	
0	0	0	1	1	0	0	12	0	0	0	19.8	28.5	0	0	22.7	10.0	10-Sep-24 06:35:24.371	
0	0	0	0	0	0	0	6	0	0	0	19.8	28.5	0	0	22.7	10.0	10-Sep-24 06:35:24.415	
0	0	0	1	1	0	0	17	0	0	0	19.8	28.5	0	0	22.7	10.0	10-Sep-24 06:35:24.460	
0	0	0	0	2	0	0	11	0	0	0	19.8	28.5	0	0	22.7	10.0	10-Sep-24 06:35:24.502	
0	0	0	1	1	0	0	14	0	0	0	19.8	28.5	0	0	22.7	10.0	10-Sep-24 06:35:24.549	
0	0	0	0	2	0	0	13	0	0	0	19.8	28.5	0	0	22.7	10.0	10-Sep-24 06:35:24.601	
0	0	0	1	2	0	0	12	0	0	0	19.8	28.5	0	0	22.7	10.0	10-Sep-24 06:35:24.644	
0	0	0	0	1	0	0	8	0	0	0	19.8	28.5	0	0	22.7	10.0	10-Sep-24 06:35:24.687	
0	0	0	0	1	0	0	6	0	0	0	19.8	28.5	0	0	22.7	10.0	10-Sep-24 06:35:24.790	
0	0	0	1	2	0	0	16	0	0	0	19.8	28.5	0	0	22.7	10.0	10-Sep-24 06:35:24.836	
0	0	0	0	1	0	0	15	0	0	0	19.8	28.5	0	0	22.7	10.0	10-Sep-24 06:35:24.880	
0	0	0	1	3	0	0	15	0	0	0	19.8	28.5	0	0	22.7	10.0	10-Sep-24 06:35:24.923	
0	0	0	1	2	0	0	12	0	0	0	19.8	28.5	0	0	22.7	10.0	10-Sep-24 06:35:24.967	
0	0	0	0	1	0	0	16	0	0	0	19.8	28.5	0	0	22.7	10.0	10-Sep-24 06:35:25.011	
0	0	0	1	1	0	0	9	0	0	0	19.8	28.5	0	0	22.7	10.0	10-Sep-24 06:35:25.056	
0	0	0	1	1	0	0	8	0	0	0	19.8	28.5	0	0	22.7	10.0	10-Sep-24 06:35:25.109	
0	0	0	0	1	0	0	16	0	0	0	19.8	28.5	0	0	22.7	10.0	10-Sep-24 06:35:25.152	
0	0	0	0	1	0	0	12	0	0	0	19.8	28.5	0	0	22.7	10.0	10-Sep-24 06:35:25.196	
0	0	0	0	2	0	0	14	0	0	0	19.8	28.5	0	0	22.7	10.0	10-Sep-24 06:35:25.239	
0	0	0	1	1	0	0	17	0	0	0	19.8	28.5	0	0	22.7	10.0	10-Sep-24 06:35:25.283	
0	0	0	1	2	0	0	7	0	0	0	19.8	28.5	0	0	22.7	10.0	10-Sep-24 06:35:25.327	
0	0	0	1	3	0	0	13	0	0	0	19.8	28.5	0	0	22.7	10.0	10-Sep-24 06:35:25.371	
0	0	0	2	1	0	0	19	0	0	0	19.8	28.5	0	0	22.7	10.0	10-Sep-24 06:35:25.415	
0	0	0	0	1	0	0	12	0	0	0	19.8	28.5	0	0	22.7	10.0	10-Sep-24 06:35:25.460	
0	0	0	0	1	0	0	14	0	0	0	19.8	28.5	0	0	22.7	10.0	10-Sep-24 06:35:25.504	
0	0	0	0	1	0	0	17	0	0	0	19.8	28.5	0	0	22.7	10.0	10-Sep-24 06:35:25.546	
0	0	0	1	0	0	0	23	0	0	0	19.8	28.5	0	0	22.7	10.0	10-Sep-24 06:35:25.599	
0	0	0	1	1	0	0	17	0	0	0	19.8	28.5	0	0	22.7	10.0	10-Sep-24 06:35:25.644	
0	0	0	1	1	0	0	18	0	0	0	19.8	28.5	0	0	22.7	10.0	10-Sep-24 06:35:25.687	
0	0	0	0	2	0	0	14	0	0	0	19.8	28.5	0	0	22.7	10.0	10-Sep-24 06:35:25.732	
0	0	0	1	2	0	0	14	0	0	0	19.8	28.5	0	0	22.7	10.0	10-Sep-24 06:35:25.775	
0	0	0	1	1	0	0	10	0	0	0	19.8	28.5	0	0	22.7	10.0	10-Sep-24 06:35:25.878	
0	0	0	1	1	0	0	17	0	0	0	19.8	28.5	0	0	22.7	10.0	10-Sep-24 06:35:25.924	
0	0	0	0	3	0	0	12	0	0	0	19.8	28.5	0	0	22.7	10.0	10-Sep-24 06:35:25.967	
0	0	0	0	1	0	0	17	0	0	0	19.8	28.5	0	0	22.7	10.0	10-Sep-24 06:35:26.011	
0	0	0	0	3	0	0	17	0	0	0	19.8	28.5	0	0	22.7	10.0	10-Sep-24 06:35:26.056	
0	0	0	0	2	0	0	16	0	0	0	19.8	28.5	0	0	22.7	10.0	10-Sep-24 06:35:26.107	
0	0	0	0	3	0	0	17	0	0	0	19.8	28.5	0	0	22.7	10.0	10-Sep-24 06:35:26.152	
0	0	0	0	2	0	0	16	0	0	0	19.8	28.5	0	0	22.7	10.0	10-Sep-24 06:35:26.196	
0	0	0	0	2	0	0	15	0	0	0	19.8	28.5	0	0	22.7	10.0	10-Sep-24 06:35:26.239	
0	0	0	1	4	0	0	16	0	0	0	19.8	28.5	0	0	22.7	10.0	10-Sep-24 06:35:26.283	
0	0	0	0	1	0	0	22	0	0	0	19.8	28.5	0	0	22.7	10.0	10-Sep-24 06:35:26.327	
0	0	0	2	1	0	0	12	0	0	0	19.8	28.5	0	0	22.7	10.0	10-Sep-24 06:35:26.371	
0	0	0	1	4	0	0	8	0	0	0	19.8	28.5	0	0	22.7	10.0	10-Sep-24 06:35:26.415	
0	0	0	0	1	0	0	14	0	0	0	19.8	28.5	0	0	22.7	10.0	10-Sep-24 06:35:26.460	
0	0	0	1	3	0	0	19	0	0	0	19.8	28.5	0	0	22.7	10.0	10-Sep-24 06:35:26.503	
0	0	0	1	2	0	0	15	0	0	0	19.8	28.5	0	0	22.7	10.0	10-Sep-24 06:35:26.548	
0	0	0	1	4	0	0	16	0	0	0	19.8	28.5	0	0	22.7	10.0	10-Sep-24 06:35:26.592	
0	0	0	1	3	0	0	19	0	0	0	19.8	28.5	0	0	22.7	10.0	10-Sep-24 06:35:26.643	
0	0	0	1	2	0	0	9	0	0	0	19.8	28.5	0	0	22.7	10.0	10-Sep-24 06:35:26.687	
0	0	0	0	0	0	0	8	0	0	0	19.8	28.5	0	0	22.7	10.0	10-Sep-24 06:35:26.731	
0	0	0	0	1	0	0	13	0	0	0	19.8	28.5	0	0	22.7	10.0	10-Sep-24 06:35:26.776	
0	0	0	1	2	0	0	22	0	0	0	19.8	28.5	0	0	22.7	10.0	10-Sep-24 06:35:26.819	
0	0	0	1	0	0	0	16	0	0	0	19.8	28.5	0	0	22.7	10.0	10-Sep-24 06:35:26.864	
0	0	0	0	3	0	0	18	0	0	0	19.8	28.5	0	0	22.7	10.0	10-Sep-24 06:35:26.966	
0	0	0	0	1	0	0	20	0	0	0	19.8	28.5	0	0	22.7	10.0	10-Sep-24 06:35:27.012	
0	0	0	0	2	0	0	21	0	0	0	19.8	28.5	0	0	22.7	10.0	10-Sep-24 06:35:27.055	
0	0	0	0	2	0	0	13	0	0	0	19.8	28.5	0	0	22.7	10.0	10-Sep-24 06:35:27.099	
0	0	0	1	1	0	0	14	0	0	0	19.8	28.5	0	0	22.7	10.0	10-Sep-24 06:35:27.148	
0	0	0	1	2	0	0	12	0	0	0	19.8	28.5	0	0	22.7	10.0	10-Sep-24 06:35:27.191	
0	0	0	0	1	0	0	12	0	0	0	19.8	28.5	0	0	22.7	10.0	10-Sep-24 06:35:27.235	
0	0	0	0	1	0	0	11	0	0	0	19.8	28.5	0	0	22.7	10.0	10-Sep-24 06:35:27.280	
0	0	0	2	1	0	0	16	0	0	0	19.8	28.5	0	0	22.7	10.0	10-Sep-24 06:35:27.324	
0	0	0	1	1	0	0	13	0	0	0	19.8	28.5	0	0	22.7	10.0	10-Sep-24 06:35:27.367	
0	0	0	0	3	0	0	18	0	0	0	19.8	28.5	0	0	22.7	10.0	10-Sep-24 06:35:27.412	
0	0	0	0	0	0	0	13	0	0	0	19.8	28.5	0	0	22.7	10.0	10-Sep-24 06:35:27.455	
0	0	0	0	1	0	0	12	0	0	0	19.8	28.5	0	0	22.7	10.0	10-Sep-24 06:35:27.500	
0	0	0	1	1	0	0	16	0	0	0	19.8	28.5	0	0	22.7	10.0	10-Sep-24 06:35:27.543	
0	0	0	1	2	0	0	19	0	0	0	19.8	28.5	0	0	22.7	10.0	10-Sep-24 06:35:27.580	
0	0	0	0	2	0	0	16	0	0	0	19.8	28.5	0	0	22.7	10.0	10-Sep-24 06:35:27.632	
0	0	0	1	2	0	0	12	0	0	0	19.8	28.5	0	0	22.7	10.0	10-Sep-24 06:35:27.676	
0	0	0	0	1	0	0	17	0	0	0	19.8	28.5	0	0	22.7	10.0	10-Sep-24 06:35:27.720	
0	0	0	0	2	0	0	17	0	0	0	19.8	28.5	0	0	22.7	10.0	10-Sep-24 06:35:27.763	
0	0	0	2	2	0	0	13	0	0	0	19.8	28.5	0	0	22.7	10.0	10-Sep-24 06:35:27.808	
0	0	0	1	2	0	0	18	0	0	0	19.8	28.5	0	0	22.7	10.0	10-Sep-24 06:35:27.852	
0	0	0	1	1	0	0	21	0	0	0	19.8	28.5	0	0	22.7	10.0	10-Sep-24 06:35:27.895	
0	0	0	0	1	0	0	22	0	0	0	19.8	28.5	0	0	22.7	10.0	10-Sep-24 06:35:27.940	
0	0	0	0	1	0	0	15	0	0	0	19.8	28.5	0	0	22.7	10.0	10-Sep-24 06:35:28.031	
0	0	0	0	3	0	0	14	0	0	0	19.8	28.5	0	0	22.7	10.0	10-Sep-24 06:35:28.075	
0	0	0	0	1	0	0	15	0	0	0	19.8	28.5	0	0	22.7	10.0	10-Sep-24 06:35:28.120	
0	0	0	0	1	0	0	20	0	0	0	19.8	28.5	0	0	22.7	10.0	10-Sep-24 06:35:28.172	
0	0	0	1	2	0	0	12	0	0	0	19.8	28.5	0	0	22.7	10.0	10-Sep-24 06:35:28.215	
0	0	0	1	1	0	0	16	0	0	0	19.8	28.5	0	0	22.7	10.0	10-Sep-24 06:35:28.259	
0	0	0	0	2	0	0	18	0	0	0	19.8	28.5	0	0	22.7	10.0	10-Sep-24 06:35:28.303	
0	0	0	0	2	0	0	17	0	0	0	19.8	28.5	0	0	22.7	10.0	10-Sep-24 06:35:28.347	
0	0	0	1	2	0	0	8	0	0	0	19.8	28.5	0	0	22.7	10.0	10-Sep-24 06:35:28.391	
0	0	0	2	2	0	0	14	0	0	0	19.8	28.5	0	0	22.7	10.0	10-Sep-24 06:35:28.435	
0	0	0	0	2	0	0	17	0	0	0	19.8	28.5	0	0	22.7	10.0	10-Sep-24 06:35:28.479	
0	0	0	1	2	0	0	14	0	0	0	19.8	28.5	0	0	22.7	10.0	10-Sep-24 06:35:28.554	
0	0	0	1	1	0	0	13	0	0	0	19.8	28.5	0	0	22.7	10.0	10-Sep-24 06:35:28.657	
0	0	0	1	1	0	0	18	0	0	0	19.8	28.5	0	0	22.7	10.0	10-Sep-24 06:35:28.732	
0	0	0	1	2	0	0	17	0	0	0	19.8	28.5	0	0	22.7	10.0	10-Sep-24 06:35:28.776	
0	0	0	0	1	0	0	15	0	0	0	19.8	28.5	0	0	22.7	10.0	10-Sep-24 06:35:28.820	
0	0	0	1	1	0	0	13	0	0	0	19.8	28.5	0	0	22.7	10.0	10-Sep-24 06:35:28.863	
0	0	0	0	0	0	0	16	0	0	0	19.8	28.5	0	0	22.7	10.0	10-Sep-24 06:35:28.907	
0	0	0	2	2	0	0	12	0	0	0	19.8	28.5	0	0	22.7	10.0	10-Sep-24 06:35:28.952	
0	0	0	2	2	0	0	15	0	0	0	19.8	28.5	0	0	22.7	10.0	10-Sep-24 06:35:28.995	
0	0	0	0	1	0	0	20	0	0	0	19.8	28.5	0	0	22.7	10.0	10-Sep-24 06:35:29.086	
0	0	0	0	1	0	0	19	0	0	0	19.8	28.5	0	0	22.7	10.0	10-Sep-24 06:35:29.132	
0	0	0	0	1	0	0	19	0	0	0	19.8	28.5	0	0	22.7	10.0	10-Sep-24 06:35:29.183	
0	0	0	1	1	0	0	18	0	0	0	19.8	28.5	0	0	22.7	10.0	10-Sep-24 06:35:29.228	
0	0	0	0	3	0	0	19	0	0	0	19.8	28.5	0	0	22.7	10.0	10-Sep-24 06:35:29.271	
0	0	0	0	2	0	0	12	0	0	0	19.8	28.5	0	0	22.7	10.0	10-Sep-24 06:35:29.308	
0	0	0	0	1	0	0	8	0	0	0	19.8	28.5	0	0	22.7	10.0	10-Sep-24 06:35:29.352	
0	0	0	0	3	0	0	14	0	0	0	19.8	28.5	0	0	22.7	10.0	10-Sep-24 06:35:29.395	
0	0	0	1	1	0	0	17	0	0	0	19.8	28.5	0	0	22.7	10.0	10-Sep-24 06:35:29.440	
0	0	0	1	2	0	0	12	0	0	0	19.8	28.5	0	0	22.7	10.0	10-Sep-24 06:35:29.483	
0	0	0	0	2	0	0	21	0	0	0	19.8	28.5	0	0	22.7	10.0	10-Sep-24 06:35:29.527	
0	0	0	0	0	0	0	19	0	0	0	19.8	28.5	0	0	22.7	10.0	10-Sep-24 06:35:29.573	
0	0	0	1	1	0	0	6	0	0	0	19.8	28.5	0	0	22.7	10.0	10-Sep-24 06:35:29.615	
0	0	0	0	1	0	0	17	0	0	0	19.8	28.5	0	0	22.7	10.0	10-Sep-24 06:35:29.663	
0	0	0	0	2	0	0	12	0	0	0	19.8	28.5	0	0	22.7	10.0	10-Sep-24 06:35:29.712	
0	0	0	0	1	0	0	13	0	0	0	19.8	28.5	0	0	22.7	10.0	10-Sep-24 06:35:29.755	
0	0	0	1	1	0	0	20	0	0	0	19.8	28.5	0	0	22.7	10.0	10-Sep-24 06:35:29.799	
0	0	0	0	1	0	0	18	0	0	0	19.8	28.5	0	0	22.7	10.0	10-Sep-24 06:35:29.843	
0	0	0	0	2	0	0	10	0	0	0	19.8	28.5	0	0	22.7	10.0	10-Sep-24 06:35:29.887	
0	0	0	1	2	0	0	17	0	0	0	19.8	28.5	0	0	22.7	10.0	10-Sep-24 06:35:29.931	
0	0	0	0	1	0	0	14	0	0	0	19.8	28.5	0	0	22.7	10.0	10-Sep-24 06:35:29.976	
0	0	0	0	1	0	0	24	0	0	0	19.8	28.5	0	0	22.7	10.0	10-Sep-24 06:35:30.019	
0	0	0	0	2	0	0	12	0	0	0	19.8	28.5	0	0	22.7	10.0	10-Sep-24 06:35:30.063	
0	0	0	1	0	0	0	12	0	0	0	19.8	28.5	0	0	22.7	10.0	10-Sep-24 06:35:30.167	
0	0	0	1	2	0	0	19	0	0	0	19.8	28.5	0	0	22.7	10.0	10-Sep-24 06:35:30.211	
0	0	0	0	1	0	0	11	0	0	0	19.8	28.5	0	0	22.7	10.0	10-Sep-24 06:35:30.256	
0	0	0	0	1	0	0	15	0	0	0	19.8	28.5	0	0	22.7	10.0	10-Sep-24 06:35:30.299	
0	0	0	0	0	0	0	12	0	0	0	19.8	28.5	0	0	22.7	10.0	10-Sep-24 06:35:30.343	
0	0	0	1	1	0	0	14	0	0	0	19.8	28.5	0	0	22.7	10.0	10-Sep-24 06:35:30.388	
0	0	0	0	1	0	0	18	0	0	0	19.8	28.5	0	0	22.7	10.0	10-Sep-24 06:35:30.431	
0	0	0	0	1	0	0	8	0	0	0	19.8	28.5	0	0	22.7	10.0	10-Sep-24 06:35:30.475	
0	0	0	0	1	0	0	9	0	0	0	19.8	28.5	0	0	22.7	10.0	10-Sep-24 06:35:30.519	
0	0	0	1	1	0	0	12	0	0	0	19.8	28.5	0	0	22.7	10.0	10-Sep-24 06:35:30.563	
0	0	0	1	3	0	0	15	0	0	0	19.8	28.5	0	0	22.7	10.0	10-Sep-24 06:35:30.608	
0	0	0	1	2	0	0	20	0	0	0	19.8	28.5	0	0	22.7	10.0	10-Sep-24 06:35:30.652	
0	0	0	1	2	0	0	16	0	0	0	19.8	28.5	0	0	22.7	10.0	10-Sep-24 06:35:30.702	
0	0	0	0	1	0	0	19	0	0	0	19.8	28.5	0	0	22.7	10.0	10-Sep-24 06:35:30.748	
0	0	0	0	2	0	0	17	0	0	0	19.8	28.5	0	0	22.7	10.0	10-Sep-24 06:35:30.792	
0	0	0	1	2	0	0	10	0	0	0	19.8	28.5	0	0	22.7	10.0	10-Sep-24 06:35:30.835	
0	0	0	0	1	0	0	17	0	0	0	19.8	28.5	0	0	22.7	10.0	10-Sep-24 06:35:30.879	
0	0	0	0	3	0	0	16	0	0	0	19.8	28.5	0	0	22.7	10.0	10-Sep-24 06:35:30.924	
0	0	0	0	2	0	0	16	0	0	0	19.8	28.5	0	0	22.7	10.0	10-Sep-24 06:35:30.967	
0	0	0	1	1	0	0	17	0	0	0	19.8	28.5	0	0	22.7	10.0	10-Sep-24 06:35:31.011	
0	0	0	1	0	0	0	16	0	0	0	19.8	28.5	0	0	22.7	10.0	10-Sep-24 06:35:31.055	
0	0	0	2	1	0	0	13	0	0	0	19.8	28.5	0	0	22.7	10.0	10-Sep-24 06:35:31.099	
0	0	0	1	1	0	0	15	0	0	0	19.8	28.5	0	0	22.7	10.0	10-Sep-24 06:35:31.143	
0	0	0	1	2	0	0	12	0	0	0	19.8	28.5	0	0	22.7	10.0	10-Sep-24 06:35:31.243	
0	0	0	2	2	0	0	19	0	0	0	19.8	28.5	0	0	22.7	10.0	10-Sep-24 06:35:31.287	
0	0	0	1	2	0	0	13	0	0	0	19.8	28.5	0	0	22.7	10.0	10-Sep-24 06:35:31.331	
0	0	0	0	1	0	0	13	0	0	0	19.8	28.5	0	0	22.7	10.0	10-Sep-24 06:35:31.375	
0	0	0	0	2	0	0	23	0	0	0	19.8	28.5	0	0	22.7	10.0	10-Sep-24 06:35:31.419	
0	0	0	1	1	0	0	13	0	0	0	19.8	28.5	0	0	22.7	10.0	10-Sep-24 06:35:31.463	
0	0	0	0	1	0	0	20	0	0	0	19.8	28.5	0	0	22.7	10.0	10-Sep-24 06:35:31.507	
0	0	0	1	1	0	0	15	0	0	0	19.8	28.5	0	0	22.7	10.0	10-Sep-24 06:35:31.545	
0	0	0	1	2	0	0	16	0	0	0	19.8	28.5	0	0	22.7	10.0	10-Sep-24 06:35:31.588	
0	0	0	0	2	0	0	16	0	0	0	19.8	28.5	0	0	22.7	10.0	10-Sep-24 06:35:31.631	
0	0	0	0	3	0	0	13	0	0	0	19.8	28.5	0	0	22.7	10.0	10-Sep-24 06:35:31.668	
0	0	0	0	0	0	0	18	0	0	0	19.8	28.5	0	0	22.7	10.0	10-Sep-24 06:35:31.719	
0	0	0	0	2	0	0	16	0	0	0	19.8	28.5	0	0	22.7	10.0	10-Sep-24 06:35:31.763	
0	0	0	1	3	0	0	14	0	0	0	19.8	28.5	0	0	22.7	10.0	10-Sep-24 06:35:31.808	
0	0	0	0	1	0	0	13	0	0	0	19.8	28.5	0	0	22.7	10.0	10-Sep-24 06:35:31.851	
0	0	0	1	1	0	0	12	0	0	0	19.8	28.5	0	0	22.7	10.0	10-Sep-24 06:35:31.895	
0	0	0	1	2	0	0	19	0	0	0	19.8	28.5	0	0	22.7	10.0	10-Sep-24 06:35:31.939	
0	0	0	1	1	0	0	13	0	0	0	19.8	28.5	0	0	22.7	10.0	10-Sep-24 06:35:31.983	
0	0	0	1	2	0	0	22	0	0	0	19.8	28.5	0	0	22.7	10.0	10-Sep-24 06:35:32.028	
0	0	0	1	2	0	0	25	0	0	0	19.8	28.5	0	0	22.7	10.0	10-Sep-24 06:35:32.064	
0	0	0	1	3	0	0	19	0	0	0	19.8	28.5	0	0	22.7	10.0	10-Sep-24 06:35:32.107	
0	0	0	0	1	0	0	9	0	0	0	19.8	28.5	0	0	22.7	10.0	10-Sep-24 06:35:32.151	
0	0	0	0	1	0	0	13	0	0	0	19.8	28.5	0	0	22.7	10.0	10-Sep-24 06:35:32.196	
0	0	0	0	1	0	0	19	0	0	0	19.8	28.5	0	0	22.7	10.0	10-Sep-24 06:35:32.306	
0	0	0	1	2	0	0	8	0	0	0	19.8	28.5	0	0	22.7	10.0	10-Sep-24 06:35:32.352	
0	0	0	1	0	0	0	12	0	0	0	19.8	28.5	0	0	22.7	10.0	10-Sep-24 06:35:32.396	
0	0	0	0	3	0	0	15	0	0	0	19.8	28.5	0	0	22.7	10.0	10-Sep-24 06:35:32.440	
0	0	0	0	1	0	0	11	0	0	0	19.8	28.5	0	0	22.7	10.0	10-Sep-24 06:35:32.483	
0	0	0	0	3	0	0	10	0	0	0	19.8	28.5	0	0	22.7	10.0	10-Sep-24 06:35:32.528	
0	0	0	1	1	0	0	14	0	0	0	19.8	28.5	0	0	22.7	10.0	10-Sep-24 06:35:32.571	
0	0	0	0	1	0	0	11	0	0	0	19.8	28.5	0	0	22.7	10.0	10-Sep-24 06:35:32.615	
0	0	0	0	2	0	0	14	0	0	0	19.8	28.5	0	0	22.7	10.0	10-Sep-24 06:35:32.660	
0	0	0	1	3	0	0	16	0	0	0	19.8	28.5	0	0	22.7	10.0	10-Sep-24 06:35:32.704	
0	0	0	0	1	0	0	13	0	0	0	19.8	28.5	0	0	22.7	10.0	10-Sep-24 06:35:32.754	
0	0	0	0	1	0	0	13	0	0	0	19.8	28.5	0	0	22.7	10.0	10-Sep-24 06:35:32.800	
0	0	0	1	1	0	0	16	0	0	0	19.8	28.5	0	0	22.7	10.0	10-Sep-24 06:35:32.844	
0	0	0	1	1	0	0	7	0	0	0	19.8	28.5	0	0	22.7	10.0	10-Sep-24 06:35:32.887	
0	0	0	1	1	0	0	18	0	0	0	19.8	28.5	0	0	22.7	10.0	10-Sep-24 06:35:32.931	
0	0	0	0	2	0	0	11	0	0	0	19.8	28.5	0	0	22.7	10.0	10-Sep-24 06:35:32.976	
0	0	0	1	3	0	0	6	0	0	0	19.8	28.5	0	0	22.7	10.0	10-Sep-24 06:35:33.019	
0	0	0	0	1	0	0	13	0	0	0	19.8	28.5	0	0	22.7	10.0	10-Sep-24 06:35:33.064	
0	0	0	0	2	0	0	12	0	0	0	19.8	28.5	0	0	22.7	10.0	10-Sep-24 06:35:33.107	
0	0	0	1	3	0	0	15	0	0	0	19.8	28.5	0	0	22.7	10.0	10-Sep-24 06:35:33.151	
0	0	0	2	3	0	0	15	0	0	0	19.8	28.5	0	0	22.7	10.0	10-Sep-24 06:35:33.196	
0	0	0	0	1	0	0	11	0	0	0	19.8	28.5	0	0	22.7	10.0	10-Sep-24 06:35:33.244	
0	0	0	1	0	0	0	13	0	0	0	19.8	28.5	0	0	22.7	10.0	10-Sep-24 06:35:33.290	
0	0	0	0	1	0	0	17	0	0	0	19.8	28.5	0	0	22.7	10.0	10-Sep-24 06:35:33.389	
0	0	0	0	1	0	0	16	0	0	0	19.8	28.5	0	0	22.7	10.0	10-Sep-24 06:35:33.435	
0	0	0	0	1	0	0	14	0	0	0	19.8	28.5	0	0	22.7	10.0	10-Sep-24 06:35:33.479	
0	0	0	1	2	0	0	10	0	0	0	19.8	28.5	0	0	22.7	10.0	10-Sep-24 06:35:33.523	
0	0	0	0	1	0	0	15	0	0	0	19.8	28.5	0	0	22.7	10.0	10-Sep-24 06:35:33.567	
0	0	0	0	2	0	0	9	0	0	0	19.8	28.5	0	0	22.7	10.0	10-Sep-24 06:35:33.611	
0	0	0	0	0	0	0	12	0	0	0	19.8	28.5	0	0	22.7	10.0	10-Sep-24 06:35:33.656	
0	0	0	0	1	0	0	10	0	0	0	19.8	28.5	0	0	22.7	10.0	10-Sep-24 06:35:33.700	
0	0	0	1	1	0	0	14	0	0	0	19.8	28.5	0	0	22.7	10.0	10-Sep-24 06:35:33.789	
0	0	0	2	1	0	0	11	0	0	0	19.8	28.5	0	0	22.7	10.0	10-Sep-24 06:35:33.882	
0	0	0	1	1	0	0	12	0	0	0	19.8	28.5	0	0	22.7	10.0	10-Sep-24 06:35:33.952	
0	0	0	1	2	0	0	9	0	0	0	19.8	28.5	0	0	22.7	10.0	10-Sep-24 06:35:33.999	
0	0	0	0	1	0	0	16	0	0	0	19.8	28.5	0	0	22.7	10.0	10-Sep-24 06:35:34.044	
0	0	0	1	2	0	0	11	0	0	0	19.8	28.5	0	0	22.7	10.0	10-Sep-24 06:35:34.088	
0	0	0	1	2	0	0	14	0	0	0	19.8	28.5	0	0	22.7	10.0	10-Sep-24 06:35:34.131	
0	0	0	1	1	0	0	21	0	0	0	19.8	28.5	0	0	22.7	10.0	10-Sep-24 06:35:34.175	
0	0	0	1	0	0	0	14	0	0	0	19.8	28.5	0	0	22.7	10.0	10-Sep-24 06:35:34.220	
0	0	0	0	2	0	0	15	0	0	0	19.8	28.5	0	0	22.7	10.0	10-Sep-24 06:35:34.270	
0	0	0	1	1	0	0	14	0	0	0	19.8	28.5	0	0	22.7	10.0	10-Sep-24 06:35:34.317	
0	0	0	1	1	0	0	21	0	0	0	19.8	28.5	0	0	22.7	10.0	10-Sep-24 06:35:34.359	
0	0	0	0	1	0	0	17	0	0	0	19.8	28.5	0	0	22.7	10.0	10-Sep-24 06:35:34.451	
0	0	0	1	2	0	0	20	0	0	0	19.8	28.5	0	0	22.7	10.0	10-Sep-24 06:35:34.496	
0	0	0	0	1	0	0	19	0	0	0	19.8	28.5	0	0	22.7	10.0	10-Sep-24 06:35:34.539	
0	0	0	1	1	0	0	19	0	0	0	19.8	28.5	0	0	22.7	10.0	10-Sep-24 06:35:34.583	
0	0	0	1	2	0	0	18	0	0	0	19.8	28.5	0	0	22.7	10.0	10-Sep-24 06:35:34.627	
0	0	0	1	1	0	0	10	0	0	0	19.8	28.5	0	0	22.7	10.0	10-Sep-24 06:35:34.664	
0	0	0	1	3	0	0	22	0	0	0	19.8	28.5	0	0	22.7	10.0	10-Sep-24 06:35:34.708	
0	0	0	1	1	0	0	11	0	0	0	19.8	28.5	0	0	22.7	10.0	10-Sep-24 06:35:34.752	
0	0	0	1	1	0	0	12	0	0	0	19.8	28.5	0	0	22.7	10.0	10-Sep-24 06:35:34.789	
0	0	0	0	1	0	0	13	0	0	0	19.8	28.5	0	0	22.7	10.0	10-Sep-24 06:35:34.836	
0	0	0	0	1	0	0	21	0	0	0	19.8	28.5	0	0	22.7	10.0	10-Sep-24 06:35:34.879	
0	0	0	0	2	0	0	8	0	0	0	19.8	28.5	0	0	22.7	10.0	10-Sep-24 06:35:34.923	
0	0	0	0	2	0	0	16	0	0	0	19.8	28.5	0	0	22.7	10.0	10-Sep-24 06:35:34.967	
0	0	0	0	1	0	0	14	0	0	0	19.8	28.5	0	0	22.7	10.0	10-Sep-24 06:35:35.011	
0	0	0	1	1	0	0	14	0	0	0	19.8	28.5	0	0	22.7	10.0	10-Sep-24 06:35:35.056	
0	0	0	0	1	0	0	16	0	0	0	19.8	28.5	0	0	22.7	10.0	10-Sep-24 06:35:35.099	
0	0	0	2	2	0	0	10	0	0	0	19.8	28.5	0	0	22.7	10.0	10-Sep-24 06:35:35.143	
0	0	0	1	2	0	0	13	0	0	0	19.8	28.5	0	0	22.7	10.0	10-Sep-24 06:35:35.187	
0	0	0	0	2	0	0	20	0	0	0	19.8	28.5	0	0	22.7	10.0	10-Sep-24 06:35:35.231	
0	0	0	0	1	0	0	15	0	0	0	19.8	28.5	0	0	22.7	10.0	10-Sep-24 06:35:35.276	
0	0	0	1	2	0	0	18	0	0	0	19.8	28.5	0	0	22.7	10.0	10-Sep-24 06:35:35.327	
0	0	0	0	4	0	0	19	0	0	0	19.8	28.5	0	0	22.7	10.0	10-Sep-24 06:35:35.372	
0	0	0	0	3	0	0	11	0	0	0	19.8	28.5	0	0	22.7	10.0	10-Sep-24 06:35:35.415	
0	0	0	0	2	0	0	13	0	0	0	19.8	28.5	0	0	22.7	10.0	10-Sep-24 06:35:35.518	
0	0	0	2	1	0	0	12	0	0	0	19.8	28.5	0	0	22.7	10.0	10-Sep-24 06:35:35.563	
0	0	0	1	2	0	0	12	0	0	0	19.8	28.5	0	0	22.7	10.0	10-Sep-24 06:35:35.608	
0	0	0	1	1	0	0	10	0	0	0	19.8	28.5	0	0	22.7	10.0	10-Sep-24 06:35:35.651	
0	0	0	0	0	0	0	13	0	0	0	19.8	28.5	0	0	22.7	10.0	10-Sep-24 06:35:35.696	
0	0	0	0	0	0	0	11	0	0	0	19.8	28.5	0	0	22.7	10.0	10-Sep-24 06:35:35.740	
0	0	0	1	2	0	0	14	0	0	0	19.8	28.5	0	0	22.7	10.0	10-Sep-24 06:35:35.783	
0	0	0	0	2	0	0	9	0	0	0	19.8	28.5	0	0	22.7	10.0	10-Sep-24 06:35:35.835	
0	0	0	0	1	0	0	17	0	0	0	19.8	28.5	0	0	22.7	10.0	10-Sep-24 06:35:35.879	
0	0	0	1	2	0	0	13	0	0	0	19.8	28.5	0	0	22.7	10.0	10-Sep-24 06:35:35.923	
0	0	0	1	2	0	0	16	0	0	0	19.8	28.5	0	0	22.7	10.0	10-Sep-24 06:35:35.967	
0	0	0	1	2	0	0	12	0	0	0	19.8	28.5	0	0	22.7	10.0	10-Sep-24 06:35:36.012	
0	0	0	0	1	0	0	15	0	0	0	19.8	28.5	0	0	22.7	10.0	10-Sep-24 06:35:36.055	
0	0	0	0	0	0	0	17	0	0	0	19.8	28.5	0	0	22.7	10.0	10-Sep-24 06:35:36.099	
0	0	0	0	3	0	0	12	0	0	0	19.8	28.5	0	0	22.7	10.0	10-Sep-24 06:35:36.144	
0	0	0	1	1	0	0	11	0	0	0	19.8	28.5	0	0	22.7	10.0	10-Sep-24 06:35:36.187	
0	0	0	1	1	0	0	18	0	0	0	19.8	28.5	0	0	22.7	10.0	10-Sep-24 06:35:36.232	
0	0	0	0	1	0	0	14	0	0	0	19.8	28.5	0	0	22.7	10.0	10-Sep-24 06:35:36.276	
0	0	0	1	2	0	0	16	0	0	0	19.8	28.5	0	0	22.7	10.0	10-Sep-24 06:35:36.328	
0	0	0	0	0	0	0	11	0	0	0	19.8	28.5	0	0	22.7	10.0	10-Sep-24 06:35:36.372	
0	0	0	0	2	0	0	14	0	0	0	19.8	28.5	0	0	22.7	10.0	10-Sep-24 06:35:36.416	
0	0	0	0	1	0	0	19	0	0	0	19.8	28.5	0	0	22.7	10.0	10-Sep-24 06:35:36.459	
0	0	0	0	1	0	0	16	0	0	0	19.8	28.5	0	0	22.7	10.0	10-Sep-24 06:35:36.503	
0	0	0	0	2	0	0	17	0	0	0	19.8	28.5	0	0	22.7	10.0	10-Sep-24 06:35:36.597	
0	0	0	0	1	0	0	14	0	0	0	19.8	28.5	0	0	22.7	10.0	10-Sep-24 06:35:36.644	
0	0	0	1	1	0	0	11	0	0	0	19.8	28.5	0	0	22.7	10.0	10-Sep-24 06:35:36.687	
0	0	0	0	3	0	0	18	0	0	0	19.8	28.5	0	0	22.7	10.0	10-Sep-24 06:35:36.731	
0	0	0	0	0	0	0	18	0	0	0	19.8	28.5	0	0	22.7	10.0	10-Sep-24 06:35:36.776	
0	0	0	0	1	0	0	13	0	0	0	19.8	28.5	0	0	22.7	10.0	10-Sep-24 06:35:36.825	
0	0	0	0	1	0	0	14	0	0	0	19.8	28.5	0	0	22.7	10.0	10-Sep-24 06:35:36.871	
0	0	0	0	1	0	0	17	0	0	0	19.8	28.5	0	0	22.7	10.0	10-Sep-24 06:35:36.915	
0	0	0	0	1	0	0	13	0	0	0	19.8	28.5	0	0	22.7	10.0	10-Sep-24 06:35:36.960	
0	0	0	0	2	0	0	8	0	0	0	19.8	28.5	0	0	22.7	10.0	10-Sep-24 06:35:37.003	
0	0	0	1	1	0	0	10	0	0	0	19.8	28.5	0	0	22.7	10.0	10-Sep-24 06:35:37.048	
0	0	0	1	2	0	0	17	0	0	0	19.8	28.5	0	0	22.7	10.0	10-Sep-24 06:35:37.091	
0	0	0	0	2	0	0	14	0	0	0	19.8	28.5	0	0	22.7	10.0	10-Sep-24 06:35:37.136	
0	0	0	0	1	0	0	18	0	0	0	19.8	28.5	0	0	22.7	10.0	10-Sep-24 06:35:37.180	
0	0	0	0	1	0	0	20	0	0	0	19.8	28.5	0	0	22.7	10.0	10-Sep-24 06:35:37.223	
0	0	0	0	0	0	0	19	0	0	0	19.8	28.5	0	0	22.7	10.0	10-Sep-24 06:35:37.268	
0	0	0	1	1	0	0	13	0	0	0	19.8	28.5	0	0	22.7	10.0	10-Sep-24 06:35:37.312	
0	0	0	0	2	0	0	18	0	0	0	19.8	28.5	0	0	22.7	10.0	10-Sep-24 06:35:37.361	
0	0	0	0	2	0	0	12	0	0	0	19.8	28.5	0	0	22.7	10.0	10-Sep-24 06:35:37.408	
0	0	0	0	2	0	0	14	0	0	0	19.8	28.5	0	0	22.7	10.0	10-Sep-24 06:35:37.451	
0	0	0	1	1	0	0	13	0	0	0	19.8	28.5	0	0	22.7	10.0	10-Sep-24 06:35:37.496	
0	0	0	0	2	0	0	15	0	0	0	19.8	28.5	0	0	22.7	10.0	10-Sep-24 06:35:37.539	
0	0	0	0	1	0	0	20	0	0	0	19.8	28.5	0	0	22.7	10.0	10-Sep-24 06:35:37.584	
0	0	0	1	2	0	0	21	0	0	0	19.8	28.5	0	0	22.7	10.0	10-Sep-24 06:35:37.686	
0	0	0	2	1	0	0	15	0	0	0	19.8	28.5	0	0	22.7	10.0	10-Sep-24 06:35:37.731	
0	0	0	0	1	0	0	10	0	0	0	19.8	28.5	0	0	22.7	10.0	10-Sep-24 06:35:37.776	
0	0	0	0	2	0	0	16	0	0	0	19.8	28.5	0	0	22.7	10.0	10-Sep-24 06:35:37.820	
0	0	0	1	1	0	0	15	0	0	0	19.8	28.5	0	0	22.7	10.0	10-Sep-24 06:35:37.860	
0	0	0	0	2	0	0	7	0	0	0	19.8	28.5	0	0	22.7	10.0	10-Sep-24 06:35:37.903	
0	0	0	0	1	0	0	15	0	0	0	19.8	28.5	0	0	22.7	10.0	10-Sep-24 06:35:37.947	
0	0	0	0	1	0	0	16	0	0	0	19.8	28.5	0	0	22.7	10.0	10-Sep-24 06:35:37.992	
0	0	0	0	2	0	0	13	0	0	0	19.8	28.5	0	0	22.7	10.0	10-Sep-24 06:35:38.036	
0	0	0	0	1	0	0	14	0	0	0	19.8	28.5	0	0	22.7	10.0	10-Sep-24 06:35:38.079	
0	0	0	0	1	0	0	10	0	0	0	19.8	28.5	0	0	22.7	10.0	10-Sep-24 06:35:38.124	
0	0	0	0	1	0	0	18	0	0	0	19.8	28.5	0	0	22.7	10.0	10-Sep-24 06:35:38.167	
0	0	0	0	1	0	0	18	0	0	0	19.8	28.5	0	0	22.7	10.0	10-Sep-24 06:35:38.211	
0	0	0	1	1	0	0	14	0	0	0	19.8	28.5	0	0	22.7	10.0	10-Sep-24 06:35:38.255	
0	0	0	1	3	0	0	13	0	0	0	19.8	28.5	0	0	22.7	10.0	10-Sep-24 06:35:38.300	
0	0	0	0	1	0	0	8	0	0	0	19.8	28.5	0	0	22.7	10.0	10-Sep-24 06:35:38.351	
0	0	0	0	1	0	0	10	0	0	0	19.8	28.5	0	0	22.7	10.0	10-Sep-24 06:35:38.396	
0	0	0	0	2	0	0	15	0	0	0	19.8	28.5	0	0	22.7	10.0	10-Sep-24 06:35:38.440	
0	0	0	1	1	0	0	11	0	0	0	19.8	28.5	0	0	22.7	10.0	10-Sep-24 06:35:38.483	
0	0	0	0	2	0	0	19	0	0	0	19.8	28.5	0	0	22.7	10.0	10-Sep-24 06:35:38.528	
0	0	0	0	1	0	0	12	0	0	0	19.8	28.5	0	0	22.7	10.0	10-Sep-24 06:35:38.571	
0	0	0	0	2	0	0	22	0	0	0	19.8	28.5	0	0	22.7	10.0	10-Sep-24 06:35:38.615	
0	0	0	0	3	0	0	13	0	0	0	19.8	28.5	0	0	22.7	10.0	10-Sep-24 06:35:38.660	
0	0	0	0	2	0	0	20	0	0	0	19.8	28.5	0	0	22.7	10.0	10-Sep-24 06:35:38.762	
0	0	0	0	1	0	0	9	0	0	0	19.8	28.5	0	0	22.7	10.0	10-Sep-24 06:35:38.808	
0	0	0	0	1	0	0	15	0	0	0	19.8	28.5	0	0	22.7	10.0	10-Sep-24 06:35:38.859	
0	0	0	0	2	0	0	11	0	0	0	19.8	28.5	0	0	22.7	10.0	10-Sep-24 06:35:38.904	
0	0	0	1	1	0	0	17	0	0	0	19.8	28.5	0	0	22.7	10.0	10-Sep-24 06:35:38.947	
0	0	0	0	1	0	0	12	0	0	0	19.8	28.5	0	0	22.7	10.0	10-Sep-24 06:35:39.016	
0	0	0	0	1	0	0	22	0	0	0	19.8	28.5	0	0	22.7	10.0	10-Sep-24 06:35:39.098	
0	0	0	1	4	0	0	17	0	0	0	19.8	28.5	0	0	22.7	10.0	10-Sep-24 06:35:39.175	
0	0	0	1	0	0	0	10	0	0	0	19.8	28.5	0	0	22.7	10.0	10-Sep-24 06:35:39.220	
0	0	0	1	2	0	0	11	0	0	0	19.8	28.5	0	0	22.7	10.0	10-Sep-24 06:35:39.264	
0	0	0	0	2	0	0	13	0	0	0	19.8	28.5	0	0	22.7	10.0	10-Sep-24 06:35:39.308	
0	0	0	1	1	0	0	14	0	0	0	19.8	28.5	0	0	22.7	10.0	10-Sep-24 06:35:39.351	
0	0	0	1	1	0	0	17	0	0	0	19.8	28.5	0	0	22.7	10.0	10-Sep-24 06:35:39.403	
0	0	0	1	1	0	0	9	0	0	0	19.8	28.5	0	0	22.7	10.0	10-Sep-24 06:35:39.448	
0	0	0	0	1	0	0	12	0	0	0	19.8	28.5	0	0	22.7	10.0	10-Sep-24 06:35:39.491	
0	0	0	1	1	0	0	19	0	0	0	19.8	28.5	0	0	22.7	10.0	10-Sep-24 06:35:39.536	
0	0	0	1	1	0	0	15	0	0	0	19.8	28.5	0	0	22.7	10.0	10-Sep-24 06:35:39.580	
0	0	0	1	1	0	0	15	0	0	0	19.8	28.5	0	0	22.7	10.0	10-Sep-24 06:35:39.625	
0	0	0	0	2	0	0	18	0	0	0	19.8	28.5	0	0	22.7	10.0	10-Sep-24 06:35:39.667	
0	0	0	0	4	0	0	19	0	0	0	19.8	28.5	0	0	22.7	10.0	10-Sep-24 06:35:39.711	
0	0	0	0	2	0	0	12	0	0	0	19.8	28.5	0	0	22.7	10.0	10-Sep-24 06:35:39.815	
0	0	0	1	1	0	0	19	0	0	0	19.8	28.5	0	0	22.7	10.0	10-Sep-24 06:35:39.860	
0	0	0	0	1	0	0	10	0	0	0	19.8	28.5	0	0	22.7	10.0	10-Sep-24 06:35:39.911	
0	0	0	1	1	0	0	15	0	0	0	19.8	28.5	0	0	22.7	10.0	10-Sep-24 06:35:39.955	
0	0	0	0	3	0	0	7	0	0	0	19.8	28.5	0	0	22.7	10.0	10-Sep-24 06:35:40.000	
0	0	0	0	2	0	0	11	0	0	0	19.8	28.5	0	0	22.7	10.0	10-Sep-24 06:35:40.044	
0	0	0	1	2	0	0	14	0	0	0	19.8	28.5	0	0	22.7	10.0	10-Sep-24 06:35:40.087	
0	0	0	0	0	0	0	15	0	0	0	19.8	28.5	0	0	22.7	10.0	10-Sep-24 06:35:40.131	
0	0	0	0	1	0	0	13	0	0	0	19.8	28.5	0	0	22.7	10.0	10-Sep-24 06:35:40.175	
0	0	0	0	2	0	0	23	0	0	0	19.8	28.5	0	0	22.7	10.0	10-Sep-24 06:35:40.220	
0	0	0	1	1	0	0	10	0	0	0	19.8	28.5	0	0	22.7	10.0	10-Sep-24 06:35:40.264	
0	0	0	0	1	0	0	21	0	0	0	19.8	28.5	0	0	22.7	10.0	10-Sep-24 06:35:40.308	
0	0	0	0	0	0	0	14	0	0	0	19.8	28.5	0	0	22.7	10.0	10-Sep-24 06:35:40.351	
0	0	0	1	1	0	0	19	0	0	0	19.8	28.5	0	0	22.7	10.0	10-Sep-24 06:35:40.403	
0	0	0	1	1	0	0	22	0	0	0	19.8	28.5	0	0	22.7	10.0	10-Sep-24 06:35:40.448	
0	0	0	0	3	0	0	19	0	0	0	19.8	28.5	0	0	22.7	10.0	10-Sep-24 06:35:40.491	
0	0	0	0	2	0	0	15	0	0	0	19.8	28.5	0	0	22.7	10.0	10-Sep-24 06:35:40.536	
0	0	0	0	1	0	0	17	0	0	0	19.8	28.5	0	0	22.7	10.0	10-Sep-24 06:35:40.572	
0	0	0	0	1	0	0	11	0	0	0	19.8	28.5	0	0	22.7	10.0	10-Sep-24 06:35:40.615	
0	0	0	0	2	0	0	21	0	0	0	19.8	28.5	0	0	22.7	10.0	10-Sep-24 06:35:40.660	
0	0	0	0	1	0	0	12	0	0	0	19.8	28.5	0	0	22.7	10.0	10-Sep-24 06:35:40.703	
0	0	0	1	1	0	0	13	0	0	0	19.8	28.5	0	0	22.7	10.0	10-Sep-24 06:35:40.748	
0	0	0	1	1	0	0	20	0	0	0	19.8	28.5	0	0	22.7	10.0	10-Sep-24 06:35:40.791	
0	0	0	0	0	0	0	12	0	0	0	19.8	28.5	0	0	22.7	10.0	10-Sep-24 06:35:40.885	
0	0	0	0	1	0	0	13	0	0	0	19.8	28.5	0	0	22.7	10.0	10-Sep-24 06:35:40.939	
0	0	0	1	1	0	0	11	0	0	0	19.8	28.5	0	0	22.7	10.0	10-Sep-24 06:35:40.984	
0	0	0	0	1	0	0	12	0	0	0	19.8	28.5	0	0	22.7	10.0	10-Sep-24 06:35:41.027	
0	0	0	0	1	0	0	11	0	0	0	19.8	28.5	0	0	22.7	10.0	10-Sep-24 06:35:41.072	
0	0	0	0	1	0	0	13	0	0	0	19.8	28.5	0	0	22.7	10.0	10-Sep-24 06:35:41.115	
0	0	0	1	2	0	0	14	0	0	0	19.8	28.5	0	0	22.7	10.0	10-Sep-24 06:35:41.160	
0	0	0	1	2	0	0	11	0	0	0	19.8	28.5	0	0	22.7	10.0	10-Sep-24 06:35:41.203	
0	0	0	0	1	0	0	24	0	0	0	19.8	28.5	0	0	22.7	10.0	10-Sep-24 06:35:41.248	
0	0	0	0	1	0	0	10	0	0	0	19.8	28.5	0	0	22.7	10.0	10-Sep-24 06:35:41.292	
0	0	0	1	1	0	0	15	0	0	0	19.8	28.5	0	0	22.7	10.0	10-Sep-24 06:35:41.335	
0	0	0	1	2	0	0	12	0	0	0	19.8	28.5	0	0	22.7	10.0	10-Sep-24 06:35:41.379	
0	0	0	0	1	0	0	20	0	0	0	19.8	28.5	0	0	22.7	10.0	10-Sep-24 06:35:41.430	
0	0	0	1	1	0	0	15	0	0	0	19.8	28.5	0	0	22.7	10.0	10-Sep-24 06:35:41.476	
0	0	0	0	1	0	0	16	0	0	0	19.8	28.5	0	0	22.7	10.0	10-Sep-24 06:35:41.519	
0	0	0	0	1	0	0	12	0	0	0	19.8	28.5	0	0	22.7	10.0	10-Sep-24 06:35:41.556	
0	0	0	0	1	0	0	14	0	0	0	19.8	28.5	0	0	22.7	10.0	10-Sep-24 06:35:41.600	
0	0	0	0	2	0	0	18	0	0	0	19.8	28.5	0	0	22.7	10.0	10-Sep-24 06:35:41.644	
0	0	0	0	3	0	0	10	0	0	0	19.8	28.5	0	0	22.7	10.0	10-Sep-24 06:35:41.688	
0	0	0	0	1	0	0	11	0	0	0	19.8	28.5	0	0	22.7	10.0	10-Sep-24 06:35:41.731	
0	0	0	0	2	0	0	13	0	0	0	19.8	28.5	0	0	22.7	10.0	10-Sep-24 06:35:41.775	
0	0	0	1	3	0	0	21	0	0	0	19.8	28.5	0	0	22.7	10.0	10-Sep-24 06:35:41.819	
0	0	0	1	1	0	0	14	0	0	0	19.8	28.5	0	0	22.7	10.0	10-Sep-24 06:35:41.863	
0	0	0	0	2	0	0	14	0	0	0	19.8	28.5	0	0	22.7	10.0	10-Sep-24 06:35:41.972	
0	0	0	1	1	0	0	12	0	0	0	19.8	28.5	0	0	22.7	10.0	10-Sep-24 06:35:42.020	
0	0	0	0	1	0	0	16	0	0	0	19.8	28.5	0	0	22.7	10.0	10-Sep-24 06:35:42.063	
0	0	0	1	1	0	0	14	0	0	0	19.8	28.5	0	0	22.7	10.0	10-Sep-24 06:35:42.108	
0	0	0	1	1	0	0	13	0	0	0	19.8	28.5	0	0	22.7	10.0	10-Sep-24 06:35:42.151	
0	0	0	1	2	0	0	13	0	0	0	19.8	28.5	0	0	22.7	10.0	10-Sep-24 06:35:42.195	
0	0	0	0	2	0	0	9	0	0	0	19.8	28.5	0	0	22.7	10.0	10-Sep-24 06:35:42.239	
0	0	0	0	2	0	0	17	0	0	0	19.8	28.5	0	0	22.7	10.0	10-Sep-24 06:35:42.283	
0	0	0	0	3	0	0	16	0	0	0	19.8	28.5	0	0	22.7	10.0	10-Sep-24 06:35:42.328	
0	0	0	0	2	0	0	16	0	0	0	19.8	28.5	0	0	22.7	10.0	10-Sep-24 06:35:42.371	
0	0	0	0	2	0	0	14	0	0	0	19.8	28.5	0	0	22.7	10.0	10-Sep-24 06:35:42.415	
0	0	0	1	2	0	0	18	0	0	0	19.8	28.5	0	0	22.7	10.0	10-Sep-24 06:35:42.466	
0	0	0	1	4	0	0	15	0	0	0	19.8	28.5	0	0	22.7	10.0	10-Sep-24 06:35:42.513	
0	0	0	1	1	0	0	9	0	0	0	19.8	28.5	0	0	22.7	10.0	10-Sep-24 06:35:42.555	
0	0	0	0	1	0	0	11	0	0	0	19.8	28.5	0	0	22.7	10.0	10-Sep-24 06:35:42.599	
0	0	0	1	3	0	0	15	0	0	0	19.8	28.5	0	0	22.7	10.0	10-Sep-24 06:35:42.644	
0	0	0	0	1	0	0	12	0	0	0	19.8	28.5	0	0	22.7	10.0	10-Sep-24 06:35:42.687	
0	0	0	0	1	0	0	18	0	0	0	19.8	28.5	0	0	22.7	10.0	10-Sep-24 06:35:42.732	
0	0	0	1	2	0	0	9	0	0	0	19.8	28.5	0	0	22.7	10.0	10-Sep-24 06:35:42.775	
0	0	0	0	1	0	0	13	0	0	0	19.8	28.5	0	0	22.7	10.0	10-Sep-24 06:35:42.819	
0	0	0	0	1	0	0	14	0	0	0	19.8	28.5	0	0	22.7	10.0	10-Sep-24 06:35:42.863	
0	0	0	1	1	0	0	14	0	0	0	19.8	28.5	0	0	22.7	10.0	10-Sep-24 06:35:42.908	
0	0	0	1	2	0	0	7	0	0	0	19.8	28.5	0	0	22.7	10.0	10-Sep-24 06:35:42.956	
0	0	0	1	1	0	0	19	0	0	0	19.8	28.5	0	0	22.7	10.0	10-Sep-24 06:35:43.063	
0	0	0	1	2	0	0	20	0	0	0	19.8	28.5	0	0	22.7	10.0	10-Sep-24 06:35:43.107	
0	0	0	0	1	0	0	19	0	0	0	19.8	28.5	0	0	22.7	10.0	10-Sep-24 06:35:43.152	
0	0	0	0	1	0	0	18	0	0	0	19.8	28.5	0	0	22.7	10.0	10-Sep-24 06:35:43.195	
0	0	0	1	2	0	0	14	0	0	0	19.8	28.5	0	0	22.7	10.0	10-Sep-24 06:35:43.239	
0	0	0	1	1	0	0	15	0	0	0	19.8	28.5	0	0	22.7	10.0	10-Sep-24 06:35:43.276	
0	0	0	1	1	0	0	19	0	0	0	19.8	28.5	0	0	22.7	10.0	10-Sep-24 06:35:43.319	
0	0	0	0	1	0	0	18	0	0	0	19.8	28.5	0	0	22.7	10.0	10-Sep-24 06:35:43.364	
0	0	0	1	2	0	0	13	0	0	0	19.8	28.5	0	0	22.7	10.0	10-Sep-24 06:35:43.407	
0	0	0	1	1	0	0	18	0	0	0	19.8	28.5	0	0	22.7	10.0	10-Sep-24 06:35:43.459	
0	0	0	1	2	0	0	14	0	0	0	19.8	28.5	0	0	22.7	10.0	10-Sep-24 06:35:43.504	
0	0	0	1	2	0	0	19	0	0	0	19.8	28.5	0	0	22.7	10.0	10-Sep-24 06:35:43.547	
0	0	0	0	2	0	0	16	0	0	0	19.8	28.5	0	0	22.7	10.0	10-Sep-24 06:35:43.591	
0	0	0	0	1	0	0	15	0	0	0	19.8	28.5	0	0	22.7	10.0	10-Sep-24 06:35:43.635	
0	0	0	1	3	0	0	16	0	0	0	19.8	28.5	0	0	22.7	10.0	10-Sep-24 06:35:43.680	
0	0	0	3	2	0	0	13	0	0	0	19.8	28.5	0	0	22.7	10.0	10-Sep-24 06:35:43.723	
0	0	0	1	2	0	0	22	0	0	0	19.8	28.5	0	0	22.7	10.0	10-Sep-24 06:35:43.768	
0	0	0	0	3	0	0	12	0	0	0	19.8	28.5	0	0	22.7	10.0	10-Sep-24 06:35:43.811	
0	0	0	0	2	0	0	15	0	0	0	19.8	28.5	0	0	22.7	10.0	10-Sep-24 06:35:43.855	
0	0	0	1	2	0	0	9	0	0	0	19.8	28.5	0	0	22.7	10.0	10-Sep-24 06:35:43.899	
0	0	0	0	3	0	0	17	0	0	0	19.8	28.5	0	0	22.7	10.0	10-Sep-24 06:35:43.943	
0	0	0	0	2	0	0	12	0	0	0	19.8	28.5	0	0	22.7	10.0	10-Sep-24 06:35:43.990	
0	0	0	1	1	0	0	13	0	0	0	19.8	28.5	0	0	22.7	10.0	10-Sep-24 06:35:44.035	
0	0	0	2	3	0	0	16	0	0	0	19.8	28.5	0	0	22.7	10.0	10-Sep-24 06:35:44.138	
0	0	0	0	1	0	0	17	0	0	0	19.8	28.5	0	0	22.7	10.0	10-Sep-24 06:35:44.216	
0	0	0	0	1	0	0	11	0	0	0	19.8	28.5	0	0	22.7	10.0	10-Sep-24 06:35:44.310	
0	0	0	0	1	0	0	19	0	0	0	19.8	28.5	0	0	22.7	10.0	10-Sep-24 06:35:44.390	
0	0	0	0	1	0	0	17	0	0	0	19.8	28.5	0	0	22.7	10.0	10-Sep-24 06:35:44.436	
0	0	0	0	1	0	0	19	0	0	0	19.8	28.5	0	0	22.7	10.0	10-Sep-24 06:35:44.487	
0	0	0	1	1	0	0	13	0	0	0	19.8	28.5	0	0	22.7	10.0	10-Sep-24 06:35:44.532	
0	0	0	0	1	0	0	11	0	0	0	19.8	28.5	0	0	22.7	10.0	10-Sep-24 06:35:44.576	
0	0	0	1	1	0	0	9	0	0	0	19.8	28.5	0	0	22.7	10.0	10-Sep-24 06:35:44.620	
0	0	0	1	1	0	0	13	0	0	0	19.8	28.5	0	0	22.7	10.0	10-Sep-24 06:35:44.664	
0	0	0	0	1	0	0	17	0	0	0	19.8	28.5	0	0	22.7	10.0	10-Sep-24 06:35:44.707	
0	0	0	0	1	0	0	19	0	0	0	19.8	28.5	0	0	22.7	10.0	10-Sep-24 06:35:44.751	
0	0	0	0	1	0	0	18	0	0	0	19.8	28.5	0	0	22.7	10.0	10-Sep-24 06:35:44.796	
0	0	0	0	2	0	0	12	0	0	0	19.8	28.5	0	0	22.7	10.0	10-Sep-24 06:35:44.840	
0	0	0	0	3	0	0	13	0	0	0	19.8	28.5	0	0	22.7	10.0	10-Sep-24 06:35:44.884	
0	0	0	1	1	0	0	18	0	0	0	19.8	28.5	0	0	22.7	10.0	10-Sep-24 06:35:44.927	
0	0	0	0	1	0	0	12	0	0	0	19.8	28.5	0	0	22.7	10.0	10-Sep-24 06:35:44.971	
0	0	0	1	2	0	0	11	0	0	0	19.8	28.5	0	0	22.7	10.0	10-Sep-24 06:35:45.022	
0	0	0	0	1	0	0	15	0	0	0	19.8	28.5	0	0	22.7	10.0	10-Sep-24 06:35:45.068	
0	0	0	0	5	0	0	16	0	0	0	19.8	28.5	0	0	22.7	10.0	10-Sep-24 06:35:45.111	
0	0	0	1	1	0	0	16	0	0	0	19.8	28.5	0	0	22.7	10.0	10-Sep-24 06:35:45.215	
0	0	0	2	2	0	0	12	0	0	0	19.8	28.5	0	0	22.7	10.0	10-Sep-24 06:35:45.260	
0	0	0	1	2	0	0	21	0	0	0	19.8	28.5	0	0	22.7	10.0	10-Sep-24 06:35:45.303	
0	0	0	0	4	0	0	16	0	0	0	19.8	28.5	0	0	22.7	10.0	10-Sep-24 06:35:45.348	
0	0	0	0	2	0	0	17	0	0	0	19.8	28.5	0	0	22.7	10.0	10-Sep-24 06:35:45.392	
0	0	0	1	2	0	0	11	0	0	0	19.8	28.5	0	0	22.7	10.0	10-Sep-24 06:35:45.435	
0	0	0	0	2	0	0	12	0	0	0	19.8	28.5	0	0	22.7	10.0	10-Sep-24 06:35:45.480	
0	0	0	1	3	0	0	13	0	0	0	19.8	28.5	0	0	22.7	10.0	10-Sep-24 06:35:45.528	
0	0	0	0	0	0	0	13	0	0	0	19.8	28.5	0	0	22.7	10.0	10-Sep-24 06:35:45.576	
0	0	0	1	1	0	0	13	0	0	0	19.8	28.5	0	0	22.7	10.0	10-Sep-24 06:35:45.620	
0	0	0	0	1	0	0	13	0	0	0	19.8	28.5	0	0	22.7	10.0	10-Sep-24 06:35:45.664	
0	0	0	1	1	0	0	27	0	0	0	19.8	28.5	0	0	22.7	10.0	10-Sep-24 06:35:45.707	
0	0	0	0	2	0	0	15	0	0	0	19.8	28.5	0	0	22.7	10.0	10-Sep-24 06:35:45.752	
0	0	0	0	2	0	0	11	0	0	0	19.8	28.5	0	0	22.7	10.0	10-Sep-24 06:35:45.795	
0	0	0	1	1	0	0	14	0	0	0	19.8	28.5	0	0	22.7	10.0	10-Sep-24 06:35:45.839	
0	0	0	1	1	0	0	11	0	0	0	19.8	28.5	0	0	22.7	10.0	10-Sep-24 06:35:45.884	
0	0	0	0	2	0	0	12	0	0	0	19.8	28.5	0	0	22.7	10.0	10-Sep-24 06:35:45.927	
0	0	0	0	1	0	0	10	0	0	0	19.8	28.5	0	0	22.7	10.0	10-Sep-24 06:35:45.971	
0	0	0	0	2	0	0	10	0	0	0	19.8	28.5	0	0	22.7	10.0	10-Sep-24 06:35:46.023	
0	0	0	1	1	0	0	13	0	0	0	19.8	28.5	0	0	22.7	10.0	10-Sep-24 06:35:46.068	
0	0	0	0	1	0	0	14	0	0	0	19.8	28.5	0	0	22.7	10.0	10-Sep-24 06:35:46.111	
0	0	0	0	1	0	0	14	0	0	0	19.8	28.5	0	0	22.7	10.0	10-Sep-24 06:35:46.155	
0	0	0	0	2	0	0	11	0	0	0	19.8	28.5	0	0	22.7	10.0	10-Sep-24 06:35:46.200	
0	0	0	1	2	0	0	14	0	0	0	19.8	28.5	0	0	22.7	10.0	10-Sep-24 06:35:46.303	
0	0	0	2	2	0	0	26	0	0	0	19.8	28.5	0	0	22.7	10.0	10-Sep-24 06:35:46.347	
0	0	0	0	1	0	0	11	0	0	0	19.8	28.5	0	0	22.7	10.0	10-Sep-24 06:35:46.391	
0	0	0	0	2	0	0	14	0	0	0	19.8	28.5	0	0	22.7	10.0	10-Sep-24 06:35:46.436	
0	0	0	0	0	0	0	23	0	0	0	19.8	28.5	0	0	22.7	10.0	10-Sep-24 06:35:46.479	
0	0	0	1	2	0	0	13	0	0	0	19.8	28.5	0	0	22.7	10.0	10-Sep-24 06:35:46.532	
0	0	0	0	1	0	0	19	0	0	0	19.8	28.5	0	0	22.7	10.0	10-Sep-24 06:35:46.576	
0	0	0	1	2	0	0	23	0	0	0	19.8	28.5	0	0	22.7	10.0	10-Sep-24 06:35:46.620	
0	0	0	1	2	0	0	16	0	0	0	19.8	28.5	0	0	22.7	10.0	10-Sep-24 06:35:46.664	
0	0	0	0	1	0	0	16	0	0	0	19.8	28.5	0	0	22.7	10.0	10-Sep-24 06:35:46.707	
0	0	0	1	1	0	0	10	0	0	0	19.8	28.5	0	0	22.7	10.0	10-Sep-24 06:35:46.751	
0	0	0	1	3	0	0	11	0	0	0	19.8	28.5	0	0	22.7	10.0	10-Sep-24 06:35:46.795	
0	0	0	1	1	0	0	17	0	0	0	19.8	28.5	0	0	22.7	10.0	10-Sep-24 06:35:46.839	
0	0	0	1	2	0	0	12	0	0	0	19.8	28.5	0	0	22.7	10.0	10-Sep-24 06:35:46.884	
0	0	0	0	2	0	0	16	0	0	0	19.8	28.5	0	0	22.7	10.0	10-Sep-24 06:35:46.928	
0	0	0	0	3	0	0	13	0	0	0	19.8	28.5	0	0	22.7	10.0	10-Sep-24 06:35:46.971	
0	0	0	1	2	0	0	9	0	0	0	19.8	28.5	0	0	22.7	10.0	10-Sep-24 06:35:47.015	
0	0	0	1	1	0	0	17	0	0	0	19.8	28.5	0	0	22.7	10.0	10-Sep-24 06:35:47.067	
0	0	0	0	1	0	0	17	0	0	0	19.8	28.5	0	0	22.7	10.0	10-Sep-24 06:35:47.111	
0	0	0	0	0	0	0	13	0	0	0	19.8	28.5	0	0	22.7	10.0	10-Sep-24 06:35:47.156	
0	0	0	0	2	0	0	12	0	0	0	19.8	28.5	0	0	22.7	10.0	10-Sep-24 06:35:47.199	
0	0	0	1	1	0	0	20	0	0	0	19.8	28.5	0	0	22.7	10.0	10-Sep-24 06:35:47.243	
0	0	0	0	1	0	0	17	0	0	0	19.8	28.5	0	0	22.7	10.0	10-Sep-24 06:35:47.288	
0	0	0	2	1	0	0	13	0	0	0	19.8	28.5	0	0	22.7	10.0	10-Sep-24 06:35:47.391	
0	0	0	2	1	0	0	11	0	0	0	19.8	28.5	0	0	22.7	10.0	10-Sep-24 06:35:47.435	
0	0	0	0	1	0	0	16	0	0	0	19.8	28.5	0	0	22.7	10.0	10-Sep-24 06:35:47.480	
0	0	0	2	1	0	0	20	0	0	0	19.8	28.5	0	0	22.7	10.0	10-Sep-24 06:35:47.523	
0	0	0	0	3	0	0	17	0	0	0	19.8	28.5	0	0	22.7	10.0	10-Sep-24 06:35:47.571	
0	0	0	0	1	0	0	15	0	0	0	19.8	28.5	0	0	22.7	10.0	10-Sep-24 06:35:47.616	
0	0	0	1	1	0	0	17	0	0	0	19.8	28.5	0	0	22.7	10.0	10-Sep-24 06:35:47.660	
0	0	0	0	2	0	0	13	0	0	0	19.8	28.5	0	0	22.7	10.0	10-Sep-24 06:35:47.703	
0	0	0	0	3	0	0	11	0	0	0	19.8	28.5	0	0	22.7	10.0	10-Sep-24 06:35:47.748	
0	0	0	0	1	0	0	19	0	0	0	19.8	28.5	0	0	22.7	10.0	10-Sep-24 06:35:47.791	
0	0	0	0	1	0	0	21	0	0	0	19.8	28.5	0	0	22.7	10.0	10-Sep-24 06:35:47.835	
0	0	0	1	1	0	0	12	0	0	0	19.8	28.5	0	0	22.7	10.0	10-Sep-24 06:35:47.880	
0	0	0	1	2	0	0	11	0	0	0	19.8	28.5	0	0	22.7	10.0	10-Sep-24 06:35:47.923	
0	0	0	0	3	0	0	8	0	0	0	19.8	28.5	0	0	22.7	10.0	10-Sep-24 06:35:47.968	
0	0	0	0	1	0	0	13	0	0	0	19.8	28.5	0	0	22.7	10.0	10-Sep-24 06:35:48.016	
0	0	0	1	1	0	0	17	0	0	0	19.8	28.5	0	0	22.7	10.0	10-Sep-24 06:35:48.068	
0	0	0	1	3	0	0	9	0	0	0	19.8	28.5	0	0	22.7	10.0	10-Sep-24 06:35:48.112	
0	0	0	1	2	0	0	12	0	0	0	19.8	28.5	0	0	22.7	10.0	10-Sep-24 06:35:48.155	
0	0	0	0	2	0	0	17	0	0	0	19.8	28.5	0	0	22.7	10.0	10-Sep-24 06:35:48.199	
0	0	0	1	2	0	0	19	0	0	0	19.8	28.5	0	0	22.7	10.0	10-Sep-24 06:35:48.243	
0	0	0	1	2	0	0	19	0	0	0	19.8	28.5	0	0	22.7	10.0	10-Sep-24 06:35:48.288	
0	0	0	0	2	0	0	13	0	0	0	19.8	28.5	0	0	22.7	10.0	10-Sep-24 06:35:48.332	
0	0	0	1	1	0	0	14	0	0	0	19.8	28.5	0	0	22.7	10.0	10-Sep-24 06:35:48.376	
0	0	0	1	2	0	0	14	0	0	0	19.8	28.5	0	0	22.7	10.0	10-Sep-24 06:35:48.478	
0	0	0	1	1	0	0	13	0	0	0	19.8	28.5	0	0	22.7	10.0	10-Sep-24 06:35:48.524	
0	0	0	1	2	0	0	14	0	0	0	19.8	28.5	0	0	22.7	10.0	10-Sep-24 06:35:48.575	
0	0	0	0	1	0	0	14	0	0	0	19.8	28.5	0	0	22.7	10.0	10-Sep-24 06:35:48.619	
0	0	0	1	2	0	0	19	0	0	0	19.8	28.5	0	0	22.7	10.0	10-Sep-24 06:35:48.664	
0	0	0	0	1	0	0	17	0	0	0	19.8	28.5	0	0	22.7	10.0	10-Sep-24 06:35:48.707	
0	0	0	0	1	0	0	12	0	0	0	19.8	28.5	0	0	22.7	10.0	10-Sep-24 06:35:48.751	
0	0	0	1	0	0	0	11	0	0	0	19.8	28.5	0	0	22.7	10.0	10-Sep-24 06:35:48.795	
0	0	0	0	1	0	0	9	0	0	0	19.8	28.5	0	0	22.7	10.0	10-Sep-24 06:35:48.839	
0	0	0	1	1	0	0	15	0	0	0	19.8	28.5	0	0	22.7	10.0	10-Sep-24 06:35:48.884	
0	0	0	1	1	0	0	12	0	0	0	19.8	28.5	0	0	22.7	10.0	10-Sep-24 06:35:48.927	
0	0	0	0	4	0	0	13	0	0	0	19.8	28.5	0	0	22.7	10.0	10-Sep-24 06:35:48.971	
0	0	0	1	2	0	0	9	0	0	0	19.8	28.5	0	0	22.7	10.0	10-Sep-24 06:35:49.015	
0	0	0	1	2	0	0	12	0	0	0	19.8	28.5	0	0	22.7	10.0	10-Sep-24 06:35:49.059	
0	0	0	0	1	0	0	11	0	0	0	19.8	28.5	0	0	22.7	10.0	10-Sep-24 06:35:49.111	
0	0	0	1	1	0	0	20	0	0	0	19.8	28.5	0	0	22.7	10.0	10-Sep-24 06:35:49.156	
0	0	0	1	1	0	0	22	0	0	0	19.8	28.5	0	0	22.7	10.0	10-Sep-24 06:35:49.200	
0	0	0	1	1	0	0	14	0	0	0	19.8	28.5	0	0	22.7	10.0	10-Sep-24 06:35:49.243	
0	0	0	1	2	0	0	15	0	0	0	19.8	28.5	0	0	22.7	10.0	10-Sep-24 06:35:49.288	
0	0	0	0	1	0	0	10	0	0	0	19.8	28.5	0	0	22.7	10.0	10-Sep-24 06:35:49.331	
0	0	0	0	1	0	0	11	0	0	0	19.8	28.5	0	0	22.7	10.0	10-Sep-24 06:35:49.376	
0	0	0	1	1	0	0	14	0	0	0	19.8	28.5	0	0	22.7	10.0	10-Sep-24 06:35:49.450	
0	0	0	1	2	0	0	11	0	0	0	19.8	28.5	0	0	22.7	10.0	10-Sep-24 06:35:49.606	
0	0	0	1	2	0	0	12	0	0	0	19.8	28.5	0	0	22.7	10.0	10-Sep-24 06:35:49.670	
0	0	0	1	1	0	0	11	0	0	0	19.8	28.5	0	0	22.7	10.0	10-Sep-24 06:35:49.716	
0	0	0	0	1	0	0	22	0	0	0	19.8	28.5	0	0	22.7	10.0	10-Sep-24 06:35:49.760	
0	0	0	0	1	0	0	10	0	0	0	19.8	28.5	0	0	22.7	10.0	10-Sep-24 06:35:49.804	
0	0	0	0	2	0	0	17	0	0	0	19.8	28.5	0	0	22.7	10.0	10-Sep-24 06:35:49.847	
0	0	0	0	2	0	0	11	0	0	0	19.8	28.5	0	0	22.7	10.0	10-Sep-24 06:35:49.891	
0	0	0	1	2	0	0	17	0	0	0	19.8	28.5	0	0	22.7	10.0	10-Sep-24 06:35:49.935	
0	0	0	1	2	0	0	15	0	0	0	19.8	28.5	0	0	22.7	10.0	10-Sep-24 06:35:49.980	
0	0	0	0	1	0	0	12	0	0	0	19.8	28.5	0	0	22.7	10.0	10-Sep-24 06:35:50.023	
0	0	0	2	1	0	0	7	0	0	0	19.8	28.5	0	0	22.7	10.0	10-Sep-24 06:35:50.068	
0	0	0	0	1	0	0	16	0	0	0	19.8	28.5	0	0	22.7	10.0	10-Sep-24 06:35:50.119	
0	0	0	0	2	0	0	14	0	0	0	19.8	28.5	0	0	22.7	10.0	10-Sep-24 06:35:50.165	
0	0	0	1	3	0	0	16	0	0	0	19.8	28.5	0	0	22.7	10.0	10-Sep-24 06:35:50.207	
0	0	0	0	1	0	0	10	0	0	0	19.8	28.5	0	0	22.7	10.0	10-Sep-24 06:35:50.252	
0	0	0	1	1	0	0	14	0	0	0	19.8	28.5	0	0	22.7	10.0	10-Sep-24 06:35:50.296	
0	0	0	0	1	0	0	13	0	0	0	19.8	28.5	0	0	22.7	10.0	10-Sep-24 06:35:50.339	
0	0	0	1	0	0	0	16	0	0	0	19.8	28.5	0	0	22.7	10.0	10-Sep-24 06:35:50.384	
0	0	0	1	0	0	0	15	0	0	0	19.8	28.5	0	0	22.7	10.0	10-Sep-24 06:35:50.427	
0	0	0	1	1	0	0	10	0	0	0	19.8	28.5	0	0	22.7	10.0	10-Sep-24 06:35:50.472	
0	0	0	0	1	0	0	20	0	0	0	19.8	28.5	0	0	22.7	10.0	10-Sep-24 06:35:50.515	
0	0	0	0	3	0	0	11	0	0	0	19.8	28.5	0	0	22.7	10.0	10-Sep-24 06:35:50.560	
0	0	0	0	1	0	0	19	0	0	0	19.8	28.5	0	0	22.7	10.0	10-Sep-24 06:35:50.672	
0	0	0	0	1	0	0	15	0	0	0	19.8	28.5	0	0	22.7	10.0	10-Sep-24 06:35:50.719	
0	0	0	0	0	0	0	20	0	0	0	19.8	28.5	0	0	22.7	10.0	10-Sep-24 06:35:50.763	
0	0	0	1	2	0	0	18	0	0	0	19.8	28.5	0	0	22.7	10.0	10-Sep-24 06:35:50.808	
0	0	0	0	1	0	0	16	0	0	0	19.8	28.5	0	0	22.7	10.0	10-Sep-24 06:35:50.851	
0	0	0	0	2	0	0	10	0	0	0	19.8	28.5	0	0	22.7	10.0	10-Sep-24 06:35:50.896	
0	0	0	0	2	0	0	22	0	0	0	19.8	28.5	0	0	22.7	10.0	10-Sep-24 06:35:50.939	
0	0	0	0	2	0	0	9	0	0	0	19.8	28.5	0	0	22.7	10.0	10-Sep-24 06:35:50.977	
0	0	0	1	2	0	0	11	0	0	0	19.8	28.5	0	0	22.7	10.0	10-Sep-24 06:35:51.020	
0	0	0	0	1	0	0	11	0	0	0	19.8	28.5	0	0	22.7	10.0	10-Sep-24 06:35:51.063	
0	0	0	0	2	0	0	20	0	0	0	19.8	28.5	0	0	22.7	10.0	10-Sep-24 06:35:51.108	
0	0	0	0	1	0	0	17	0	0	0	19.8	28.5	0	0	22.7	10.0	10-Sep-24 06:35:51.152	
0	0	0	0	1	0	0	16	0	0	0	19.8	28.5	0	0	22.7	10.0	10-Sep-24 06:35:51.196	
0	0	0	1	1	0	0	12	0	0	0	19.8	28.5	0	0	22.7	10.0	10-Sep-24 06:35:51.240	
0	0	0	1	1	0	0	12	0	0	0	19.8	28.5	0	0	22.7	10.0	10-Sep-24 06:35:51.283	
0	0	0	0	1	0	0	17	0	0	0	19.8	28.5	0	0	22.7	10.0	10-Sep-24 06:35:51.328	
0	0	0	1	1	0	0	6	0	0	0	19.8	28.5	0	0	22.7	10.0	10-Sep-24 06:35:51.372	
0	0	0	0	3	0	0	10	0	0	0	19.8	28.5	0	0	22.7	10.0	10-Sep-24 06:35:51.415	
0	0	0	1	3	0	0	19	0	0	0	19.8	28.5	0	0	22.7	10.0	10-Sep-24 06:35:51.460	
0	0	0	0	2	0	0	22	0	0	0	19.8	28.5	0	0	22.7	10.0	10-Sep-24 06:35:51.503	
0	0	0	0	2	0	0	15	0	0	0	19.8	28.5	0	0	22.7	10.0	10-Sep-24 06:35:51.547	
0	0	0	0	1	0	0	14	0	0	0	19.8	28.5	0	0	22.7	10.0	10-Sep-24 06:35:51.592	
0	0	0	0	2	0	0	9	0	0	0	19.8	28.5	0	0	22.7	10.0	10-Sep-24 06:35:51.643	
0	0	0	2	0	0	0	14	0	0	0	19.8	28.5	0	0	22.7	10.0	10-Sep-24 06:35:51.746	
0	0	0	1	2	0	0	15	0	0	0	19.8	28.5	0	0	22.7	10.0	10-Sep-24 06:35:51.792	
0	0	0	1	2	0	0	15	0	0	0	19.8	28.5	0	0	22.7	10.0	10-Sep-24 06:35:51.835	
0	0	0	1	2	0	0	13	0	0	0	19.8	28.5	0	0	22.7	10.0	10-Sep-24 06:35:51.880	
0	0	0	1	1	0	0	12	0	0	0	19.8	28.5	0	0	22.7	10.0	10-Sep-24 06:35:51.923	
0	0	0	1	1	0	0	12	0	0	0	19.8	28.5	0	0	22.7	10.0	10-Sep-24 06:35:51.967	
0	0	0	0	1	0	0	13	0	0	0	19.8	28.5	0	0	22.7	10.0	10-Sep-24 06:35:52.012	
0	0	0	3	1	0	0	16	0	0	0	19.8	28.5	0	0	22.7	10.0	10-Sep-24 06:35:52.055	
0	0	0	0	1	0	0	19	0	0	0	19.8	28.5	0	0	22.7	10.0	10-Sep-24 06:35:52.100	
0	0	0	1	0	0	0	20	0	0	0	19.8	28.5	0	0	22.7	10.0	10-Sep-24 06:35:52.151	
0	0	0	1	2	0	0	16	0	0	0	19.8	28.5	0	0	22.7	10.0	10-Sep-24 06:35:52.196	
0	0	0	1	2	0	0	12	0	0	0	19.8	28.5	0	0	22.7	10.0	10-Sep-24 06:35:52.239	
0	0	0	0	1	0	0	15	0	0	0	19.8	28.5	0	0	22.7	10.0	10-Sep-24 06:35:52.283	
0	0	0	1	1	0	0	14	0	0	0	19.8	28.5	0	0	22.7	10.0	10-Sep-24 06:35:52.327	
0	0	0	1	1	0	0	12	0	0	0	19.8	28.5	0	0	22.7	10.0	10-Sep-24 06:35:52.371	
0	0	0	0	1	0	0	10	0	0	0	19.8	28.5	0	0	22.7	10.0	10-Sep-24 06:35:52.416	
0	0	0	0	1	0	0	19	0	0	0	19.8	28.5	0	0	22.7	10.0	10-Sep-24 06:35:52.459	
0	0	0	0	2	0	0	9	0	0	0	19.8	28.5	0	0	22.7	10.0	10-Sep-24 06:35:52.504	
0	0	0	0	4	0	0	11	0	0	0	19.8	28.5	0	0	22.7	10.0	10-Sep-24 06:35:52.547	
0	0	0	0	2	0	0	15	0	0	0	19.8	28.5	0	0	22.7	10.0	10-Sep-24 06:35:52.591	
0	0	0	0	2	0	0	19	0	0	0	19.8	28.5	0	0	22.7	10.0	10-Sep-24 06:35:52.635	
0	0	0	0	0	0	0	13	0	0	0	19.8	28.5	0	0	22.7	10.0	10-Sep-24 06:35:52.687	
0	0	0	1	2	0	0	17	0	0	0	19.8	28.5	0	0	22.7	10.0	10-Sep-24 06:35:52.732	
0	0	0	1	1	0	0	13	0	0	0	19.8	28.5	0	0	22.7	10.0	10-Sep-24 06:35:52.825	
0	0	0	1	2	0	0	13	0	0	0	19.8	28.5	0	0	22.7	10.0	10-Sep-24 06:35:52.871	
0	0	0	0	2	0	0	10	0	0	0	19.8	28.5	0	0	22.7	10.0	10-Sep-24 06:35:52.915	
0	0	0	1	1	0	0	20	0	0	0	19.8	28.5	0	0	22.7	10.0	10-Sep-24 06:35:52.951	
0	0	0	0	2	0	0	10	0	0	0	19.8	28.5	0	0	22.7	10.0	10-Sep-24 06:35:52.995	
0	0	0	1	3	0	0	15	0	0	0	19.8	28.5	0	0	22.7	10.0	10-Sep-24 06:35:53.040	
0	0	0	1	1	0	0	19	0	0	0	19.8	28.5	0	0	22.7	10.0	10-Sep-24 06:35:53.083	
0	0	0	1	1	0	0	12	0	0	0	19.8	28.5	0	0	22.7	10.0	10-Sep-24 06:35:53.128	
0	0	0	1	3	0	0	18	0	0	0	19.8	28.5	0	0	22.7	10.0	10-Sep-24 06:35:53.179	
0	0	0	2	1	0	0	10	0	0	0	19.8	28.5	0	0	22.7	10.0	10-Sep-24 06:35:53.224	
0	0	0	0	2	0	0	15	0	0	0	19.8	28.5	0	0	22.7	10.0	10-Sep-24 06:35:53.267	
0	0	0	1	2	0	0	23	0	0	0	19.8	28.5	0	0	22.7	10.0	10-Sep-24 06:35:53.312	
0	0	0	0	2	0	0	15	0	0	0	19.8	28.5	0	0	22.7	10.0	10-Sep-24 06:35:53.356	
0	0	0	1	1	0	0	15	0	0	0	19.8	28.5	0	0	22.7	10.0	10-Sep-24 06:35:53.399	
0	0	0	0	1	0	0	16	0	0	0	19.8	28.5	0	0	22.7	10.0	10-Sep-24 06:35:53.444	
0	0	0	1	2	0	0	16	0	0	0	19.8	28.5	0	0	22.7	10.0	10-Sep-24 06:35:53.487	
0	0	0	1	1	0	0	11	0	0	0	19.8	28.5	0	0	22.7	10.0	10-Sep-24 06:35:53.531	
0	0	0	0	2	0	0	15	0	0	0	19.8	28.5	0	0	22.7	10.0	10-Sep-24 06:35:53.575	
0	0	0	1	2	0	0	14	0	0	0	19.8	28.5	0	0	22.7	10.0	10-Sep-24 06:35:53.619	
0	0	0	0	1	0	0	19	0	0	0	19.8	28.5	0	0	22.7	10.0	10-Sep-24 06:35:53.664	
0	0	0	1	1	0	0	19	0	0	0	19.8	28.5	0	0	22.7	10.0	10-Sep-24 06:35:53.713	
0	0	0	0	3	0	0	13	0	0	0	19.8	28.5	0	0	22.7	10.0	10-Sep-24 06:35:53.761	
0	0	0	3	4	0	0	16	0	0	0	19.8	28.5	0	0	22.7	10.0	10-Sep-24 06:35:53.803	
0	0	0	0	1	0	0	14	0	0	0	19.8	28.5	0	0	22.7	10.0	10-Sep-24 06:35:53.906	
0	0	0	0	1	0	0	15	0	0	0	19.8	28.5	0	0	22.7	10.0	10-Sep-24 06:35:53.952	
0	0	0	1	1	0	0	15	0	0	0	19.8	28.5	0	0	22.7	10.0	10-Sep-24 06:35:53.995	
0	0	0	0	2	0	0	15	0	0	0	19.8	28.5	0	0	22.7	10.0	10-Sep-24 06:35:54.039	
0	0	0	1	1	0	0	9	0	0	0	19.8	28.5	0	0	22.7	10.0	10-Sep-24 06:35:54.083	
0	0	0	1	2	0	0	12	0	0	0	19.8	28.5	0	0	22.7	10.0	10-Sep-24 06:35:54.119	
0	0	0	0	1	0	0	14	0	0	0	19.8	28.5	0	0	22.7	10.0	10-Sep-24 06:35:54.163	
0	0	0	0	1	0	0	15	0	0	0	19.8	28.5	0	0	22.7	10.0	10-Sep-24 06:35:54.215	
0	0	0	2	1	0	0	10	0	0	0	19.8	28.5	0	0	22.7	10.0	10-Sep-24 06:35:54.261	
0	0	0	0	4	0	0	22	0	0	0	19.8	28.5	0	0	22.7	10.0	10-Sep-24 06:35:54.304	
0	0	0	0	2	0	0	13	0	0	0	19.8	28.5	0	0	22.7	10.0	10-Sep-24 06:35:54.348	
0	0	0	1	1	0	0	19	0	0	0	19.8	28.5	0	0	22.7	10.0	10-Sep-24 06:35:54.391	
0	0	0	1	1	0	0	11	0	0	0	19.8	28.5	0	0	22.7	10.0	10-Sep-24 06:35:54.435	
0	0	0	0	1	0	0	13	0	0	0	19.8	28.5	0	0	22.7	10.0	10-Sep-24 06:35:54.479	
0	0	0	0	3	0	0	14	0	0	0	19.8	28.5	0	0	22.7	10.0	10-Sep-24 06:35:54.524	
0	0	0	2	1	0	0	20	0	0	0	19.8	28.5	0	0	22.7	10.0	10-Sep-24 06:35:54.567	
0	0	0	1	3	0	0	9	0	0	0	19.8	28.5	0	0	22.7	10.0	10-Sep-24 06:35:54.612	
0	0	0	1	1	0	0	17	0	0	0	19.8	28.5	0	0	22.7	10.0	10-Sep-24 06:35:54.655	
0	0	0	1	1	0	0	18	0	0	0	19.8	28.5	0	0	22.7	10.0	10-Sep-24 06:35:54.725	
0	0	0	1	3	0	0	13	0	0	0	19.8	28.5	0	0	22.7	10.0	10-Sep-24 06:35:54.814	
0	0	0	0	2	0	0	14	0	0	0	19.8	28.5	0	0	22.7	10.0	10-Sep-24 06:35:54.889	
0	0	0	0	1	0	0	11	0	0	0	19.8	28.5	0	0	22.7	10.0	10-Sep-24 06:35:54.982	
0	0	0	0	1	0	0	15	0	0	0	19.8	28.5	0	0	22.7	10.0	10-Sep-24 06:35:55.027	
0	0	0	2	1	0	0	13	0	0	0	19.8	28.5	0	0	22.7	10.0	10-Sep-24 06:35:55.072	
0	0	0	1	1	0	0	7	0	0	0	19.8	28.5	0	0	22.7	10.0	10-Sep-24 06:35:55.116	
0	0	0	0	1	0	0	17	0	0	0	19.8	28.5	0	0	22.7	10.0	10-Sep-24 06:35:55.160	
0	0	0	1	1	0	0	17	0	0	0	19.8	28.5	0	0	22.7	10.0	10-Sep-24 06:35:55.212	
0	0	0	0	1	0	0	15	0	0	0	19.8	28.5	0	0	22.7	10.0	10-Sep-24 06:35:55.257	
0	0	0	0	2	0	0	11	0	0	0	19.8	28.5	0	0	22.7	10.0	10-Sep-24 06:35:55.300	
0	0	0	0	0	0	0	7	0	0	0	19.8	28.5	0	0	22.7	10.0	10-Sep-24 06:35:55.343	
0	0	0	2	3	0	0	19	0	0	0	19.8	28.5	0	0	22.7	10.0	10-Sep-24 06:35:55.388	
0	0	0	1	4	0	0	15	0	0	0	19.8	28.5	0	0	22.7	10.0	10-Sep-24 06:35:55.431	
0	0	0	0	2	0	0	19	0	0	0	19.8	28.5	0	0	22.7	10.0	10-Sep-24 06:35:55.476	
0	0	0	0	2	0	0	14	0	0	0	19.8	28.5	0	0	22.7	10.0	10-Sep-24 06:35:55.520	
0	0	0	0	2	0	0	17	0	0	0	19.8	28.5	0	0	22.7	10.0	10-Sep-24 06:35:55.563	
0	0	0	0	1	0	0	11	0	0	0	19.8	28.5	0	0	22.7	10.0	10-Sep-24 06:35:55.608	
0	0	0	0	2	0	0	10	0	0	0	19.8	28.5	0	0	22.7	10.0	10-Sep-24 06:35:55.651	
0	0	0	0	1	0	0	16	0	0	0	19.8	28.5	0	0	22.7	10.0	10-Sep-24 06:35:55.696	
0	0	0	0	3	0	0	18	0	0	0	19.8	28.5	0	0	22.7	10.0	10-Sep-24 06:35:55.742	
0	0	0	0	1	0	0	13	0	0	0	19.8	28.5	0	0	22.7	10.0	10-Sep-24 06:35:55.788	
0	0	0	0	0	0	0	13	0	0	0	19.8	28.5	0	0	22.7	10.0	10-Sep-24 06:35:55.832	
0	0	0	0	2	0	0	15	0	0	0	19.8	28.5	0	0	22.7	10.0	10-Sep-24 06:35:55.875	
0	0	0	1	3	0	0	14	0	0	0	19.8	28.5	0	0	22.7	10.0	10-Sep-24 06:35:55.920	
0	0	0	0	3	0	0	11	0	0	0	19.8	28.5	0	0	22.7	10.0	10-Sep-24 06:35:55.964	
0	0	0	0	0	0	0	9	0	0	0	19.8	28.5	0	0	22.7	10.0	10-Sep-24 06:35:56.065	
0	0	0	1	2	0	0	13	0	0	0	19.8	28.5	0	0	22.7	10.0	10-Sep-24 06:35:56.112	
0	0	0	0	0	0	0	15	0	0	0	19.8	28.5	0	0	22.7	10.0	10-Sep-24 06:35:56.155	
0	0	0	1	1	0	0	20	0	0	0	19.8	28.5	0	0	22.7	10.0	10-Sep-24 06:35:56.200	
0	0	0	1	1	0	0	16	0	0	0	19.8	28.5	0	0	22.7	10.0	10-Sep-24 06:35:56.248	
0	0	0	1	1	0	0	13	0	0	0	19.8	28.5	0	0	22.7	10.0	10-Sep-24 06:35:56.295	
0	0	0	2	2	0	0	15	0	0	0	19.8	28.5	0	0	22.7	10.0	10-Sep-24 06:35:56.340	
0	0	0	0	3	0	0	11	0	0	0	19.8	28.5	0	0	22.7	10.0	10-Sep-24 06:35:56.383	
0	0	0	0	1	0	0	13	0	0	0	19.8	28.5	0	0	22.7	10.0	10-Sep-24 06:35:56.428	
0	0	0	1	2	0	0	19	0	0	0	19.8	28.5	0	0	22.7	10.0	10-Sep-24 06:35:56.471	
0	0	0	0	4	0	0	16	0	0	0	19.8	28.5	0	0	22.7	10.0	10-Sep-24 06:35:56.515	
0	0	0	1	1	0	0	19	0	0	0	19.8	28.5	0	0	22.7	10.0	10-Sep-24 06:35:56.560	
0	0	0	1	1	0	0	8	0	0	0	19.8	28.5	0	0	22.7	10.0	10-Sep-24 06:35:56.603	
0	0	0	2	2	0	0	12	0	0	0	19.8	28.5	0	0	22.7	10.0	10-Sep-24 06:35:56.647	
0	0	0	1	1	0	0	15	0	0	0	19.8	28.5	0	0	22.7	10.0	10-Sep-24 06:35:56.692	
0	0	0	1	1	0	0	11	0	0	0	19.8	28.5	0	0	22.7	10.0	10-Sep-24 06:35:56.743	
0	0	0	0	2	0	0	14	0	0	0	19.8	28.5	0	0	22.7	10.0	10-Sep-24 06:35:56.787	
0	0	0	0	0	0	0	13	0	0	0	19.8	28.5	0	0	22.7	10.0	10-Sep-24 06:35:56.832	
0	0	0	0	2	0	0	16	0	0	0	19.8	28.5	0	0	22.7	10.0	10-Sep-24 06:35:56.876	
0	0	0	2	3	0	0	23	0	0	0	19.8	28.5	0	0	22.7	10.0	10-Sep-24 06:35:56.919	
0	0	0	0	2	0	0	11	0	0	0	19.8	28.5	0	0	22.7	10.0	10-Sep-24 06:35:56.964	
0	0	0	0	1	0	0	20	0	0	0	19.8	28.5	0	0	22.7	10.0	10-Sep-24 06:35:57.007	
0	0	0	1	2	0	0	14	0	0	0	19.8	28.5	0	0	22.7	10.0	10-Sep-24 06:35:57.052	
0	0	0	1	1	0	0	12	0	0	0	19.8	28.5	0	0	22.7	10.0	10-Sep-24 06:35:57.155	
0	0	0	1	2	0	0	23	0	0	0	19.8	28.5	0	0	22.7	10.0	10-Sep-24 06:35:57.199	
0	0	0	0	2	0	0	14	0	0	0	19.8	28.5	0	0	22.7	10.0	10-Sep-24 06:35:57.251	
0	0	0	0	1	0	0	13	0	0	0	19.8	28.5	0	0	22.7	10.0	10-Sep-24 06:35:57.290	
0	0	0	1	1	0	0	8	0	0	0	19.8	28.5	0	0	22.7	10.0	10-Sep-24 06:35:57.326	
0	0	0	0	2	0	0	11	0	0	0	19.8	28.5	0	0	22.7	10.0	10-Sep-24 06:35:57.372	
0	0	0	1	2	0	0	10	0	0	0	19.8	28.5	0	0	22.7	10.0	10-Sep-24 06:35:57.415	
0	0	0	0	1	0	0	15	0	0	0	19.8	28.5	0	0	22.7	10.0	10-Sep-24 06:35:57.460	
0	0	0	0	4	0	0	15	0	0	0	19.8	28.5	0	0	22.7	10.0	10-Sep-24 06:35:57.503	
0	0	0	0	1	0	0	16	0	0	0	19.8	28.5	0	0	22.7	10.0	10-Sep-24 06:35:57.547	
0	0	0	1	4	0	0	10	0	0	0	19.8	28.5	0	0	22.7	10.0	10-Sep-24 06:35:57.591	
0	0	0	0	3	0	0	17	0	0	0	19.8	28.5	0	0	22.7	10.0	10-Sep-24 06:35:57.635	
0	0	0	0	1	0	0	10	0	0	0	19.8	28.5	0	0	22.7	10.0	10-Sep-24 06:35:57.679	
0	0	0	0	1	0	0	10	0	0	0	19.8	28.5	0	0	22.7	10.0	10-Sep-24 06:35:57.723	
0	0	0	1	1	0	0	11	0	0	0	19.8	28.5	0	0	22.7	10.0	10-Sep-24 06:35:57.773	
0	0	0	1	1	0	0	7	0	0	0	19.8	28.5	0	0	22.7	10.0	10-Sep-24 06:35:57.820	
0	0	0	0	1	0	0	12	0	0	0	19.8	28.5	0	0	22.7	10.0	10-Sep-24 06:35:57.863	
0	0	0	0	1	0	0	19	0	0	0	19.8	28.5	0	0	22.7	10.0	10-Sep-24 06:35:57.907	
0	0	0	0	1	0	0	7	0	0	0	19.8	28.5	0	0	22.7	10.0	10-Sep-24 06:35:57.951	
0	0	0	0	1	0	0	20	0	0	0	19.8	28.5	0	0	22.7	10.0	10-Sep-24 06:35:57.995	
0	0	0	2	2	0	0	14	0	0	0	19.8	28.5	0	0	22.7	10.0	10-Sep-24 06:35:58.039	
0	0	0	0	1	0	0	12	0	0	0	19.8	28.5	0	0	22.7	10.0	10-Sep-24 06:35:58.084	
0	0	0	0	2	0	0	14	0	0	0	19.8	28.5	0	0	22.7	10.0	10-Sep-24 06:35:58.127	
0	0	0	1	2	0	0	10	0	0	0	19.8	28.5	0	0	22.7	10.0	10-Sep-24 06:35:58.229	
0	0	0	0	1	0	0	12	0	0	0	19.8	28.5	0	0	22.7	10.0	10-Sep-24 06:35:58.282	
0	0	0	1	1	0	0	12	0	0	0	19.8	28.5	0	0	22.7	10.0	10-Sep-24 06:35:58.328	
0	0	0	0	2	0	0	9	0	0	0	19.8	28.5	0	0	22.7	10.0	10-Sep-24 06:35:58.371	
0	0	0	0	2	0	0	18	0	0	0	19.8	28.5	0	0	22.7	10.0	10-Sep-24 06:35:58.415	
0	0	0	1	0	0	0	17	0	0	0	19.8	28.5	0	0	22.7	10.0	10-Sep-24 06:35:58.463	
0	0	0	0	1	0	0	12	0	0	0	19.8	28.5	0	0	22.7	10.0	10-Sep-24 06:35:58.508	
0	0	0	0	3	0	0	17	0	0	0	19.8	28.5	0	0	22.7	10.0	10-Sep-24 06:35:58.551	
0	0	0	1	3	0	0	16	0	0	0	19.8	28.5	0	0	22.7	10.0	10-Sep-24 06:35:58.596	
0	0	0	1	3	0	0	19	0	0	0	19.8	28.5	0	0	22.7	10.0	10-Sep-24 06:35:58.639	
0	0	0	0	2	0	0	12	0	0	0	19.8	28.5	0	0	22.7	10.0	10-Sep-24 06:35:58.683	
0	0	0	0	2	0	0	8	0	0	0	19.8	28.5	0	0	22.7	10.0	10-Sep-24 06:35:58.727	
0	0	0	0	2	0	0	10	0	0	0	19.8	28.5	0	0	22.7	10.0	10-Sep-24 06:35:58.772	
0	0	0	0	1	0	0	16	0	0	0	19.8	28.5	0	0	22.7	10.0	10-Sep-24 06:35:58.823	
0	0	0	1	1	0	0	7	0	0	0	19.8	28.5	0	0	22.7	10.0	10-Sep-24 06:35:58.868	
0	0	0	1	3	0	0	18	0	0	0	19.8	28.5	0	0	22.7	10.0	10-Sep-24 06:35:58.912	
0	0	0	0	3	0	0	11	0	0	0	19.8	28.5	0	0	22.7	10.0	10-Sep-24 06:35:58.955	
0	0	0	0	2	0	0	16	0	0	0	19.8	28.5	0	0	22.7	10.0	10-Sep-24 06:35:59.000	
0	0	0	1	1	0	0	17	0	0	0	19.8	28.5	0	0	22.7	10.0	10-Sep-24 06:35:59.043	
0	0	0	0	1	0	0	13	0	0	0	19.8	28.5	0	0	22.7	10.0	10-Sep-24 06:35:59.087	
0	0	0	0	1	0	0	18	0	0	0	19.8	28.5	0	0	22.7	10.0	10-Sep-24 06:35:59.136	
0	0	0	1	1	0	0	10	0	0	0	19.8	28.5	0	0	22.7	10.0	10-Sep-24 06:35:59.179	
0	0	0	1	1	0	0	21	0	0	0	19.8	28.5	0	0	22.7	10.0	10-Sep-24 06:35:59.287	
0	0	0	1	2	0	0	17	0	0	0	19.8	28.5	0	0	22.7	10.0	10-Sep-24 06:35:59.336	
0	0	0	0	1	0	0	11	0	0	0	19.8	28.5	0	0	22.7	10.0	10-Sep-24 06:35:59.380	
0	0	0	2	3	0	0	18	0	0	0	19.8	28.5	0	0	22.7	10.0	10-Sep-24 06:35:59.424	
0	0	0	0	3	0	0	17	0	0	0	19.8	28.5	0	0	22.7	10.0	10-Sep-24 06:35:59.467	
0	0	0	0	1	0	0	17	0	0	0	19.8	28.5	0	0	22.7	10.0	10-Sep-24 06:35:59.511	
0	0	0	1	1	0	0	18	0	0	0	19.8	28.5	0	0	22.7	10.0	10-Sep-24 06:35:59.555	
0	0	0	0	1	0	0	18	0	0	0	19.8	28.5	0	0	22.7	10.0	10-Sep-24 06:35:59.599	
0	0	0	0	1	0	0	18	0	0	0	19.8	28.5	0	0	22.7	10.0	10-Sep-24 06:35:59.644	
0	0	0	0	2	0	0	14	0	0	0	19.8	28.5	0	0	22.7	10.0	10-Sep-24 06:35:59.687	
0	0	0	2	2	0	0	8	0	0	0	19.8	28.5	0	0	22.7	10.0	10-Sep-24 06:35:59.732	
0	0	0	1	1	0	0	15	0	0	0	19.8	28.5	0	0	22.7	10.0	10-Sep-24 06:35:59.775	
0	0	0	2	1	0	0	12	0	0	0	19.8	28.5	0	0	22.7	10.0	10-Sep-24 06:35:59.826	
0	0	0	1	2	0	0	10	0	0	0	19.8	28.5	0	0	22.7	10.0	10-Sep-24 06:35:59.872	
0	0	0	0	1	0	0	7	0	0	0	19.8	28.5	0	0	22.7	10.0	10-Sep-24 06:35:59.944	
0	0	0	1	3	0	0	15	0	0	0	19.8	28.5	0	0	22.7	10.0	10-Sep-24 06:36:00.044	
0	0	0	1	1	0	0	16	0	0	0	19.8	28.5	0	0	22.7	10.0	10-Sep-24 06:36:00.115	
0	0	0	1	3	0	0	9	0	0	0	19.8	28.5	0	0	22.7	10.0	10-Sep-24 06:36:00.161	
0	0	0	0	2	0	0	12	0	0	0	19.8	28.5	0	0	22.7	10.0	10-Sep-24 06:36:00.203	
0	0	0	1	1	0	0	12	0	0	0	19.8	28.5	0	0	22.7	10.0	10-Sep-24 06:36:00.248	
0	0	0	0	2	0	0	18	0	0	0	19.8	28.5	0	0	22.7	10.0	10-Sep-24 06:36:00.348	
0	0	0	1	1	0	0	13	0	0	0	19.8	28.5	0	0	22.7	10.0	10-Sep-24 06:36:00.396	
0	0	0	0	2	0	0	13	0	0	0	19.8	28.5	0	0	22.7	10.0	10-Sep-24 06:36:00.439	
0	0	0	2	1	0	0	21	0	0	0	19.8	28.5	0	0	22.7	10.0	10-Sep-24 06:36:00.484	
0	0	0	0	1	0	0	16	0	0	0	19.8	28.5	0	0	22.7	10.0	10-Sep-24 06:36:00.527	
0	0	0	0	3	0	0	15	0	0	0	19.8	28.5	0	0	22.7	10.0	10-Sep-24 06:36:00.571	
0	0	0	1	1	0	0	16	0	0	0	19.8	28.5	0	0	22.7	10.0	10-Sep-24 06:36:00.615	
0	0	0	0	1	0	0	16	0	0	0	19.8	28.5	0	0	22.7	10.0	10-Sep-24 06:36:00.660	
0	0	0	0	1	0	0	26	0	0	0	19.8	28.5	0	0	22.7	10.0	10-Sep-24 06:36:00.696	
0	0	0	1	3	0	0	15	0	0	0	19.8	28.5	0	0	22.7	10.0	10-Sep-24 06:36:00.739	
0	0	0	0	1	0	0	13	0	0	0	19.8	28.5	0	0	22.7	10.0	10-Sep-24 06:36:00.784	
0	0	0	1	3	0	0	9	0	0	0	19.8	28.5	0	0	22.7	10.0	10-Sep-24 06:36:00.834	
