C1	C2	C3	C4	C5	C6	C7	C8	BC1	BC2	BC3	BC4	BC5	BC6	BC7	BC8	IT	T

0	0	0	4	9	0	0	228	0	0	0	19.8	28.5	0	0	22.7	10.0	10-Sep-24 05:56:09.078	
0	0	0	2	14	0	0	199	0	0	0	19.8	28.5	0	0	22.7	10.0	10-Sep-24 05:56:09.124	
0	0	0	1	13	0	0	229	0	0	0	19.8	28.5	0	0	22.7	10.0	10-Sep-24 05:56:09.168	
0	0	0	2	9	0	0	193	0	0	0	19.8	28.5	0	0	22.7	10.0	10-Sep-24 05:56:09.212	
0	0	0	3	17	0	0	208	0	0	0	19.8	28.5	0	0	22.7	10.0	10-Sep-24 05:56:09.256	
0	0	0	1	9	0	0	216	0	0	0	19.8	28.5	0	0	22.7	10.0	10-Sep-24 05:56:09.300	
0	0	0	3	5	0	0	211	0	0	0	19.8	28.5	0	0	22.7	10.0	10-Sep-24 05:56:09.343	
0	0	0	3	7	0	0	213	0	0	0	19.8	28.5	0	0	22.7	10.0	10-Sep-24 05:56:09.388	
0	0	0	1	11	0	0	216	0	0	0	19.8	28.5	0	0	22.7	10.0	10-Sep-24 05:56:09.431	
0	0	0	3	10	0	0	183	0	0	0	19.8	28.5	0	0	22.7	10.0	10-Sep-24 05:56:09.482	
0	0	0	3	10	0	0	230	0	0	0	19.8	28.5	0	0	22.7	10.0	10-Sep-24 05:56:09.519	
0	0	0	2	6	0	0	217	0	0	0	19.8	28.5	0	0	22.7	10.0	10-Sep-24 05:56:09.584	
0	0	0	1	13	0	0	223	0	0	0	19.8	28.5	0	0	22.7	10.0	10-Sep-24 05:56:09.730	
0	0	0	1	9	0	0	217	0	0	0	19.8	28.5	0	0	22.7	10.0	10-Sep-24 05:56:09.786	
0	0	0	3	9	0	0	204	0	0	0	19.8	28.5	0	0	22.7	10.0	10-Sep-24 05:56:09.832	
0	0	0	3	12	0	0	227	0	0	0	19.8	28.5	0	0	22.7	10.0	10-Sep-24 05:56:09.876	
0	0	0	1	15	0	0	201	0	0	0	19.8	28.5	0	0	22.7	10.0	10-Sep-24 05:56:09.921	
0	0	0	1	12	0	0	209	0	0	0	19.8	28.5	0	0	22.7	10.0	10-Sep-24 05:56:09.972	
0	0	0	4	4	0	0	204	0	0	0	19.8	28.5	0	0	22.7	10.0	10-Sep-24 05:56:10.016	
0	0	0	4	11	0	0	217	0	0	0	19.8	28.5	0	0	22.7	10.0	10-Sep-24 05:56:10.060	
0	0	0	3	12	0	0	212	0	0	0	19.8	28.5	0	0	22.7	10.0	10-Sep-24 05:56:10.104	
0	0	0	2	8	0	0	210	0	0	0	19.8	28.5	0	0	22.7	10.0	10-Sep-24 05:56:10.148	
0	0	0	2	9	0	0	209	0	0	0	19.8	28.5	0	0	22.7	10.0	10-Sep-24 05:56:10.192	
0	0	0	3	14	0	0	219	0	0	0	19.8	28.5	0	0	22.7	10.0	10-Sep-24 05:56:10.236	
0	0	0	2	8	0	0	211	0	0	0	19.8	28.5	0	0	22.7	10.0	10-Sep-24 05:56:10.280	
0	0	0	1	11	0	0	231	0	0	0	19.8	28.5	0	0	22.7	10.0	10-Sep-24 05:56:10.324	
0	0	0	3	6	0	0	211	0	0	0	19.8	28.5	0	0	22.7	10.0	10-Sep-24 05:56:10.367	
0	0	0	2	8	0	0	206	0	0	0	19.8	28.5	0	0	22.7	10.0	10-Sep-24 05:56:10.439	
0	0	0	2	13	0	0	178	0	0	0	19.8	28.5	0	0	22.7	10.0	10-Sep-24 05:56:10.544	
0	0	0	1	6	0	0	221	0	0	0	19.8	28.5	0	0	22.7	10.0	10-Sep-24 05:56:10.618	
0	0	0	4	16	0	0	218	0	0	0	19.8	28.5	0	0	22.7	10.0	10-Sep-24 05:56:10.665	
0	0	0	1	9	0	0	191	0	0	0	19.8	28.5	0	0	22.7	10.0	10-Sep-24 05:56:10.708	
0	0	0	4	9	0	0	208	0	0	0	19.8	28.5	0	0	22.7	10.0	10-Sep-24 05:56:10.810	
0	0	0	3	7	0	0	221	0	0	0	19.8	28.5	0	0	22.7	10.0	10-Sep-24 05:56:10.855	
0	0	0	3	7	0	0	204	0	0	0	19.8	28.5	0	0	22.7	10.0	10-Sep-24 05:56:10.900	
0	0	0	3	8	0	0	220	0	0	0	19.8	28.5	0	0	22.7	10.0	10-Sep-24 05:56:10.943	
0	0	0	3	7	0	0	213	0	0	0	19.8	28.5	0	0	22.7	10.0	10-Sep-24 05:56:10.997	
0	0	0	3	16	0	0	210	0	0	0	19.8	28.5	0	0	22.7	10.0	10-Sep-24 05:56:11.041	
0	0	0	2	8	0	0	222	0	0	0	19.8	28.5	0	0	22.7	10.0	10-Sep-24 05:56:11.084	
0	0	0	3	11	0	0	221	0	0	0	19.8	28.5	0	0	22.7	10.0	10-Sep-24 05:56:11.128	
0	0	0	3	5	0	0	203	0	0	0	19.8	28.5	0	0	22.7	10.0	10-Sep-24 05:56:11.172	
0	0	0	2	13	0	0	216	0	0	0	19.8	28.5	0	0	22.7	10.0	10-Sep-24 05:56:11.216	
0	0	0	5	10	0	0	209	0	0	0	19.8	28.5	0	0	22.7	10.0	10-Sep-24 05:56:11.260	
0	0	0	1	9	0	0	210	0	0	0	19.8	28.5	0	0	22.7	10.0	10-Sep-24 05:56:11.304	
0	0	0	2	8	0	0	210	0	0	0	19.8	28.5	0	0	22.7	10.0	10-Sep-24 05:56:11.340	
0	0	0	4	11	0	0	211	0	0	0	19.8	28.5	0	0	22.7	10.0	10-Sep-24 05:56:11.384	
0	0	0	3	9	0	0	206	0	0	0	19.8	28.5	0	0	22.7	10.0	10-Sep-24 05:56:11.427	
0	0	0	3	3	0	0	219	0	0	0	19.8	28.5	0	0	22.7	10.0	10-Sep-24 05:56:11.472	
0	0	0	3	11	0	0	224	0	0	0	19.8	28.5	0	0	22.7	10.0	10-Sep-24 05:56:11.513	
0	0	0	1	10	0	0	209	0	0	0	19.8	28.5	0	0	22.7	10.0	10-Sep-24 05:56:11.556	
0	0	0	1	13	0	0	208	0	0	0	19.8	28.5	0	0	22.7	10.0	10-Sep-24 05:56:11.600	
0	0	0	4	9	0	0	179	0	0	0	19.8	28.5	0	0	22.7	10.0	10-Sep-24 05:56:11.644	
0	0	0	2	10	0	0	217	0	0	0	19.8	28.5	0	0	22.7	10.0	10-Sep-24 05:56:11.688	
0	0	0	4	6	0	0	195	0	0	0	19.8	28.5	0	0	22.7	10.0	10-Sep-24 05:56:11.732	
0	0	0	5	9	0	0	201	0	0	0	19.8	28.5	0	0	22.7	10.0	10-Sep-24 05:56:11.776	
0	0	0	2	6	0	0	210	0	0	0	19.8	28.5	0	0	22.7	10.0	10-Sep-24 05:56:11.878	
0	0	0	2	18	0	0	219	0	0	0	19.8	28.5	0	0	22.7	10.0	10-Sep-24 05:56:11.924	
0	0	0	1	10	0	0	213	0	0	0	19.8	28.5	0	0	22.7	10.0	10-Sep-24 05:56:11.968	
0	0	0	3	9	0	0	225	0	0	0	19.8	28.5	0	0	22.7	10.0	10-Sep-24 05:56:12.019	
0	0	0	2	13	0	0	162	0	0	0	19.8	28.5	0	0	22.7	10.0	10-Sep-24 05:56:12.064	
0	0	0	1	11	0	0	222	0	0	0	19.8	28.5	0	0	22.7	10.0	10-Sep-24 05:56:12.108	
0	0	0	2	13	0	0	258	0	0	0	19.8	28.5	0	0	22.7	10.0	10-Sep-24 05:56:12.152	
0	0	0	3	12	0	0	218	0	0	0	19.8	28.5	0	0	22.7	10.0	10-Sep-24 05:56:12.196	
0	0	0	1	7	0	0	223	0	0	0	19.8	28.5	0	0	22.7	10.0	10-Sep-24 05:56:12.239	
0	0	0	3	11	0	0	217	0	0	0	19.8	28.5	0	0	22.7	10.0	10-Sep-24 05:56:12.284	
0	0	0	4	12	0	0	211	0	0	0	19.8	28.5	0	0	22.7	10.0	10-Sep-24 05:56:12.328	
0	0	0	4	7	0	0	196	0	0	0	19.8	28.5	0	0	22.7	10.0	10-Sep-24 05:56:12.372	
0	0	0	3	12	0	0	218	0	0	0	19.8	28.5	0	0	22.7	10.0	10-Sep-24 05:56:12.417	
0	0	0	5	8	0	0	189	0	0	0	19.8	28.5	0	0	22.7	10.0	10-Sep-24 05:56:12.460	
0	0	0	5	6	0	0	197	0	0	0	19.8	28.5	0	0	22.7	10.0	10-Sep-24 05:56:12.503	
0	0	0	2	10	0	0	211	0	0	0	19.8	28.5	0	0	22.7	10.0	10-Sep-24 05:56:12.555	
0	0	0	3	10	0	0	191	0	0	0	19.8	28.5	0	0	22.7	10.0	10-Sep-24 05:56:12.601	
0	0	0	1	15	0	0	205	0	0	0	19.8	28.5	0	0	22.7	10.0	10-Sep-24 05:56:12.644	
0	0	0	3	11	0	0	183	0	0	0	19.8	28.5	0	0	22.7	10.0	10-Sep-24 05:56:12.688	
0	0	0	3	10	0	0	186	0	0	0	19.8	28.5	0	0	22.7	10.0	10-Sep-24 05:56:12.732	
0	0	0	3	9	0	0	193	0	0	0	19.8	28.5	0	0	22.7	10.0	10-Sep-24 05:56:12.776	
0	0	0	1	13	0	0	195	0	0	0	19.8	28.5	0	0	22.7	10.0	10-Sep-24 05:56:12.820	
0	0	0	4	10	0	0	232	0	0	0	19.8	28.5	0	0	22.7	10.0	10-Sep-24 05:56:12.864	
0	0	0	4	10	0	0	200	0	0	0	19.8	28.5	0	0	22.7	10.0	10-Sep-24 05:56:12.966	
0	0	0	6	15	0	0	226	0	0	0	19.8	28.5	0	0	22.7	10.0	10-Sep-24 05:56:13.012	
0	0	0	1	12	0	0	209	0	0	0	19.8	28.5	0	0	22.7	10.0	10-Sep-24 05:56:13.063	
0	0	0	3	7	0	0	174	0	0	0	19.8	28.5	0	0	22.7	10.0	10-Sep-24 05:56:13.108	
0	0	0	1	7	0	0	226	0	0	0	19.8	28.5	0	0	22.7	10.0	10-Sep-24 05:56:13.152	
0	0	0	2	10	0	0	242	0	0	0	19.8	28.5	0	0	22.7	10.0	10-Sep-24 05:56:13.196	
0	0	0	4	13	0	0	232	0	0	0	19.8	28.5	0	0	22.7	10.0	10-Sep-24 05:56:13.240	
0	0	0	1	5	0	0	200	0	0	0	19.8	28.5	0	0	22.7	10.0	10-Sep-24 05:56:13.284	
0	0	0	2	10	0	0	235	0	0	0	19.8	28.5	0	0	22.7	10.0	10-Sep-24 05:56:13.328	
0	0	0	2	6	0	0	221	0	0	0	19.8	28.5	0	0	22.7	10.0	10-Sep-24 05:56:13.372	
0	0	0	2	5	0	0	189	0	0	0	19.8	28.5	0	0	22.7	10.0	10-Sep-24 05:56:13.416	
0	0	0	2	10	0	0	219	0	0	0	19.8	28.5	0	0	22.7	10.0	10-Sep-24 05:56:13.460	
0	0	0	4	12	0	0	202	0	0	0	19.8	28.5	0	0	22.7	10.0	10-Sep-24 05:56:13.505	
0	0	0	3	11	0	0	208	0	0	0	19.8	28.5	0	0	22.7	10.0	10-Sep-24 05:56:13.555	
0	0	0	4	9	0	0	219	0	0	0	19.8	28.5	0	0	22.7	10.0	10-Sep-24 05:56:13.600	
0	0	0	3	10	0	0	207	0	0	0	19.8	28.5	0	0	22.7	10.0	10-Sep-24 05:56:13.644	
0	0	0	2	12	0	0	198	0	0	0	19.8	28.5	0	0	22.7	10.0	10-Sep-24 05:56:13.688	
0	0	0	4	9	0	0	222	0	0	0	19.8	28.5	0	0	22.7	10.0	10-Sep-24 05:56:13.731	
0	0	0	2	13	0	0	186	0	0	0	19.8	28.5	0	0	22.7	10.0	10-Sep-24 05:56:13.776	
0	0	0	4	11	0	0	207	0	0	0	19.8	28.5	0	0	22.7	10.0	10-Sep-24 05:56:13.820	
0	0	0	6	10	0	0	207	0	0	0	19.8	28.5	0	0	22.7	10.0	10-Sep-24 05:56:13.864	
0	0	0	5	10	0	0	223	0	0	0	19.8	28.5	0	0	22.7	10.0	10-Sep-24 05:56:13.908	
0	0	0	4	6	0	0	185	0	0	0	19.8	28.5	0	0	22.7	10.0	10-Sep-24 05:56:13.952	
0	0	0	3	11	0	0	184	0	0	0	19.8	28.5	0	0	22.7	10.0	10-Sep-24 05:56:14.063	
0	0	0	2	15	0	0	216	0	0	0	19.8	28.5	0	0	22.7	10.0	10-Sep-24 05:56:14.108	
0	0	0	1	15	0	0	216	0	0	0	19.8	28.5	0	0	22.7	10.0	10-Sep-24 05:56:14.152	
0	0	0	2	10	0	0	206	0	0	0	19.8	28.5	0	0	22.7	10.0	10-Sep-24 05:56:14.196	
0	0	0	2	4	0	0	221	0	0	0	19.8	28.5	0	0	22.7	10.0	10-Sep-24 05:56:14.240	
0	0	0	1	7	0	0	224	0	0	0	19.8	28.5	0	0	22.7	10.0	10-Sep-24 05:56:14.284	
0	0	0	3	6	0	0	227	0	0	0	19.8	28.5	0	0	22.7	10.0	10-Sep-24 05:56:14.327	
0	0	0	2	5	0	0	223	0	0	0	19.8	28.5	0	0	22.7	10.0	10-Sep-24 05:56:14.372	
0	0	0	3	11	0	0	194	0	0	0	19.8	28.5	0	0	22.7	10.0	10-Sep-24 05:56:14.416	
0	0	0	1	11	0	0	212	0	0	0	19.8	28.5	0	0	22.7	10.0	10-Sep-24 05:56:14.460	
0	0	0	1	13	0	0	225	0	0	0	19.8	28.5	0	0	22.7	10.0	10-Sep-24 05:56:14.504	
0	0	0	2	11	0	0	232	0	0	0	19.8	28.5	0	0	22.7	10.0	10-Sep-24 05:56:14.548	
0	0	0	4	19	0	0	193	0	0	0	19.8	28.5	0	0	22.7	10.0	10-Sep-24 05:56:14.599	
0	0	0	3	11	0	0	206	0	0	0	19.8	28.5	0	0	22.7	10.0	10-Sep-24 05:56:14.644	
0	0	0	6	6	0	0	220	0	0	0	19.8	28.5	0	0	22.7	10.0	10-Sep-24 05:56:14.688	
0	0	0	2	12	0	0	205	0	0	0	19.8	28.5	0	0	22.7	10.0	10-Sep-24 05:56:14.731	
0	0	0	4	7	0	0	232	0	0	0	19.8	28.5	0	0	22.7	10.0	10-Sep-24 05:56:14.776	
0	0	0	1	9	0	0	216	0	0	0	19.8	28.5	0	0	22.7	10.0	10-Sep-24 05:56:14.820	
0	0	0	1	8	0	0	220	0	0	0	19.8	28.5	0	0	22.7	10.0	10-Sep-24 05:56:14.863	
0	0	0	3	6	0	0	227	0	0	0	19.8	28.5	0	0	22.7	10.0	10-Sep-24 05:56:14.908	
0	0	0	3	8	0	0	218	0	0	0	19.8	28.5	0	0	22.7	10.0	10-Sep-24 05:56:14.952	
0	0	0	3	12	0	0	246	0	0	0	19.8	28.5	0	0	22.7	10.0	10-Sep-24 05:56:14.996	
0	0	0	2	10	0	0	236	0	0	0	19.8	28.5	0	0	22.7	10.0	10-Sep-24 05:56:15.040	
0	0	0	1	9	0	0	226	0	0	0	19.8	28.5	0	0	22.7	10.0	10-Sep-24 05:56:15.145	
0	0	0	2	8	0	0	251	0	0	0	19.8	28.5	0	0	22.7	10.0	10-Sep-24 05:56:15.193	
0	0	0	2	6	0	0	204	0	0	0	19.8	28.5	0	0	22.7	10.0	10-Sep-24 05:56:15.235	
0	0	0	4	9	0	0	195	0	0	0	19.8	28.5	0	0	22.7	10.0	10-Sep-24 05:56:15.280	
0	0	0	2	7	0	0	232	0	0	0	19.8	28.5	0	0	22.7	10.0	10-Sep-24 05:56:15.324	
0	0	0	1	8	0	0	236	0	0	0	19.8	28.5	0	0	22.7	10.0	10-Sep-24 05:56:15.367	
0	0	0	1	13	0	0	198	0	0	0	19.8	28.5	0	0	22.7	10.0	10-Sep-24 05:56:15.412	
0	0	0	1	7	0	0	205	0	0	0	19.8	28.5	0	0	22.7	10.0	10-Sep-24 05:56:15.456	
0	0	0	2	11	0	0	213	0	0	0	19.8	28.5	0	0	22.7	10.0	10-Sep-24 05:56:15.500	
0	0	0	3	7	0	0	190	0	0	0	19.8	28.5	0	0	22.7	10.0	10-Sep-24 05:56:15.544	
0	0	0	1	7	0	0	224	0	0	0	19.8	28.5	0	0	22.7	10.0	10-Sep-24 05:56:15.588	
0	0	0	3	9	0	0	210	0	0	0	19.8	28.5	0	0	22.7	10.0	10-Sep-24 05:56:15.662	
0	0	0	2	11	0	0	213	0	0	0	19.8	28.5	0	0	22.7	10.0	10-Sep-24 05:56:15.754	
0	0	0	3	12	0	0	219	0	0	0	19.8	28.5	0	0	22.7	10.0	10-Sep-24 05:56:15.829	
0	0	0	1	10	0	0	227	0	0	0	19.8	28.5	0	0	22.7	10.0	10-Sep-24 05:56:15.877	
0	0	0	1	5	0	0	224	0	0	0	19.8	28.5	0	0	22.7	10.0	10-Sep-24 05:56:15.920	
0	0	0	3	12	0	0	234	0	0	0	19.8	28.5	0	0	22.7	10.0	10-Sep-24 05:56:15.964	
0	0	0	2	7	0	0	219	0	0	0	19.8	28.5	0	0	22.7	10.0	10-Sep-24 05:56:16.008	
0	0	0	4	5	0	0	192	0	0	0	19.8	28.5	0	0	22.7	10.0	10-Sep-24 05:56:16.051	
0	0	0	1	10	0	0	193	0	0	0	19.8	28.5	0	0	22.7	10.0	10-Sep-24 05:56:16.102	
0	0	0	3	9	0	0	233	0	0	0	19.8	28.5	0	0	22.7	10.0	10-Sep-24 05:56:16.205	
0	0	0	2	8	0	0	197	0	0	0	19.8	28.5	0	0	22.7	10.0	10-Sep-24 05:56:16.251	
0	0	0	3	15	0	0	216	0	0	0	19.8	28.5	0	0	22.7	10.0	10-Sep-24 05:56:16.296	
0	0	0	1	7	0	0	208	0	0	0	19.8	28.5	0	0	22.7	10.0	10-Sep-24 05:56:16.340	
0	0	0	2	8	0	0	213	0	0	0	19.8	28.5	0	0	22.7	10.0	10-Sep-24 05:56:16.384	
0	0	0	3	10	0	0	207	0	0	0	19.8	28.5	0	0	22.7	10.0	10-Sep-24 05:56:16.428	
0	0	0	3	4	0	0	189	0	0	0	19.8	28.5	0	0	22.7	10.0	10-Sep-24 05:56:16.472	
0	0	0	6	12	0	0	209	0	0	0	19.8	28.5	0	0	22.7	10.0	10-Sep-24 05:56:16.517	
0	0	0	2	12	0	0	198	0	0	0	19.8	28.5	0	0	22.7	10.0	10-Sep-24 05:56:16.560	
0	0	0	1	16	0	0	191	0	0	0	19.8	28.5	0	0	22.7	10.0	10-Sep-24 05:56:16.609	
0	0	0	4	6	0	0	203	0	0	0	19.8	28.5	0	0	22.7	10.0	10-Sep-24 05:56:16.656	
0	0	0	2	17	0	0	186	0	0	0	19.8	28.5	0	0	22.7	10.0	10-Sep-24 05:56:16.700	
0	0	0	3	5	0	0	206	0	0	0	19.8	28.5	0	0	22.7	10.0	10-Sep-24 05:56:16.744	
0	0	0	3	14	0	0	173	0	0	0	19.8	28.5	0	0	22.7	10.0	10-Sep-24 05:56:16.788	
0	0	0	3	6	0	0	209	0	0	0	19.8	28.5	0	0	22.7	10.0	10-Sep-24 05:56:16.833	
0	0	0	3	13	0	0	194	0	0	0	19.8	28.5	0	0	22.7	10.0	10-Sep-24 05:56:16.876	
0	0	0	3	11	0	0	215	0	0	0	19.8	28.5	0	0	22.7	10.0	10-Sep-24 05:56:16.920	
0	0	0	2	8	0	0	188	0	0	0	19.8	28.5	0	0	22.7	10.0	10-Sep-24 05:56:16.964	
0	0	0	1	14	0	0	219	0	0	0	19.8	28.5	0	0	22.7	10.0	10-Sep-24 05:56:17.009	
0	0	0	2	10	0	0	223	0	0	0	19.8	28.5	0	0	22.7	10.0	10-Sep-24 05:56:17.052	
0	0	0	1	13	0	0	211	0	0	0	19.8	28.5	0	0	22.7	10.0	10-Sep-24 05:56:17.096	
0	0	0	2	15	0	0	201	0	0	0	19.8	28.5	0	0	22.7	10.0	10-Sep-24 05:56:17.143	
0	0	0	3	8	0	0	209	0	0	0	19.8	28.5	0	0	22.7	10.0	10-Sep-24 05:56:17.187	
0	0	0	3	4	0	0	233	0	0	0	19.8	28.5	0	0	22.7	10.0	10-Sep-24 05:56:17.290	
0	0	0	3	12	0	0	183	0	0	0	19.8	28.5	0	0	22.7	10.0	10-Sep-24 05:56:17.336	
0	0	0	4	11	0	0	210	0	0	0	19.8	28.5	0	0	22.7	10.0	10-Sep-24 05:56:17.381	
0	0	0	2	8	0	0	214	0	0	0	19.8	28.5	0	0	22.7	10.0	10-Sep-24 05:56:17.424	
0	0	0	2	10	0	0	217	0	0	0	19.8	28.5	0	0	22.7	10.0	10-Sep-24 05:56:17.468	
0	0	0	3	13	0	0	219	0	0	0	19.8	28.5	0	0	22.7	10.0	10-Sep-24 05:56:17.512	
0	0	0	3	12	0	0	202	0	0	0	19.8	28.5	0	0	22.7	10.0	10-Sep-24 05:56:17.556	
0	0	0	4	15	0	0	199	0	0	0	19.8	28.5	0	0	22.7	10.0	10-Sep-24 05:56:17.600	
0	0	0	4	15	0	0	222	0	0	0	19.8	28.5	0	0	22.7	10.0	10-Sep-24 05:56:17.648	
0	0	0	1	7	0	0	201	0	0	0	19.8	28.5	0	0	22.7	10.0	10-Sep-24 05:56:17.696	
0	0	0	4	10	0	0	218	0	0	0	19.8	28.5	0	0	22.7	10.0	10-Sep-24 05:56:17.740	
0	0	0	1	8	0	0	215	0	0	0	19.8	28.5	0	0	22.7	10.0	10-Sep-24 05:56:17.784	
0	0	0	1	5	0	0	189	0	0	0	19.8	28.5	0	0	22.7	10.0	10-Sep-24 05:56:17.828	
0	0	0	2	7	0	0	213	0	0	0	19.8	28.5	0	0	22.7	10.0	10-Sep-24 05:56:17.871	
0	0	0	4	9	0	0	233	0	0	0	19.8	28.5	0	0	22.7	10.0	10-Sep-24 05:56:17.915	
0	0	0	2	9	0	0	210	0	0	0	19.8	28.5	0	0	22.7	10.0	10-Sep-24 05:56:17.960	
0	0	0	1	10	0	0	249	0	0	0	19.8	28.5	0	0	22.7	10.0	10-Sep-24 05:56:18.004	
0	0	0	4	9	0	0	215	0	0	0	19.8	28.5	0	0	22.7	10.0	10-Sep-24 05:56:18.048	
0	0	0	3	10	0	0	201	0	0	0	19.8	28.5	0	0	22.7	10.0	10-Sep-24 05:56:18.092	
0	0	0	2	8	0	0	210	0	0	0	19.8	28.5	0	0	22.7	10.0	10-Sep-24 05:56:18.142	
0	0	0	5	9	0	0	210	0	0	0	19.8	28.5	0	0	22.7	10.0	10-Sep-24 05:56:18.188	
0	0	0	3	12	0	0	222	0	0	0	19.8	28.5	0	0	22.7	10.0	10-Sep-24 05:56:18.232	
0	0	0	3	14	0	0	195	0	0	0	19.8	28.5	0	0	22.7	10.0	10-Sep-24 05:56:18.276	
0	0	0	1	7	0	0	202	0	0	0	19.8	28.5	0	0	22.7	10.0	10-Sep-24 05:56:18.378	
0	0	0	3	13	0	0	205	0	0	0	19.8	28.5	0	0	22.7	10.0	10-Sep-24 05:56:18.424	
0	0	0	4	6	0	0	220	0	0	0	19.8	28.5	0	0	22.7	10.0	10-Sep-24 05:56:18.468	
0	0	0	4	8	0	0	180	0	0	0	19.8	28.5	0	0	22.7	10.0	10-Sep-24 05:56:18.512	
0	0	0	3	7	0	0	204	0	0	0	19.8	28.5	0	0	22.7	10.0	10-Sep-24 05:56:18.556	
0	0	0	2	10	0	0	235	0	0	0	19.8	28.5	0	0	22.7	10.0	10-Sep-24 05:56:18.600	
0	0	0	2	12	0	0	195	0	0	0	19.8	28.5	0	0	22.7	10.0	10-Sep-24 05:56:18.652	
0	0	0	1	12	0	0	202	0	0	0	19.8	28.5	0	0	22.7	10.0	10-Sep-24 05:56:18.696	
0	0	0	3	9	0	0	197	0	0	0	19.8	28.5	0	0	22.7	10.0	10-Sep-24 05:56:18.740	
0	0	0	1	10	0	0	216	0	0	0	19.8	28.5	0	0	22.7	10.0	10-Sep-24 05:56:18.784	
0	0	0	3	9	0	0	186	0	0	0	19.8	28.5	0	0	22.7	10.0	10-Sep-24 05:56:18.829	
0	0	0	1	6	0	0	222	0	0	0	19.8	28.5	0	0	22.7	10.0	10-Sep-24 05:56:18.872	
0	0	0	2	7	0	0	227	0	0	0	19.8	28.5	0	0	22.7	10.0	10-Sep-24 05:56:18.915	
0	0	0	5	15	0	0	200	0	0	0	19.8	28.5	0	0	22.7	10.0	10-Sep-24 05:56:18.960	
0	0	0	2	12	0	0	200	0	0	0	19.8	28.5	0	0	22.7	10.0	10-Sep-24 05:56:19.004	
0	0	0	1	11	0	0	203	0	0	0	19.8	28.5	0	0	22.7	10.0	10-Sep-24 05:56:19.048	
0	0	0	2	9	0	0	214	0	0	0	19.8	28.5	0	0	22.7	10.0	10-Sep-24 05:56:19.092	
0	0	0	2	14	0	0	212	0	0	0	19.8	28.5	0	0	22.7	10.0	10-Sep-24 05:56:19.136	
0	0	0	3	7	0	0	214	0	0	0	19.8	28.5	0	0	22.7	10.0	10-Sep-24 05:56:19.184	
0	0	0	4	7	0	0	214	0	0	0	19.8	28.5	0	0	22.7	10.0	10-Sep-24 05:56:19.232	
0	0	0	3	10	0	0	210	0	0	0	19.8	28.5	0	0	22.7	10.0	10-Sep-24 05:56:19.278	
0	0	0	1	11	0	0	207	0	0	0	19.8	28.5	0	0	22.7	10.0	10-Sep-24 05:56:19.324	
0	0	0	3	5	0	0	185	0	0	0	19.8	28.5	0	0	22.7	10.0	10-Sep-24 05:56:19.366	
0	0	0	4	10	0	0	225	0	0	0	19.8	28.5	0	0	22.7	10.0	10-Sep-24 05:56:19.466	
0	0	0	4	12	0	0	205	0	0	0	19.8	28.5	0	0	22.7	10.0	10-Sep-24 05:56:19.512	
0	0	0	2	6	0	0	201	0	0	0	19.8	28.5	0	0	22.7	10.0	10-Sep-24 05:56:19.556	
0	0	0	4	9	0	0	182	0	0	0	19.8	28.5	0	0	22.7	10.0	10-Sep-24 05:56:19.600	
0	0	0	3	8	0	0	188	0	0	0	19.8	28.5	0	0	22.7	10.0	10-Sep-24 05:56:19.644	
0	0	0	4	12	0	0	216	0	0	0	19.8	28.5	0	0	22.7	10.0	10-Sep-24 05:56:19.693	
0	0	0	5	6	0	0	212	0	0	0	19.8	28.5	0	0	22.7	10.0	10-Sep-24 05:56:19.745	
0	0	0	4	6	0	0	224	0	0	0	19.8	28.5	0	0	22.7	10.0	10-Sep-24 05:56:19.788	
0	0	0	2	13	0	0	205	0	0	0	19.8	28.5	0	0	22.7	10.0	10-Sep-24 05:56:19.832	
0	0	0	4	7	0	0	196	0	0	0	19.8	28.5	0	0	22.7	10.0	10-Sep-24 05:56:19.876	
0	0	0	2	9	0	0	215	0	0	0	19.8	28.5	0	0	22.7	10.0	10-Sep-24 05:56:19.920	
0	0	0	5	10	0	0	209	0	0	0	19.8	28.5	0	0	22.7	10.0	10-Sep-24 05:56:19.964	
0	0	0	5	12	0	0	226	0	0	0	19.8	28.5	0	0	22.7	10.0	10-Sep-24 05:56:20.008	
0	0	0	6	18	0	0	245	0	0	0	19.8	28.5	0	0	22.7	10.0	10-Sep-24 05:56:20.052	
0	0	0	5	14	0	0	210	0	0	0	19.8	28.5	0	0	22.7	10.0	10-Sep-24 05:56:20.096	
0	0	0	2	9	0	0	213	0	0	0	19.8	28.5	0	0	22.7	10.0	10-Sep-24 05:56:20.140	
0	0	0	2	7	0	0	213	0	0	0	19.8	28.5	0	0	22.7	10.0	10-Sep-24 05:56:20.184	
0	0	0	3	13	0	0	186	0	0	0	19.8	28.5	0	0	22.7	10.0	10-Sep-24 05:56:20.235	
0	0	0	5	6	0	0	196	0	0	0	19.8	28.5	0	0	22.7	10.0	10-Sep-24 05:56:20.280	
0	0	0	1	11	0	0	213	0	0	0	19.8	28.5	0	0	22.7	10.0	10-Sep-24 05:56:20.324	
0	0	0	2	10	0	0	205	0	0	0	19.8	28.5	0	0	22.7	10.0	10-Sep-24 05:56:20.368	
0	0	0	2	5	0	0	221	0	0	0	19.8	28.5	0	0	22.7	10.0	10-Sep-24 05:56:20.411	
0	0	0	4	11	0	0	217	0	0	0	19.8	28.5	0	0	22.7	10.0	10-Sep-24 05:56:20.456	
0	0	0	2	12	0	0	194	0	0	0	19.8	28.5	0	0	22.7	10.0	10-Sep-24 05:56:20.548	
0	0	0	1	8	0	0	222	0	0	0	19.8	28.5	0	0	22.7	10.0	10-Sep-24 05:56:20.596	
0	0	0	4	12	0	0	211	0	0	0	19.8	28.5	0	0	22.7	10.0	10-Sep-24 05:56:20.640	
0	0	0	1	9	0	0	215	0	0	0	19.8	28.5	0	0	22.7	10.0	10-Sep-24 05:56:20.684	
0	0	0	3	9	0	0	214	0	0	0	19.8	28.5	0	0	22.7	10.0	10-Sep-24 05:56:20.736	
0	0	0	3	9	0	0	179	0	0	0	19.8	28.5	0	0	22.7	10.0	10-Sep-24 05:56:20.779	
0	0	0	2	9	0	0	204	0	0	0	19.8	28.5	0	0	22.7	10.0	10-Sep-24 05:56:20.823	
0	0	0	4	9	0	0	204	0	0	0	19.8	28.5	0	0	22.7	10.0	10-Sep-24 05:56:20.897	
0	0	0	4	9	0	0	200	0	0	0	19.8	28.5	0	0	22.7	10.0	10-Sep-24 05:56:20.984	
0	0	0	2	13	0	0	242	0	0	0	19.8	28.5	0	0	22.7	10.0	10-Sep-24 05:56:21.048	
0	0	0	3	12	0	0	183	0	0	0	19.8	28.5	0	0	22.7	10.0	10-Sep-24 05:56:21.097	
0	0	0	3	5	0	0	205	0	0	0	19.8	28.5	0	0	22.7	10.0	10-Sep-24 05:56:21.140	
0	0	0	1	10	0	0	212	0	0	0	19.8	28.5	0	0	22.7	10.0	10-Sep-24 05:56:21.184	
0	0	0	1	10	0	0	207	0	0	0	19.8	28.5	0	0	22.7	10.0	10-Sep-24 05:56:21.236	
0	0	0	2	14	0	0	191	0	0	0	19.8	28.5	0	0	22.7	10.0	10-Sep-24 05:56:21.280	
0	0	0	4	9	0	0	185	0	0	0	19.8	28.5	0	0	22.7	10.0	10-Sep-24 05:56:21.323	
0	0	0	2	8	0	0	225	0	0	0	19.8	28.5	0	0	22.7	10.0	10-Sep-24 05:56:21.368	
0	0	0	4	8	0	0	220	0	0	0	19.8	28.5	0	0	22.7	10.0	10-Sep-24 05:56:21.411	
0	0	0	1	13	0	0	199	0	0	0	19.8	28.5	0	0	22.7	10.0	10-Sep-24 05:56:21.456	
0	0	0	1	5	0	0	189	0	0	0	19.8	28.5	0	0	22.7	10.0	10-Sep-24 05:56:21.499	
0	0	0	1	9	0	0	210	0	0	0	19.8	28.5	0	0	22.7	10.0	10-Sep-24 05:56:21.593	
0	0	0	5	22	0	0	166	0	0	0	19.8	28.5	0	0	22.7	10.0	10-Sep-24 05:56:21.641	
0	0	0	2	5	0	0	218	0	0	0	19.8	28.5	0	0	22.7	10.0	10-Sep-24 05:56:21.684	
0	0	0	2	8	0	0	187	0	0	0	19.8	28.5	0	0	22.7	10.0	10-Sep-24 05:56:21.735	
0	0	0	1	11	0	0	197	0	0	0	19.8	28.5	0	0	22.7	10.0	10-Sep-24 05:56:21.780	
0	0	0	2	8	0	0	235	0	0	0	19.8	28.5	0	0	22.7	10.0	10-Sep-24 05:56:21.824	
0	0	0	3	9	0	0	205	0	0	0	19.8	28.5	0	0	22.7	10.0	10-Sep-24 05:56:21.867	
0	0	0	1	12	0	0	216	0	0	0	19.8	28.5	0	0	22.7	10.0	10-Sep-24 05:56:21.912	
0	0	0	2	5	0	0	211	0	0	0	19.8	28.5	0	0	22.7	10.0	10-Sep-24 05:56:21.956	
0	0	0	4	10	0	0	206	0	0	0	19.8	28.5	0	0	22.7	10.0	10-Sep-24 05:56:22.000	
0	0	0	3	5	0	0	219	0	0	0	19.8	28.5	0	0	22.7	10.0	10-Sep-24 05:56:22.043	
0	0	0	3	8	0	0	193	0	0	0	19.8	28.5	0	0	22.7	10.0	10-Sep-24 05:56:22.088	
0	0	0	2	7	0	0	214	0	0	0	19.8	28.5	0	0	22.7	10.0	10-Sep-24 05:56:22.132	
0	0	0	1	5	0	0	208	0	0	0	19.8	28.5	0	0	22.7	10.0	10-Sep-24 05:56:22.176	
0	0	0	2	7	0	0	209	0	0	0	19.8	28.5	0	0	22.7	10.0	10-Sep-24 05:56:22.220	
0	0	0	1	11	0	0	193	0	0	0	19.8	28.5	0	0	22.7	10.0	10-Sep-24 05:56:22.271	
0	0	0	1	8	0	0	225	0	0	0	19.8	28.5	0	0	22.7	10.0	10-Sep-24 05:56:22.315	
0	0	0	3	9	0	0	216	0	0	0	19.8	28.5	0	0	22.7	10.0	10-Sep-24 05:56:22.360	
0	0	0	4	6	0	0	182	0	0	0	19.8	28.5	0	0	22.7	10.0	10-Sep-24 05:56:22.403	
0	0	0	1	10	0	0	166	0	0	0	19.8	28.5	0	0	22.7	10.0	10-Sep-24 05:56:22.448	
0	0	0	2	7	0	0	213	0	0	0	19.8	28.5	0	0	22.7	10.0	10-Sep-24 05:56:22.492	
0	0	0	3	10	0	0	197	0	0	0	19.8	28.5	0	0	22.7	10.0	10-Sep-24 05:56:22.536	
0	0	0	4	6	0	0	205	0	0	0	19.8	28.5	0	0	22.7	10.0	10-Sep-24 05:56:22.580	
0	0	0	3	12	0	0	192	0	0	0	19.8	28.5	0	0	22.7	10.0	10-Sep-24 05:56:22.672	
0	0	0	2	6	0	0	225	0	0	0	19.8	28.5	0	0	22.7	10.0	10-Sep-24 05:56:22.720	
0	0	0	4	8	0	0	212	0	0	0	19.8	28.5	0	0	22.7	10.0	10-Sep-24 05:56:22.768	
0	0	0	5	6	0	0	230	0	0	0	19.8	28.5	0	0	22.7	10.0	10-Sep-24 05:56:22.817	
0	0	0	3	8	0	0	208	0	0	0	19.8	28.5	0	0	22.7	10.0	10-Sep-24 05:56:22.860	
0	0	0	2	7	0	0	193	0	0	0	19.8	28.5	0	0	22.7	10.0	10-Sep-24 05:56:22.904	
0	0	0	3	9	0	0	212	0	0	0	19.8	28.5	0	0	22.7	10.0	10-Sep-24 05:56:22.947	
0	0	0	3	20	0	0	193	0	0	0	19.8	28.5	0	0	22.7	10.0	10-Sep-24 05:56:22.992	
0	0	0	2	10	0	0	201	0	0	0	19.8	28.5	0	0	22.7	10.0	10-Sep-24 05:56:23.036	
0	0	0	1	12	0	0	223	0	0	0	19.8	28.5	0	0	22.7	10.0	10-Sep-24 05:56:23.080	
0	0	0	1	16	0	0	207	0	0	0	19.8	28.5	0	0	22.7	10.0	10-Sep-24 05:56:23.124	
0	0	0	3	11	0	0	194	0	0	0	19.8	28.5	0	0	22.7	10.0	10-Sep-24 05:56:23.168	
0	0	0	2	13	0	0	233	0	0	0	19.8	28.5	0	0	22.7	10.0	10-Sep-24 05:56:23.212	
0	0	0	2	14	0	0	183	0	0	0	19.8	28.5	0	0	22.7	10.0	10-Sep-24 05:56:23.263	
0	0	0	1	12	0	0	208	0	0	0	19.8	28.5	0	0	22.7	10.0	10-Sep-24 05:56:23.310	
0	0	0	7	9	0	0	193	0	0	0	19.8	28.5	0	0	22.7	10.0	10-Sep-24 05:56:23.351	
0	0	0	3	6	0	0	210	0	0	0	19.8	28.5	0	0	22.7	10.0	10-Sep-24 05:56:23.396	
0	0	0	4	10	0	0	194	0	0	0	19.8	28.5	0	0	22.7	10.0	10-Sep-24 05:56:23.440	
0	0	0	2	9	0	0	232	0	0	0	19.8	28.5	0	0	22.7	10.0	10-Sep-24 05:56:23.484	
0	0	0	2	9	0	0	222	0	0	0	19.8	28.5	0	0	22.7	10.0	10-Sep-24 05:56:23.528	
0	0	0	4	9	0	0	220	0	0	0	19.8	28.5	0	0	22.7	10.0	10-Sep-24 05:56:23.571	
0	0	0	3	11	0	0	214	0	0	0	19.8	28.5	0	0	22.7	10.0	10-Sep-24 05:56:23.616	
0	0	0	1	16	0	0	203	0	0	0	19.8	28.5	0	0	22.7	10.0	10-Sep-24 05:56:23.659	
0	0	0	3	11	0	0	203	0	0	0	19.8	28.5	0	0	22.7	10.0	10-Sep-24 05:56:23.769	
0	0	0	3	16	0	0	207	0	0	0	19.8	28.5	0	0	22.7	10.0	10-Sep-24 05:56:23.817	
0	0	0	5	11	0	0	202	0	0	0	19.8	28.5	0	0	22.7	10.0	10-Sep-24 05:56:23.861	
0	0	0	3	5	0	0	189	0	0	0	19.8	28.5	0	0	22.7	10.0	10-Sep-24 05:56:23.904	
0	0	0	3	14	0	0	193	0	0	0	19.8	28.5	0	0	22.7	10.0	10-Sep-24 05:56:23.948	
0	0	0	2	6	0	0	213	0	0	0	19.8	28.5	0	0	22.7	10.0	10-Sep-24 05:56:23.992	
0	0	0	2	10	0	0	207	0	0	0	19.8	28.5	0	0	22.7	10.0	10-Sep-24 05:56:24.036	
0	0	0	2	10	0	0	185	0	0	0	19.8	28.5	0	0	22.7	10.0	10-Sep-24 05:56:24.080	
0	0	0	2	8	0	0	214	0	0	0	19.8	28.5	0	0	22.7	10.0	10-Sep-24 05:56:24.124	
0	0	0	5	11	0	0	220	0	0	0	19.8	28.5	0	0	22.7	10.0	10-Sep-24 05:56:24.168	
0	0	0	1	10	0	0	191	0	0	0	19.8	28.5	0	0	22.7	10.0	10-Sep-24 05:56:24.212	
0	0	0	2	9	0	0	195	0	0	0	19.8	28.5	0	0	22.7	10.0	10-Sep-24 05:56:24.256	
0	0	0	2	13	0	0	203	0	0	0	19.8	28.5	0	0	22.7	10.0	10-Sep-24 05:56:24.307	
0	0	0	3	10	0	0	222	0	0	0	19.8	28.5	0	0	22.7	10.0	10-Sep-24 05:56:24.351	
0	0	0	3	14	0	0	211	0	0	0	19.8	28.5	0	0	22.7	10.0	10-Sep-24 05:56:24.396	
0	0	0	2	10	0	0	199	0	0	0	19.8	28.5	0	0	22.7	10.0	10-Sep-24 05:56:24.440	
0	0	0	3	8	0	0	202	0	0	0	19.8	28.5	0	0	22.7	10.0	10-Sep-24 05:56:24.484	
0	0	0	2	14	0	0	197	0	0	0	19.8	28.5	0	0	22.7	10.0	10-Sep-24 05:56:24.528	
0	0	0	6	9	0	0	219	0	0	0	19.8	28.5	0	0	22.7	10.0	10-Sep-24 05:56:24.571	
0	0	0	2	16	0	0	202	0	0	0	19.8	28.5	0	0	22.7	10.0	10-Sep-24 05:56:24.616	
0	0	0	2	6	0	0	201	0	0	0	19.8	28.5	0	0	22.7	10.0	10-Sep-24 05:56:24.660	
0	0	0	3	4	0	0	210	0	0	0	19.8	28.5	0	0	22.7	10.0	10-Sep-24 05:56:24.704	
0	0	0	1	9	0	0	211	0	0	0	19.8	28.5	0	0	22.7	10.0	10-Sep-24 05:56:24.747	
0	0	0	3	13	0	0	223	0	0	0	19.8	28.5	0	0	22.7	10.0	10-Sep-24 05:56:24.859	
0	0	0	2	9	0	0	199	0	0	0	19.8	28.5	0	0	22.7	10.0	10-Sep-24 05:56:24.905	
0	0	0	4	13	0	0	215	0	0	0	19.8	28.5	0	0	22.7	10.0	10-Sep-24 05:56:24.948	
0	0	0	2	12	0	0	197	0	0	0	19.8	28.5	0	0	22.7	10.0	10-Sep-24 05:56:24.992	
0	0	0	3	15	0	0	205	0	0	0	19.8	28.5	0	0	22.7	10.0	10-Sep-24 05:56:25.036	
0	0	0	3	9	0	0	227	0	0	0	19.8	28.5	0	0	22.7	10.0	10-Sep-24 05:56:25.079	
0	0	0	1	17	0	0	212	0	0	0	19.8	28.5	0	0	22.7	10.0	10-Sep-24 05:56:25.128	
0	0	0	1	12	0	0	209	0	0	0	19.8	28.5	0	0	22.7	10.0	10-Sep-24 05:56:25.172	
0	0	0	4	18	0	0	198	0	0	0	19.8	28.5	0	0	22.7	10.0	10-Sep-24 05:56:25.216	
0	0	0	4	7	0	0	209	0	0	0	19.8	28.5	0	0	22.7	10.0	10-Sep-24 05:56:25.259	
0	0	0	2	6	0	0	213	0	0	0	19.8	28.5	0	0	22.7	10.0	10-Sep-24 05:56:25.312	
0	0	0	2	5	0	0	196	0	0	0	19.8	28.5	0	0	22.7	10.0	10-Sep-24 05:56:25.355	
0	0	0	1	6	0	0	211	0	0	0	19.8	28.5	0	0	22.7	10.0	10-Sep-24 05:56:25.400	
0	0	0	2	5	0	0	211	0	0	0	19.8	28.5	0	0	22.7	10.0	10-Sep-24 05:56:25.444	
0	0	0	1	6	0	0	199	0	0	0	19.8	28.5	0	0	22.7	10.0	10-Sep-24 05:56:25.487	
0	0	0	4	12	0	0	233	0	0	0	19.8	28.5	0	0	22.7	10.0	10-Sep-24 05:56:25.532	
0	0	0	2	15	0	0	214	0	0	0	19.8	28.5	0	0	22.7	10.0	10-Sep-24 05:56:25.576	
0	0	0	3	5	0	0	226	0	0	0	19.8	28.5	0	0	22.7	10.0	10-Sep-24 05:56:25.619	
0	0	0	2	9	0	0	196	0	0	0	19.8	28.5	0	0	22.7	10.0	10-Sep-24 05:56:25.655	
0	0	0	6	8	0	0	181	0	0	0	19.8	28.5	0	0	22.7	10.0	10-Sep-24 05:56:25.700	
0	0	0	2	16	0	0	240	0	0	0	19.8	28.5	0	0	22.7	10.0	10-Sep-24 05:56:25.744	
0	0	0	1	8	0	0	197	0	0	0	19.8	28.5	0	0	22.7	10.0	10-Sep-24 05:56:25.787	
0	0	0	1	11	0	0	236	0	0	0	19.8	28.5	0	0	22.7	10.0	10-Sep-24 05:56:25.839	
0	0	0	1	15	0	0	193	0	0	0	19.8	28.5	0	0	22.7	10.0	10-Sep-24 05:56:25.942	
0	0	0	2	15	0	0	211	0	0	0	19.8	28.5	0	0	22.7	10.0	10-Sep-24 05:56:25.988	
0	0	0	1	12	0	0	216	0	0	0	19.8	28.5	0	0	22.7	10.0	10-Sep-24 05:56:26.032	
0	0	0	2	9	0	0	205	0	0	0	19.8	28.5	0	0	22.7	10.0	10-Sep-24 05:56:26.108	
0	0	0	3	15	0	0	210	0	0	0	19.8	28.5	0	0	22.7	10.0	10-Sep-24 05:56:26.195	
0	0	0	2	7	0	0	231	0	0	0	19.8	28.5	0	0	22.7	10.0	10-Sep-24 05:56:26.269	
0	0	0	2	7	0	0	193	0	0	0	19.8	28.5	0	0	22.7	10.0	10-Sep-24 05:56:26.313	
0	0	0	3	10	0	0	221	0	0	0	19.8	28.5	0	0	22.7	10.0	10-Sep-24 05:56:26.367	
0	0	0	1	11	0	0	172	0	0	0	19.8	28.5	0	0	22.7	10.0	10-Sep-24 05:56:26.412	
0	0	0	1	6	0	0	202	0	0	0	19.8	28.5	0	0	22.7	10.0	10-Sep-24 05:56:26.456	
0	0	0	6	8	0	0	216	0	0	0	19.8	28.5	0	0	22.7	10.0	10-Sep-24 05:56:26.499	
0	0	0	3	7	0	0	191	0	0	0	19.8	28.5	0	0	22.7	10.0	10-Sep-24 05:56:26.544	
0	0	0	1	12	0	0	197	0	0	0	19.8	28.5	0	0	22.7	10.0	10-Sep-24 05:56:26.589	
0	0	0	1	12	0	0	179	0	0	0	19.8	28.5	0	0	22.7	10.0	10-Sep-24 05:56:26.632	
0	0	0	1	6	0	0	225	0	0	0	19.8	28.5	0	0	22.7	10.0	10-Sep-24 05:56:26.676	
0	0	0	3	12	0	0	190	0	0	0	19.8	28.5	0	0	22.7	10.0	10-Sep-24 05:56:26.720	
0	0	0	2	10	0	0	194	0	0	0	19.8	28.5	0	0	22.7	10.0	10-Sep-24 05:56:26.764	
0	0	0	2	14	0	0	216	0	0	0	19.8	28.5	0	0	22.7	10.0	10-Sep-24 05:56:26.808	
0	0	0	4	12	0	0	215	0	0	0	19.8	28.5	0	0	22.7	10.0	10-Sep-24 05:56:26.856	
0	0	0	2	11	0	0	195	0	0	0	19.8	28.5	0	0	22.7	10.0	10-Sep-24 05:56:26.904	
0	0	0	1	8	0	0	206	0	0	0	19.8	28.5	0	0	22.7	10.0	10-Sep-24 05:56:27.007	
0	0	0	4	14	0	0	183	0	0	0	19.8	28.5	0	0	22.7	10.0	10-Sep-24 05:56:27.051	
0	0	0	2	8	0	0	232	0	0	0	19.8	28.5	0	0	22.7	10.0	10-Sep-24 05:56:27.089	
0	0	0	2	9	0	0	207	0	0	0	19.8	28.5	0	0	22.7	10.0	10-Sep-24 05:56:27.132	
0	0	0	3	11	0	0	196	0	0	0	19.8	28.5	0	0	22.7	10.0	10-Sep-24 05:56:27.176	
0	0	0	1	11	0	0	217	0	0	0	19.8	28.5	0	0	22.7	10.0	10-Sep-24 05:56:27.220	
0	0	0	3	10	0	0	212	0	0	0	19.8	28.5	0	0	22.7	10.0	10-Sep-24 05:56:27.264	
0	0	0	3	10	0	0	215	0	0	0	19.8	28.5	0	0	22.7	10.0	10-Sep-24 05:56:27.307	
0	0	0	1	13	0	0	217	0	0	0	19.8	28.5	0	0	22.7	10.0	10-Sep-24 05:56:27.359	
0	0	0	4	10	0	0	199	0	0	0	19.8	28.5	0	0	22.7	10.0	10-Sep-24 05:56:27.404	
0	0	0	2	11	0	0	200	0	0	0	19.8	28.5	0	0	22.7	10.0	10-Sep-24 05:56:27.447	
0	0	0	2	8	0	0	197	0	0	0	19.8	28.5	0	0	22.7	10.0	10-Sep-24 05:56:27.491	
0	0	0	4	7	0	0	214	0	0	0	19.8	28.5	0	0	22.7	10.0	10-Sep-24 05:56:27.535	
0	0	0	5	11	0	0	209	0	0	0	19.8	28.5	0	0	22.7	10.0	10-Sep-24 05:56:27.580	
0	0	0	2	9	0	0	210	0	0	0	19.8	28.5	0	0	22.7	10.0	10-Sep-24 05:56:27.624	
0	0	0	3	7	0	0	220	0	0	0	19.8	28.5	0	0	22.7	10.0	10-Sep-24 05:56:27.667	
0	0	0	2	8	0	0	210	0	0	0	19.8	28.5	0	0	22.7	10.0	10-Sep-24 05:56:27.712	
0	0	0	1	10	0	0	213	0	0	0	19.8	28.5	0	0	22.7	10.0	10-Sep-24 05:56:27.756	
0	0	0	2	8	0	0	215	0	0	0	19.8	28.5	0	0	22.7	10.0	10-Sep-24 05:56:27.800	
0	0	0	4	11	0	0	214	0	0	0	19.8	28.5	0	0	22.7	10.0	10-Sep-24 05:56:27.844	
0	0	0	2	7	0	0	204	0	0	0	19.8	28.5	0	0	22.7	10.0	10-Sep-24 05:56:27.897	
0	0	0	3	11	0	0	212	0	0	0	19.8	28.5	0	0	22.7	10.0	10-Sep-24 05:56:27.932	
0	0	0	4	10	0	0	195	0	0	0	19.8	28.5	0	0	22.7	10.0	10-Sep-24 05:56:27.976	
0	0	0	1	12	0	0	218	0	0	0	19.8	28.5	0	0	22.7	10.0	10-Sep-24 05:56:28.080	
0	0	0	2	17	0	0	209	0	0	0	19.8	28.5	0	0	22.7	10.0	10-Sep-24 05:56:28.123	
0	0	0	3	8	0	0	207	0	0	0	19.8	28.5	0	0	22.7	10.0	10-Sep-24 05:56:28.167	
0	0	0	3	4	0	0	183	0	0	0	19.8	28.5	0	0	22.7	10.0	10-Sep-24 05:56:28.212	
0	0	0	1	8	0	0	248	0	0	0	19.8	28.5	0	0	22.7	10.0	10-Sep-24 05:56:28.256	
0	0	0	4	9	0	0	215	0	0	0	19.8	28.5	0	0	22.7	10.0	10-Sep-24 05:56:28.299	
0	0	0	1	9	0	0	170	0	0	0	19.8	28.5	0	0	22.7	10.0	10-Sep-24 05:56:28.344	
0	0	0	3	5	0	0	206	0	0	0	19.8	28.5	0	0	22.7	10.0	10-Sep-24 05:56:28.392	
0	0	0	3	14	0	0	224	0	0	0	19.8	28.5	0	0	22.7	10.0	10-Sep-24 05:56:28.441	
0	0	0	2	15	0	0	211	0	0	0	19.8	28.5	0	0	22.7	10.0	10-Sep-24 05:56:28.484	
0	0	0	3	8	0	0	217	0	0	0	19.8	28.5	0	0	22.7	10.0	10-Sep-24 05:56:28.527	
0	0	0	3	8	0	0	206	0	0	0	19.8	28.5	0	0	22.7	10.0	10-Sep-24 05:56:28.572	
0	0	0	3	5	0	0	197	0	0	0	19.8	28.5	0	0	22.7	10.0	10-Sep-24 05:56:28.616	
0	0	0	4	15	0	0	216	0	0	0	19.8	28.5	0	0	22.7	10.0	10-Sep-24 05:56:28.660	
0	0	0	4	7	0	0	194	0	0	0	19.8	28.5	0	0	22.7	10.0	10-Sep-24 05:56:28.703	
0	0	0	5	12	0	0	194	0	0	0	19.8	28.5	0	0	22.7	10.0	10-Sep-24 05:56:28.747	
0	0	0	3	6	0	0	174	0	0	0	19.8	28.5	0	0	22.7	10.0	10-Sep-24 05:56:28.792	
0	0	0	2	10	0	0	220	0	0	0	19.8	28.5	0	0	22.7	10.0	10-Sep-24 05:56:28.836	
0	0	0	3	9	0	0	204	0	0	0	19.8	28.5	0	0	22.7	10.0	10-Sep-24 05:56:28.880	
0	0	0	3	11	0	0	193	0	0	0	19.8	28.5	0	0	22.7	10.0	10-Sep-24 05:56:28.933	
0	0	0	3	10	0	0	203	0	0	0	19.8	28.5	0	0	22.7	10.0	10-Sep-24 05:56:28.976	
0	0	0	2	10	0	0	212	0	0	0	19.8	28.5	0	0	22.7	10.0	10-Sep-24 05:56:29.019	
0	0	0	2	10	0	0	218	0	0	0	19.8	28.5	0	0	22.7	10.0	10-Sep-24 05:56:29.064	
0	0	0	5	7	0	0	212	0	0	0	19.8	28.5	0	0	22.7	10.0	10-Sep-24 05:56:29.166	
0	0	0	2	8	0	0	178	0	0	0	19.8	28.5	0	0	22.7	10.0	10-Sep-24 05:56:29.211	
0	0	0	1	10	0	0	193	0	0	0	19.8	28.5	0	0	22.7	10.0	10-Sep-24 05:56:29.255	
0	0	0	2	10	0	0	199	0	0	0	19.8	28.5	0	0	22.7	10.0	10-Sep-24 05:56:29.300	
0	0	0	1	8	0	0	204	0	0	0	19.8	28.5	0	0	22.7	10.0	10-Sep-24 05:56:29.343	
0	0	0	2	9	0	0	212	0	0	0	19.8	28.5	0	0	22.7	10.0	10-Sep-24 05:56:29.388	
0	0	0	2	10	0	0	203	0	0	0	19.8	28.5	0	0	22.7	10.0	10-Sep-24 05:56:29.440	
0	0	0	3	10	0	0	221	0	0	0	19.8	28.5	0	0	22.7	10.0	10-Sep-24 05:56:29.484	
0	0	0	2	9	0	0	189	0	0	0	19.8	28.5	0	0	22.7	10.0	10-Sep-24 05:56:29.527	
0	0	0	3	13	0	0	198	0	0	0	19.8	28.5	0	0	22.7	10.0	10-Sep-24 05:56:29.572	
0	0	0	2	7	0	0	211	0	0	0	19.8	28.5	0	0	22.7	10.0	10-Sep-24 05:56:29.616	
0	0	0	1	14	0	0	207	0	0	0	19.8	28.5	0	0	22.7	10.0	10-Sep-24 05:56:29.660	
0	0	0	2	10	0	0	203	0	0	0	19.8	28.5	0	0	22.7	10.0	10-Sep-24 05:56:29.704	
0	0	0	3	12	0	0	221	0	0	0	19.8	28.5	0	0	22.7	10.0	10-Sep-24 05:56:29.748	
0	0	0	4	12	0	0	200	0	0	0	19.8	28.5	0	0	22.7	10.0	10-Sep-24 05:56:29.792	
0	0	0	4	4	0	0	237	0	0	0	19.8	28.5	0	0	22.7	10.0	10-Sep-24 05:56:29.836	
0	0	0	2	7	0	0	233	0	0	0	19.8	28.5	0	0	22.7	10.0	10-Sep-24 05:56:29.880	
0	0	0	3	7	0	0	229	0	0	0	19.8	28.5	0	0	22.7	10.0	10-Sep-24 05:56:29.931	
0	0	0	2	11	0	0	212	0	0	0	19.8	28.5	0	0	22.7	10.0	10-Sep-24 05:56:29.976	
0	0	0	1	4	0	0	203	0	0	0	19.8	28.5	0	0	22.7	10.0	10-Sep-24 05:56:30.020	
0	0	0	3	11	0	0	207	0	0	0	19.8	28.5	0	0	22.7	10.0	10-Sep-24 05:56:30.064	
0	0	0	1	8	0	0	212	0	0	0	19.8	28.5	0	0	22.7	10.0	10-Sep-24 05:56:30.107	
0	0	0	2	9	0	0	186	0	0	0	19.8	28.5	0	0	22.7	10.0	10-Sep-24 05:56:30.152	
0	0	0	1	9	0	0	220	0	0	0	19.8	28.5	0	0	22.7	10.0	10-Sep-24 05:56:30.254	
0	0	0	4	5	0	0	193	0	0	0	19.8	28.5	0	0	22.7	10.0	10-Sep-24 05:56:30.300	
0	0	0	3	7	0	0	204	0	0	0	19.8	28.5	0	0	22.7	10.0	10-Sep-24 05:56:30.344	
0	0	0	2	9	0	0	206	0	0	0	19.8	28.5	0	0	22.7	10.0	10-Sep-24 05:56:30.387	
0	0	0	3	10	0	0	211	0	0	0	19.8	28.5	0	0	22.7	10.0	10-Sep-24 05:56:30.440	
0	0	0	5	8	0	0	185	0	0	0	19.8	28.5	0	0	22.7	10.0	10-Sep-24 05:56:30.484	
0	0	0	2	13	0	0	190	0	0	0	19.8	28.5	0	0	22.7	10.0	10-Sep-24 05:56:30.528	
0	0	0	3	9	0	0	210	0	0	0	19.8	28.5	0	0	22.7	10.0	10-Sep-24 05:56:30.571	
0	0	0	2	12	0	0	228	0	0	0	19.8	28.5	0	0	22.7	10.0	10-Sep-24 05:56:30.616	
0	0	0	3	11	0	0	211	0	0	0	19.8	28.5	0	0	22.7	10.0	10-Sep-24 05:56:30.660	
0	0	0	2	8	0	0	199	0	0	0	19.8	28.5	0	0	22.7	10.0	10-Sep-24 05:56:30.704	
0	0	0	2	10	0	0	190	0	0	0	19.8	28.5	0	0	22.7	10.0	10-Sep-24 05:56:30.748	
0	0	0	2	9	0	0	209	0	0	0	19.8	28.5	0	0	22.7	10.0	10-Sep-24 05:56:30.791	
0	0	0	1	11	0	0	223	0	0	0	19.8	28.5	0	0	22.7	10.0	10-Sep-24 05:56:30.836	
0	0	0	3	13	0	0	213	0	0	0	19.8	28.5	0	0	22.7	10.0	10-Sep-24 05:56:30.880	
0	0	0	2	8	0	0	227	0	0	0	19.8	28.5	0	0	22.7	10.0	10-Sep-24 05:56:30.931	
0	0	0	4	12	0	0	208	0	0	0	19.8	28.5	0	0	22.7	10.0	10-Sep-24 05:56:30.976	
0	0	0	4	16	0	0	209	0	0	0	19.8	28.5	0	0	22.7	10.0	10-Sep-24 05:56:31.020	
0	0	0	1	10	0	0	204	0	0	0	19.8	28.5	0	0	22.7	10.0	10-Sep-24 05:56:31.064	
0	0	0	4	8	0	0	212	0	0	0	19.8	28.5	0	0	22.7	10.0	10-Sep-24 05:56:31.108	
0	0	0	3	13	0	0	192	0	0	0	19.8	28.5	0	0	22.7	10.0	10-Sep-24 05:56:31.152	
0	0	0	3	5	0	0	208	0	0	0	19.8	28.5	0	0	22.7	10.0	10-Sep-24 05:56:31.196	
0	0	0	1	15	0	0	186	0	0	0	19.8	28.5	0	0	22.7	10.0	10-Sep-24 05:56:31.240	
0	0	0	3	8	0	0	213	0	0	0	19.8	28.5	0	0	22.7	10.0	10-Sep-24 05:56:31.410	
0	0	0	5	12	0	0	191	0	0	0	19.8	28.5	0	0	22.7	10.0	10-Sep-24 05:56:31.478	
0	0	0	2	9	0	0	246	0	0	0	19.8	28.5	0	0	22.7	10.0	10-Sep-24 05:56:31.530	
0	0	0	2	8	0	0	189	0	0	0	19.8	28.5	0	0	22.7	10.0	10-Sep-24 05:56:31.567	
0	0	0	6	11	0	0	217	0	0	0	19.8	28.5	0	0	22.7	10.0	10-Sep-24 05:56:31.611	
0	0	0	2	9	0	0	185	0	0	0	19.8	28.5	0	0	22.7	10.0	10-Sep-24 05:56:31.656	
0	0	0	4	12	0	0	178	0	0	0	19.8	28.5	0	0	22.7	10.0	10-Sep-24 05:56:31.700	
0	0	0	2	4	0	0	200	0	0	0	19.8	28.5	0	0	22.7	10.0	10-Sep-24 05:56:31.744	
0	0	0	1	7	0	0	202	0	0	0	19.8	28.5	0	0	22.7	10.0	10-Sep-24 05:56:31.788	
0	0	0	2	7	0	0	225	0	0	0	19.8	28.5	0	0	22.7	10.0	10-Sep-24 05:56:31.832	
0	0	0	2	9	0	0	217	0	0	0	19.8	28.5	0	0	22.7	10.0	10-Sep-24 05:56:31.876	
0	0	0	2	9	0	0	228	0	0	0	19.8	28.5	0	0	22.7	10.0	10-Sep-24 05:56:31.921	
0	0	0	4	15	0	0	201	0	0	0	19.8	28.5	0	0	22.7	10.0	10-Sep-24 05:56:31.971	
0	0	0	2	6	0	0	209	0	0	0	19.8	28.5	0	0	22.7	10.0	10-Sep-24 05:56:32.018	
0	0	0	1	17	0	0	209	0	0	0	19.8	28.5	0	0	22.7	10.0	10-Sep-24 05:56:32.060	
0	0	0	1	7	0	0	227	0	0	0	19.8	28.5	0	0	22.7	10.0	10-Sep-24 05:56:32.103	
0	0	0	1	7	0	0	208	0	0	0	19.8	28.5	0	0	22.7	10.0	10-Sep-24 05:56:32.148	
0	0	0	3	14	0	0	191	0	0	0	19.8	28.5	0	0	22.7	10.0	10-Sep-24 05:56:32.184	
0	0	0	2	9	0	0	202	0	0	0	19.8	28.5	0	0	22.7	10.0	10-Sep-24 05:56:32.228	
0	0	0	3	7	0	0	230	0	0	0	19.8	28.5	0	0	22.7	10.0	10-Sep-24 05:56:32.271	
0	0	0	3	10	0	0	207	0	0	0	19.8	28.5	0	0	22.7	10.0	10-Sep-24 05:56:32.316	
0	0	0	1	9	0	0	217	0	0	0	19.8	28.5	0	0	22.7	10.0	10-Sep-24 05:56:32.359	
0	0	0	3	10	0	0	237	0	0	0	19.8	28.5	0	0	22.7	10.0	10-Sep-24 05:56:32.467	
0	0	0	3	8	0	0	206	0	0	0	19.8	28.5	0	0	22.7	10.0	10-Sep-24 05:56:32.516	
0	0	0	4	8	0	0	208	0	0	0	19.8	28.5	0	0	22.7	10.0	10-Sep-24 05:56:32.559	
0	0	0	4	10	0	0	205	0	0	0	19.8	28.5	0	0	22.7	10.0	10-Sep-24 05:56:32.605	
0	0	0	3	8	0	0	189	0	0	0	19.8	28.5	0	0	22.7	10.0	10-Sep-24 05:56:32.648	
0	0	0	4	8	0	0	199	0	0	0	19.8	28.5	0	0	22.7	10.0	10-Sep-24 05:56:32.692	
0	0	0	3	9	0	0	198	0	0	0	19.8	28.5	0	0	22.7	10.0	10-Sep-24 05:56:32.735	
0	0	0	4	17	0	0	209	0	0	0	19.8	28.5	0	0	22.7	10.0	10-Sep-24 05:56:32.780	
0	0	0	1	14	0	0	208	0	0	0	19.8	28.5	0	0	22.7	10.0	10-Sep-24 05:56:32.824	
0	0	0	1	11	0	0	183	0	0	0	19.8	28.5	0	0	22.7	10.0	10-Sep-24 05:56:32.868	
0	0	0	1	6	0	0	207	0	0	0	19.8	28.5	0	0	22.7	10.0	10-Sep-24 05:56:32.911	
0	0	0	1	10	0	0	224	0	0	0	19.8	28.5	0	0	22.7	10.0	10-Sep-24 05:56:32.956	
0	0	0	3	10	0	0	214	0	0	0	19.8	28.5	0	0	22.7	10.0	10-Sep-24 05:56:33.008	
0	0	0	1	8	0	0	207	0	0	0	19.8	28.5	0	0	22.7	10.0	10-Sep-24 05:56:33.052	
0	0	0	3	12	0	0	213	0	0	0	19.8	28.5	0	0	22.7	10.0	10-Sep-24 05:56:33.096	
0	0	0	2	9	0	0	211	0	0	0	19.8	28.5	0	0	22.7	10.0	10-Sep-24 05:56:33.140	
0	0	0	2	12	0	0	223	0	0	0	19.8	28.5	0	0	22.7	10.0	10-Sep-24 05:56:33.184	
0	0	0	2	14	0	0	200	0	0	0	19.8	28.5	0	0	22.7	10.0	10-Sep-24 05:56:33.228	
0	0	0	2	8	0	0	211	0	0	0	19.8	28.5	0	0	22.7	10.0	10-Sep-24 05:56:33.272	
0	0	0	6	10	0	0	206	0	0	0	19.8	28.5	0	0	22.7	10.0	10-Sep-24 05:56:33.316	
0	0	0	2	9	0	0	198	0	0	0	19.8	28.5	0	0	22.7	10.0	10-Sep-24 05:56:33.359	
0	0	0	1	8	0	0	224	0	0	0	19.8	28.5	0	0	22.7	10.0	10-Sep-24 05:56:33.404	
0	0	0	3	11	0	0	210	0	0	0	19.8	28.5	0	0	22.7	10.0	10-Sep-24 05:56:33.448	
0	0	0	4	10	0	0	212	0	0	0	19.8	28.5	0	0	22.7	10.0	10-Sep-24 05:56:33.547	
0	0	0	2	10	0	0	226	0	0	0	19.8	28.5	0	0	22.7	10.0	10-Sep-24 05:56:33.592	
0	0	0	2	11	0	0	219	0	0	0	19.8	28.5	0	0	22.7	10.0	10-Sep-24 05:56:33.636	
0	0	0	3	12	0	0	214	0	0	0	19.8	28.5	0	0	22.7	10.0	10-Sep-24 05:56:33.680	
0	0	0	4	5	0	0	204	0	0	0	19.8	28.5	0	0	22.7	10.0	10-Sep-24 05:56:33.724	
0	0	0	3	4	0	0	198	0	0	0	19.8	28.5	0	0	22.7	10.0	10-Sep-24 05:56:33.767	
0	0	0	3	11	0	0	202	0	0	0	19.8	28.5	0	0	22.7	10.0	10-Sep-24 05:56:33.812	
0	0	0	3	13	0	0	203	0	0	0	19.8	28.5	0	0	22.7	10.0	10-Sep-24 05:56:33.856	
0	0	0	2	8	0	0	208	0	0	0	19.8	28.5	0	0	22.7	10.0	10-Sep-24 05:56:33.898	
0	0	0	2	11	0	0	230	0	0	0	19.8	28.5	0	0	22.7	10.0	10-Sep-24 05:56:33.944	
0	0	0	3	11	0	0	201	0	0	0	19.8	28.5	0	0	22.7	10.0	10-Sep-24 05:56:33.996	
0	0	0	4	5	0	0	205	0	0	0	19.8	28.5	0	0	22.7	10.0	10-Sep-24 05:56:34.041	
0	0	0	2	12	0	0	197	0	0	0	19.8	28.5	0	0	22.7	10.0	10-Sep-24 05:56:34.084	
0	0	0	3	7	0	0	199	0	0	0	19.8	28.5	0	0	22.7	10.0	10-Sep-24 05:56:34.128	
0	0	0	3	9	0	0	221	0	0	0	19.8	28.5	0	0	22.7	10.0	10-Sep-24 05:56:34.171	
0	0	0	2	10	0	0	211	0	0	0	19.8	28.5	0	0	22.7	10.0	10-Sep-24 05:56:34.216	
0	0	0	1	8	0	0	210	0	0	0	19.8	28.5	0	0	22.7	10.0	10-Sep-24 05:56:34.260	
0	0	0	2	15	0	0	188	0	0	0	19.8	28.5	0	0	22.7	10.0	10-Sep-24 05:56:34.304	
0	0	0	2	10	0	0	236	0	0	0	19.8	28.5	0	0	22.7	10.0	10-Sep-24 05:56:34.348	
0	0	0	2	10	0	0	213	0	0	0	19.8	28.5	0	0	22.7	10.0	10-Sep-24 05:56:34.392	
0	0	0	1	13	0	0	227	0	0	0	19.8	28.5	0	0	22.7	10.0	10-Sep-24 05:56:34.437	
0	0	0	2	8	0	0	223	0	0	0	19.8	28.5	0	0	22.7	10.0	10-Sep-24 05:56:34.480	
0	0	0	5	7	0	0	204	0	0	0	19.8	28.5	0	0	22.7	10.0	10-Sep-24 05:56:34.530	
0	0	0	3	10	0	0	194	0	0	0	19.8	28.5	0	0	22.7	10.0	10-Sep-24 05:56:34.625	
0	0	0	3	8	0	0	194	0	0	0	19.8	28.5	0	0	22.7	10.0	10-Sep-24 05:56:34.672	
0	0	0	2	13	0	0	177	0	0	0	19.8	28.5	0	0	22.7	10.0	10-Sep-24 05:56:34.716	
0	0	0	7	6	0	0	201	0	0	0	19.8	28.5	0	0	22.7	10.0	10-Sep-24 05:56:34.759	
0	0	0	3	6	0	0	200	0	0	0	19.8	28.5	0	0	22.7	10.0	10-Sep-24 05:56:34.804	
0	0	0	3	9	0	0	214	0	0	0	19.8	28.5	0	0	22.7	10.0	10-Sep-24 05:56:34.848	
0	0	0	2	13	0	0	204	0	0	0	19.8	28.5	0	0	22.7	10.0	10-Sep-24 05:56:34.892	
0	0	0	3	7	0	0	226	0	0	0	19.8	28.5	0	0	22.7	10.0	10-Sep-24 05:56:34.936	
0	0	0	1	8	0	0	224	0	0	0	19.8	28.5	0	0	22.7	10.0	10-Sep-24 05:56:34.972	
0	0	0	1	9	0	0	215	0	0	0	19.8	28.5	0	0	22.7	10.0	10-Sep-24 05:56:35.025	
0	0	0	4	11	0	0	226	0	0	0	19.8	28.5	0	0	22.7	10.0	10-Sep-24 05:56:35.067	
0	0	0	1	8	0	0	229	0	0	0	19.8	28.5	0	0	22.7	10.0	10-Sep-24 05:56:35.111	
0	0	0	4	7	0	0	195	0	0	0	19.8	28.5	0	0	22.7	10.0	10-Sep-24 05:56:35.156	
0	0	0	4	13	0	0	194	0	0	0	19.8	28.5	0	0	22.7	10.0	10-Sep-24 05:56:35.199	
0	0	0	3	6	0	0	212	0	0	0	19.8	28.5	0	0	22.7	10.0	10-Sep-24 05:56:35.244	
0	0	0	3	4	0	0	245	0	0	0	19.8	28.5	0	0	22.7	10.0	10-Sep-24 05:56:35.288	
0	0	0	1	6	0	0	203	0	0	0	19.8	28.5	0	0	22.7	10.0	10-Sep-24 05:56:35.331	
0	0	0	1	8	0	0	248	0	0	0	19.8	28.5	0	0	22.7	10.0	10-Sep-24 05:56:35.375	
0	0	0	4	8	0	0	222	0	0	0	19.8	28.5	0	0	22.7	10.0	10-Sep-24 05:56:35.419	
0	0	0	2	7	0	0	199	0	0	0	19.8	28.5	0	0	22.7	10.0	10-Sep-24 05:56:35.463	
0	0	0	2	14	0	0	215	0	0	0	19.8	28.5	0	0	22.7	10.0	10-Sep-24 05:56:35.508	
0	0	0	4	9	0	0	208	0	0	0	19.8	28.5	0	0	22.7	10.0	10-Sep-24 05:56:35.559	
0	0	0	4	12	0	0	196	0	0	0	19.8	28.5	0	0	22.7	10.0	10-Sep-24 05:56:35.604	
0	0	0	2	7	0	0	196	0	0	0	19.8	28.5	0	0	22.7	10.0	10-Sep-24 05:56:35.706	
0	0	0	2	9	0	0	215	0	0	0	19.8	28.5	0	0	22.7	10.0	10-Sep-24 05:56:35.752	
0	0	0	3	17	0	0	217	0	0	0	19.8	28.5	0	0	22.7	10.0	10-Sep-24 05:56:35.796	
0	0	0	3	8	0	0	212	0	0	0	19.8	28.5	0	0	22.7	10.0	10-Sep-24 05:56:35.840	
0	0	0	2	10	0	0	199	0	0	0	19.8	28.5	0	0	22.7	10.0	10-Sep-24 05:56:35.884	
0	0	0	3	12	0	0	201	0	0	0	19.8	28.5	0	0	22.7	10.0	10-Sep-24 05:56:35.929	
0	0	0	2	8	0	0	204	0	0	0	19.8	28.5	0	0	22.7	10.0	10-Sep-24 05:56:35.971	
0	0	0	2	13	0	0	234	0	0	0	19.8	28.5	0	0	22.7	10.0	10-Sep-24 05:56:36.016	
0	0	0	4	7	0	0	179	0	0	0	19.8	28.5	0	0	22.7	10.0	10-Sep-24 05:56:36.067	
0	0	0	2	7	0	0	216	0	0	0	19.8	28.5	0	0	22.7	10.0	10-Sep-24 05:56:36.112	
0	0	0	1	9	0	0	208	0	0	0	19.8	28.5	0	0	22.7	10.0	10-Sep-24 05:56:36.156	
0	0	0	2	13	0	0	231	0	0	0	19.8	28.5	0	0	22.7	10.0	10-Sep-24 05:56:36.192	
0	0	0	2	6	0	0	206	0	0	0	19.8	28.5	0	0	22.7	10.0	10-Sep-24 05:56:36.236	
0	0	0	3	7	0	0	196	0	0	0	19.8	28.5	0	0	22.7	10.0	10-Sep-24 05:56:36.280	
0	0	0	2	13	0	0	201	0	0	0	19.8	28.5	0	0	22.7	10.0	10-Sep-24 05:56:36.324	
0	0	0	2	9	0	0	200	0	0	0	19.8	28.5	0	0	22.7	10.0	10-Sep-24 05:56:36.368	
0	0	0	1	9	0	0	207	0	0	0	19.8	28.5	0	0	22.7	10.0	10-Sep-24 05:56:36.411	
0	0	0	3	8	0	0	212	0	0	0	19.8	28.5	0	0	22.7	10.0	10-Sep-24 05:56:36.455	
0	0	0	2	9	0	0	221	0	0	0	19.8	28.5	0	0	22.7	10.0	10-Sep-24 05:56:36.532	
0	0	0	3	10	0	0	203	0	0	0	19.8	28.5	0	0	22.7	10.0	10-Sep-24 05:56:36.636	
0	0	0	1	14	0	0	186	0	0	0	19.8	28.5	0	0	22.7	10.0	10-Sep-24 05:56:36.761	
0	0	0	2	21	0	0	221	0	0	0	19.8	28.5	0	0	22.7	10.0	10-Sep-24 05:56:36.808	
0	0	0	3	12	0	0	220	0	0	0	19.8	28.5	0	0	22.7	10.0	10-Sep-24 05:56:36.852	
0	0	0	3	10	0	0	185	0	0	0	19.8	28.5	0	0	22.7	10.0	10-Sep-24 05:56:36.896	
0	0	0	2	7	0	0	211	0	0	0	19.8	28.5	0	0	22.7	10.0	10-Sep-24 05:56:36.941	
0	0	0	5	13	0	0	233	0	0	0	19.8	28.5	0	0	22.7	10.0	10-Sep-24 05:56:36.983	
0	0	0	4	10	0	0	227	0	0	0	19.8	28.5	0	0	22.7	10.0	10-Sep-24 05:56:37.028	
0	0	0	2	8	0	0	225	0	0	0	19.8	28.5	0	0	22.7	10.0	10-Sep-24 05:56:37.080	
0	0	0	2	8	0	0	214	0	0	0	19.8	28.5	0	0	22.7	10.0	10-Sep-24 05:56:37.124	
0	0	0	2	11	0	0	196	0	0	0	19.8	28.5	0	0	22.7	10.0	10-Sep-24 05:56:37.167	
0	0	0	3	13	0	0	198	0	0	0	19.8	28.5	0	0	22.7	10.0	10-Sep-24 05:56:37.212	
0	0	0	6	11	0	0	248	0	0	0	19.8	28.5	0	0	22.7	10.0	10-Sep-24 05:56:37.255	
0	0	0	2	14	0	0	212	0	0	0	19.8	28.5	0	0	22.7	10.0	10-Sep-24 05:56:37.299	
0	0	0	3	8	0	0	218	0	0	0	19.8	28.5	0	0	22.7	10.0	10-Sep-24 05:56:37.344	
0	0	0	2	15	0	0	201	0	0	0	19.8	28.5	0	0	22.7	10.0	10-Sep-24 05:56:37.388	
0	0	0	1	11	0	0	201	0	0	0	19.8	28.5	0	0	22.7	10.0	10-Sep-24 05:56:37.432	
0	0	0	2	13	0	0	198	0	0	0	19.8	28.5	0	0	22.7	10.0	10-Sep-24 05:56:37.475	
0	0	0	4	9	0	0	212	0	0	0	19.8	28.5	0	0	22.7	10.0	10-Sep-24 05:56:37.520	
0	0	0	4	11	0	0	199	0	0	0	19.8	28.5	0	0	22.7	10.0	10-Sep-24 05:56:37.565	
0	0	0	3	8	0	0	234	0	0	0	19.8	28.5	0	0	22.7	10.0	10-Sep-24 05:56:37.617	
0	0	0	4	12	0	0	230	0	0	0	19.8	28.5	0	0	22.7	10.0	10-Sep-24 05:56:37.651	
0	0	0	2	6	0	0	219	0	0	0	19.8	28.5	0	0	22.7	10.0	10-Sep-24 05:56:37.696	
0	0	0	2	8	0	0	190	0	0	0	19.8	28.5	0	0	22.7	10.0	10-Sep-24 05:56:37.740	
0	0	0	1	11	0	0	213	0	0	0	19.8	28.5	0	0	22.7	10.0	10-Sep-24 05:56:37.832	
0	0	0	3	7	0	0	211	0	0	0	19.8	28.5	0	0	22.7	10.0	10-Sep-24 05:56:37.871	
0	0	0	1	11	0	0	203	0	0	0	19.8	28.5	0	0	22.7	10.0	10-Sep-24 05:56:37.916	
0	0	0	5	6	0	0	211	0	0	0	19.8	28.5	0	0	22.7	10.0	10-Sep-24 05:56:37.960	
0	0	0	1	11	0	0	239	0	0	0	19.8	28.5	0	0	22.7	10.0	10-Sep-24 05:56:38.004	
0	0	0	3	16	0	0	222	0	0	0	19.8	28.5	0	0	22.7	10.0	10-Sep-24 05:56:38.048	
0	0	0	4	13	0	0	225	0	0	0	19.8	28.5	0	0	22.7	10.0	10-Sep-24 05:56:38.098	
0	0	0	1	8	0	0	245	0	0	0	19.8	28.5	0	0	22.7	10.0	10-Sep-24 05:56:38.145	
0	0	0	3	7	0	0	209	0	0	0	19.8	28.5	0	0	22.7	10.0	10-Sep-24 05:56:38.188	
0	0	0	3	10	0	0	216	0	0	0	19.8	28.5	0	0	22.7	10.0	10-Sep-24 05:56:38.232	
0	0	0	4	9	0	0	205	0	0	0	19.8	28.5	0	0	22.7	10.0	10-Sep-24 05:56:38.275	
0	0	0	4	12	0	0	206	0	0	0	19.8	28.5	0	0	22.7	10.0	10-Sep-24 05:56:38.320	
0	0	0	4	11	0	0	217	0	0	0	19.8	28.5	0	0	22.7	10.0	10-Sep-24 05:56:38.362	
0	0	0	1	12	0	0	198	0	0	0	19.8	28.5	0	0	22.7	10.0	10-Sep-24 05:56:38.403	
0	0	0	2	10	0	0	206	0	0	0	19.8	28.5	0	0	22.7	10.0	10-Sep-24 05:56:38.448	
0	0	0	2	9	0	0	233	0	0	0	19.8	28.5	0	0	22.7	10.0	10-Sep-24 05:56:38.491	
0	0	0	3	9	0	0	177	0	0	0	19.8	28.5	0	0	22.7	10.0	10-Sep-24 05:56:38.536	
0	0	0	1	12	0	0	201	0	0	0	19.8	28.5	0	0	22.7	10.0	10-Sep-24 05:56:38.580	
0	0	0	3	15	0	0	203	0	0	0	19.8	28.5	0	0	22.7	10.0	10-Sep-24 05:56:38.621	
0	0	0	1	9	0	0	206	0	0	0	19.8	28.5	0	0	22.7	10.0	10-Sep-24 05:56:38.664	
0	0	0	1	8	0	0	203	0	0	0	19.8	28.5	0	0	22.7	10.0	10-Sep-24 05:56:38.707	
0	0	0	5	13	0	0	218	0	0	0	19.8	28.5	0	0	22.7	10.0	10-Sep-24 05:56:38.752	
0	0	0	3	12	0	0	224	0	0	0	19.8	28.5	0	0	22.7	10.0	10-Sep-24 05:56:38.796	
0	0	0	1	12	0	0	197	0	0	0	19.8	28.5	0	0	22.7	10.0	10-Sep-24 05:56:38.899	
0	0	0	3	8	0	0	205	0	0	0	19.8	28.5	0	0	22.7	10.0	10-Sep-24 05:56:38.944	
0	0	0	2	9	0	0	208	0	0	0	19.8	28.5	0	0	22.7	10.0	10-Sep-24 05:56:38.988	
0	0	0	2	8	0	0	223	0	0	0	19.8	28.5	0	0	22.7	10.0	10-Sep-24 05:56:39.031	
0	0	0	3	7	0	0	210	0	0	0	19.8	28.5	0	0	22.7	10.0	10-Sep-24 05:56:39.076	
0	0	0	3	12	0	0	215	0	0	0	19.8	28.5	0	0	22.7	10.0	10-Sep-24 05:56:39.127	
0	0	0	1	8	0	0	216	0	0	0	19.8	28.5	0	0	22.7	10.0	10-Sep-24 05:56:39.171	
0	0	0	4	9	0	0	208	0	0	0	19.8	28.5	0	0	22.7	10.0	10-Sep-24 05:56:39.216	
0	0	0	1	15	0	0	218	0	0	0	19.8	28.5	0	0	22.7	10.0	10-Sep-24 05:56:39.260	
0	0	0	2	9	0	0	225	0	0	0	19.8	28.5	0	0	22.7	10.0	10-Sep-24 05:56:39.304	
0	0	0	5	12	0	0	202	0	0	0	19.8	28.5	0	0	22.7	10.0	10-Sep-24 05:56:39.347	
0	0	0	3	10	0	0	201	0	0	0	19.8	28.5	0	0	22.7	10.0	10-Sep-24 05:56:39.392	
0	0	0	2	8	0	0	216	0	0	0	19.8	28.5	0	0	22.7	10.0	10-Sep-24 05:56:39.435	
0	0	0	2	8	0	0	201	0	0	0	19.8	28.5	0	0	22.7	10.0	10-Sep-24 05:56:39.480	
0	0	0	5	9	0	0	216	0	0	0	19.8	28.5	0	0	22.7	10.0	10-Sep-24 05:56:39.523	
0	0	0	4	8	0	0	187	0	0	0	19.8	28.5	0	0	22.7	10.0	10-Sep-24 05:56:39.567	
0	0	0	3	11	0	0	206	0	0	0	19.8	28.5	0	0	22.7	10.0	10-Sep-24 05:56:39.620	
0	0	0	6	12	0	0	202	0	0	0	19.8	28.5	0	0	22.7	10.0	10-Sep-24 05:56:39.664	
0	0	0	4	8	0	0	216	0	0	0	19.8	28.5	0	0	22.7	10.0	10-Sep-24 05:56:39.708	
0	0	0	2	6	0	0	177	0	0	0	19.8	28.5	0	0	22.7	10.0	10-Sep-24 05:56:39.751	
0	0	0	5	7	0	0	200	0	0	0	19.8	28.5	0	0	22.7	10.0	10-Sep-24 05:56:39.796	
0	0	0	4	10	0	0	182	0	0	0	19.8	28.5	0	0	22.7	10.0	10-Sep-24 05:56:39.840	
0	0	0	3	5	0	0	213	0	0	0	19.8	28.5	0	0	22.7	10.0	10-Sep-24 05:56:39.883	
0	0	0	2	8	0	0	217	0	0	0	19.8	28.5	0	0	22.7	10.0	10-Sep-24 05:56:39.984	
0	0	0	2	9	0	0	199	0	0	0	19.8	28.5	0	0	22.7	10.0	10-Sep-24 05:56:40.028	
0	0	0	1	12	0	0	227	0	0	0	19.8	28.5	0	0	22.7	10.0	10-Sep-24 05:56:40.071	
0	0	0	2	9	0	0	189	0	0	0	19.8	28.5	0	0	22.7	10.0	10-Sep-24 05:56:40.125	
0	0	0	1	13	0	0	208	0	0	0	19.8	28.5	0	0	22.7	10.0	10-Sep-24 05:56:40.168	
0	0	0	2	7	0	0	206	0	0	0	19.8	28.5	0	0	22.7	10.0	10-Sep-24 05:56:40.211	
0	0	0	2	7	0	0	222	0	0	0	19.8	28.5	0	0	22.7	10.0	10-Sep-24 05:56:40.255	
0	0	0	3	10	0	0	212	0	0	0	19.8	28.5	0	0	22.7	10.0	10-Sep-24 05:56:40.300	
0	0	0	2	6	0	0	222	0	0	0	19.8	28.5	0	0	22.7	10.0	10-Sep-24 05:56:40.344	
0	0	0	2	5	0	0	219	0	0	0	19.8	28.5	0	0	22.7	10.0	10-Sep-24 05:56:40.387	
0	0	0	5	10	0	0	245	0	0	0	19.8	28.5	0	0	22.7	10.0	10-Sep-24 05:56:40.432	
0	0	0	6	8	0	0	197	0	0	0	19.8	28.5	0	0	22.7	10.0	10-Sep-24 05:56:40.476	
0	0	0	2	10	0	0	211	0	0	0	19.8	28.5	0	0	22.7	10.0	10-Sep-24 05:56:40.520	
0	0	0	2	11	0	0	211	0	0	0	19.8	28.5	0	0	22.7	10.0	10-Sep-24 05:56:40.564	
0	0	0	3	7	0	0	218	0	0	0	19.8	28.5	0	0	22.7	10.0	10-Sep-24 05:56:40.607	
0	0	0	1	9	0	0	214	0	0	0	19.8	28.5	0	0	22.7	10.0	10-Sep-24 05:56:40.658	
0	0	0	3	9	0	0	189	0	0	0	19.8	28.5	0	0	22.7	10.0	10-Sep-24 05:56:40.704	
0	0	0	5	5	0	0	173	0	0	0	19.8	28.5	0	0	22.7	10.0	10-Sep-24 05:56:40.748	
0	0	0	5	9	0	0	220	0	0	0	19.8	28.5	0	0	22.7	10.0	10-Sep-24 05:56:40.792	
0	0	0	1	13	0	0	219	0	0	0	19.8	28.5	0	0	22.7	10.0	10-Sep-24 05:56:40.836	
0	0	0	2	5	0	0	189	0	0	0	19.8	28.5	0	0	22.7	10.0	10-Sep-24 05:56:40.880	
0	0	0	2	6	0	0	218	0	0	0	19.8	28.5	0	0	22.7	10.0	10-Sep-24 05:56:40.924	
0	0	0	2	10	0	0	195	0	0	0	19.8	28.5	0	0	22.7	10.0	10-Sep-24 05:56:40.969	
0	0	0	4	16	0	0	234	0	0	0	19.8	28.5	0	0	22.7	10.0	10-Sep-24 05:56:41.071	
0	0	0	1	12	0	0	217	0	0	0	19.8	28.5	0	0	22.7	10.0	10-Sep-24 05:56:41.115	
0	0	0	2	9	0	0	219	0	0	0	19.8	28.5	0	0	22.7	10.0	10-Sep-24 05:56:41.166	
0	0	0	3	11	0	0	203	0	0	0	19.8	28.5	0	0	22.7	10.0	10-Sep-24 05:56:41.212	
0	0	0	1	6	0	0	214	0	0	0	19.8	28.5	0	0	22.7	10.0	10-Sep-24 05:56:41.256	
0	0	0	2	13	0	0	205	0	0	0	19.8	28.5	0	0	22.7	10.0	10-Sep-24 05:56:41.300	
0	0	0	4	6	0	0	234	0	0	0	19.8	28.5	0	0	22.7	10.0	10-Sep-24 05:56:41.343	
0	0	0	5	15	0	0	231	0	0	0	19.8	28.5	0	0	22.7	10.0	10-Sep-24 05:56:41.388	
0	0	0	3	7	0	0	215	0	0	0	19.8	28.5	0	0	22.7	10.0	10-Sep-24 05:56:41.432	
0	0	0	4	6	0	0	214	0	0	0	19.8	28.5	0	0	22.7	10.0	10-Sep-24 05:56:41.475	
0	0	0	2	13	0	0	226	0	0	0	19.8	28.5	0	0	22.7	10.0	10-Sep-24 05:56:41.520	
0	0	0	2	14	0	0	210	0	0	0	19.8	28.5	0	0	22.7	10.0	10-Sep-24 05:56:41.564	
0	0	0	5	13	0	0	201	0	0	0	19.8	28.5	0	0	22.7	10.0	10-Sep-24 05:56:41.608	
0	0	0	3	13	0	0	214	0	0	0	19.8	28.5	0	0	22.7	10.0	10-Sep-24 05:56:41.660	
0	0	0	2	5	0	0	206	0	0	0	19.8	28.5	0	0	22.7	10.0	10-Sep-24 05:56:41.736	
0	0	0	2	10	0	0	219	0	0	0	19.8	28.5	0	0	22.7	10.0	10-Sep-24 05:56:41.829	
0	0	0	4	13	0	0	198	0	0	0	19.8	28.5	0	0	22.7	10.0	10-Sep-24 05:56:41.895	
0	0	0	7	6	0	0	199	0	0	0	19.8	28.5	0	0	22.7	10.0	10-Sep-24 05:56:41.940	
0	0	0	3	8	0	0	207	0	0	0	19.8	28.5	0	0	22.7	10.0	10-Sep-24 05:56:41.984	
0	0	0	3	14	0	0	222	0	0	0	19.8	28.5	0	0	22.7	10.0	10-Sep-24 05:56:42.028	
0	0	0	2	8	0	0	203	0	0	0	19.8	28.5	0	0	22.7	10.0	10-Sep-24 05:56:42.130	
0	0	0	2	7	0	0	213	0	0	0	19.8	28.5	0	0	22.7	10.0	10-Sep-24 05:56:42.184	
0	0	0	3	14	0	0	231	0	0	0	19.8	28.5	0	0	22.7	10.0	10-Sep-24 05:56:42.229	
0	0	0	3	12	0	0	220	0	0	0	19.8	28.5	0	0	22.7	10.0	10-Sep-24 05:56:42.272	
0	0	0	1	11	0	0	200	0	0	0	19.8	28.5	0	0	22.7	10.0	10-Sep-24 05:56:42.316	
0	0	0	3	6	0	0	202	0	0	0	19.8	28.5	0	0	22.7	10.0	10-Sep-24 05:56:42.360	
0	0	0	1	5	0	0	214	0	0	0	19.8	28.5	0	0	22.7	10.0	10-Sep-24 05:56:42.403	
0	0	0	1	7	0	0	224	0	0	0	19.8	28.5	0	0	22.7	10.0	10-Sep-24 05:56:42.448	
0	0	0	2	10	0	0	224	0	0	0	19.8	28.5	0	0	22.7	10.0	10-Sep-24 05:56:42.492	
0	0	0	2	10	0	0	180	0	0	0	19.8	28.5	0	0	22.7	10.0	10-Sep-24 05:56:42.536	
0	0	0	3	10	0	0	204	0	0	0	19.8	28.5	0	0	22.7	10.0	10-Sep-24 05:56:42.580	
0	0	0	3	11	0	0	201	0	0	0	19.8	28.5	0	0	22.7	10.0	10-Sep-24 05:56:42.624	
0	0	0	5	6	0	0	191	0	0	0	19.8	28.5	0	0	22.7	10.0	10-Sep-24 05:56:42.671	
0	0	0	2	7	0	0	235	0	0	0	19.8	28.5	0	0	22.7	10.0	10-Sep-24 05:56:42.719	
0	0	0	4	9	0	0	213	0	0	0	19.8	28.5	0	0	22.7	10.0	10-Sep-24 05:56:42.761	
0	0	0	3	14	0	0	225	0	0	0	19.8	28.5	0	0	22.7	10.0	10-Sep-24 05:56:42.804	
0	0	0	3	7	0	0	201	0	0	0	19.8	28.5	0	0	22.7	10.0	10-Sep-24 05:56:42.848	
0	0	0	2	9	0	0	234	0	0	0	19.8	28.5	0	0	22.7	10.0	10-Sep-24 05:56:42.892	
0	0	0	1	7	0	0	213	0	0	0	19.8	28.5	0	0	22.7	10.0	10-Sep-24 05:56:42.936	
0	0	0	2	14	0	0	199	0	0	0	19.8	28.5	0	0	22.7	10.0	10-Sep-24 05:56:42.980	
0	0	0	2	14	0	0	207	0	0	0	19.8	28.5	0	0	22.7	10.0	10-Sep-24 05:56:43.023	
0	0	0	3	14	0	0	222	0	0	0	19.8	28.5	0	0	22.7	10.0	10-Sep-24 05:56:43.068	
0	0	0	5	7	0	0	184	0	0	0	19.8	28.5	0	0	22.7	10.0	10-Sep-24 05:56:43.104	
0	0	0	3	3	0	0	218	0	0	0	19.8	28.5	0	0	22.7	10.0	10-Sep-24 05:56:43.213	
0	0	0	1	9	0	0	200	0	0	0	19.8	28.5	0	0	22.7	10.0	10-Sep-24 05:56:43.260	
0	0	0	1	6	0	0	229	0	0	0	19.8	28.5	0	0	22.7	10.0	10-Sep-24 05:56:43.304	
0	0	0	1	7	0	0	220	0	0	0	19.8	28.5	0	0	22.7	10.0	10-Sep-24 05:56:43.347	
0	0	0	5	9	0	0	171	0	0	0	19.8	28.5	0	0	22.7	10.0	10-Sep-24 05:56:43.391	
0	0	0	1	6	0	0	209	0	0	0	19.8	28.5	0	0	22.7	10.0	10-Sep-24 05:56:43.436	
0	0	0	5	10	0	0	208	0	0	0	19.8	28.5	0	0	22.7	10.0	10-Sep-24 05:56:43.480	
0	0	0	4	10	0	0	249	0	0	0	19.8	28.5	0	0	22.7	10.0	10-Sep-24 05:56:43.524	
0	0	0	4	7	0	0	202	0	0	0	19.8	28.5	0	0	22.7	10.0	10-Sep-24 05:56:43.567	
0	0	0	3	6	0	0	216	0	0	0	19.8	28.5	0	0	22.7	10.0	10-Sep-24 05:56:43.611	
0	0	0	2	6	0	0	217	0	0	0	19.8	28.5	0	0	22.7	10.0	10-Sep-24 05:56:43.656	
0	0	0	1	21	0	0	207	0	0	0	19.8	28.5	0	0	22.7	10.0	10-Sep-24 05:56:43.707	
0	0	0	2	9	0	0	202	0	0	0	19.8	28.5	0	0	22.7	10.0	10-Sep-24 05:56:43.752	
0	0	0	2	10	0	0	212	0	0	0	19.8	28.5	0	0	22.7	10.0	10-Sep-24 05:56:43.796	
0	0	0	3	6	0	0	197	0	0	0	19.8	28.5	0	0	22.7	10.0	10-Sep-24 05:56:43.839	
0	0	0	5	6	0	0	204	0	0	0	19.8	28.5	0	0	22.7	10.0	10-Sep-24 05:56:43.881	
0	0	0	5	7	0	0	231	0	0	0	19.8	28.5	0	0	22.7	10.0	10-Sep-24 05:56:43.923	
0	0	0	4	14	0	0	204	0	0	0	19.8	28.5	0	0	22.7	10.0	10-Sep-24 05:56:43.968	
0	0	0	2	10	0	0	208	0	0	0	19.8	28.5	0	0	22.7	10.0	10-Sep-24 05:56:44.012	
0	0	0	5	10	0	0	208	0	0	0	19.8	28.5	0	0	22.7	10.0	10-Sep-24 05:56:44.056	
0	0	0	1	19	0	0	230	0	0	0	19.8	28.5	0	0	22.7	10.0	10-Sep-24 05:56:44.100	
0	0	0	4	13	0	0	210	0	0	0	19.8	28.5	0	0	22.7	10.0	10-Sep-24 05:56:44.144	
0	0	0	2	12	0	0	211	0	0	0	19.8	28.5	0	0	22.7	10.0	10-Sep-24 05:56:44.188	
0	0	0	2	10	0	0	235	0	0	0	19.8	28.5	0	0	22.7	10.0	10-Sep-24 05:56:44.286	
0	0	0	3	7	0	0	220	0	0	0	19.8	28.5	0	0	22.7	10.0	10-Sep-24 05:56:44.332	
0	0	0	2	7	0	0	197	0	0	0	19.8	28.5	0	0	22.7	10.0	10-Sep-24 05:56:44.376	
0	0	0	1	7	0	0	194	0	0	0	19.8	28.5	0	0	22.7	10.0	10-Sep-24 05:56:44.420	
0	0	0	2	13	0	0	209	0	0	0	19.8	28.5	0	0	22.7	10.0	10-Sep-24 05:56:44.464	
0	0	0	2	8	0	0	215	0	0	0	19.8	28.5	0	0	22.7	10.0	10-Sep-24 05:56:44.507	
0	0	0	4	12	0	0	196	0	0	0	19.8	28.5	0	0	22.7	10.0	10-Sep-24 05:56:44.552	
0	0	0	4	11	0	0	183	0	0	0	19.8	28.5	0	0	22.7	10.0	10-Sep-24 05:56:44.596	
0	0	0	4	15	0	0	217	0	0	0	19.8	28.5	0	0	22.7	10.0	10-Sep-24 05:56:44.640	
0	0	0	4	14	0	0	221	0	0	0	19.8	28.5	0	0	22.7	10.0	10-Sep-24 05:56:44.684	
0	0	0	4	9	0	0	209	0	0	0	19.8	28.5	0	0	22.7	10.0	10-Sep-24 05:56:44.736	
0	0	0	2	12	0	0	191	0	0	0	19.8	28.5	0	0	22.7	10.0	10-Sep-24 05:56:44.780	
0	0	0	2	8	0	0	232	0	0	0	19.8	28.5	0	0	22.7	10.0	10-Sep-24 05:56:44.823	
0	0	0	1	4	0	0	193	0	0	0	19.8	28.5	0	0	22.7	10.0	10-Sep-24 05:56:44.867	
0	0	0	1	7	0	0	226	0	0	0	19.8	28.5	0	0	22.7	10.0	10-Sep-24 05:56:44.912	
0	0	0	4	17	0	0	233	0	0	0	19.8	28.5	0	0	22.7	10.0	10-Sep-24 05:56:44.956	
0	0	0	3	13	0	0	223	0	0	0	19.8	28.5	0	0	22.7	10.0	10-Sep-24 05:56:45.000	
0	0	0	1	12	0	0	209	0	0	0	19.8	28.5	0	0	22.7	10.0	10-Sep-24 05:56:45.044	
0	0	0	1	8	0	0	227	0	0	0	19.8	28.5	0	0	22.7	10.0	10-Sep-24 05:56:45.087	
0	0	0	1	10	0	0	214	0	0	0	19.8	28.5	0	0	22.7	10.0	10-Sep-24 05:56:45.131	
0	0	0	3	12	0	0	202	0	0	0	19.8	28.5	0	0	22.7	10.0	10-Sep-24 05:56:45.176	
0	0	0	5	11	0	0	208	0	0	0	19.8	28.5	0	0	22.7	10.0	10-Sep-24 05:56:45.219	
0	0	0	4	15	0	0	206	0	0	0	19.8	28.5	0	0	22.7	10.0	10-Sep-24 05:56:45.270	
0	0	0	3	7	0	0	213	0	0	0	19.8	28.5	0	0	22.7	10.0	10-Sep-24 05:56:45.374	
0	0	0	1	18	0	0	197	0	0	0	19.8	28.5	0	0	22.7	10.0	10-Sep-24 05:56:45.420	
0	0	0	1	5	0	0	206	0	0	0	19.8	28.5	0	0	22.7	10.0	10-Sep-24 05:56:45.464	
0	0	0	3	12	0	0	212	0	0	0	19.8	28.5	0	0	22.7	10.0	10-Sep-24 05:56:45.508	
0	0	0	4	11	0	0	232	0	0	0	19.8	28.5	0	0	22.7	10.0	10-Sep-24 05:56:45.552	
0	0	0	2	10	0	0	221	0	0	0	19.8	28.5	0	0	22.7	10.0	10-Sep-24 05:56:45.596	
0	0	0	4	7	0	0	214	0	0	0	19.8	28.5	0	0	22.7	10.0	10-Sep-24 05:56:45.639	
0	0	0	2	13	0	0	204	0	0	0	19.8	28.5	0	0	22.7	10.0	10-Sep-24 05:56:45.684	
0	0	0	3	9	0	0	212	0	0	0	19.8	28.5	0	0	22.7	10.0	10-Sep-24 05:56:45.728	
0	0	0	5	13	0	0	203	0	0	0	19.8	28.5	0	0	22.7	10.0	10-Sep-24 05:56:45.779	
0	0	0	2	17	0	0	199	0	0	0	19.8	28.5	0	0	22.7	10.0	10-Sep-24 05:56:45.824	
0	0	0	3	7	0	0	204	0	0	0	19.8	28.5	0	0	22.7	10.0	10-Sep-24 05:56:45.868	
0	0	0	3	9	0	0	192	0	0	0	19.8	28.5	0	0	22.7	10.0	10-Sep-24 05:56:45.911	
0	0	0	2	15	0	0	194	0	0	0	19.8	28.5	0	0	22.7	10.0	10-Sep-24 05:56:45.957	
0	0	0	1	12	0	0	238	0	0	0	19.8	28.5	0	0	22.7	10.0	10-Sep-24 05:56:46.001	
0	0	0	3	10	0	0	232	0	0	0	19.8	28.5	0	0	22.7	10.0	10-Sep-24 05:56:46.044	
0	0	0	4	11	0	0	232	0	0	0	19.8	28.5	0	0	22.7	10.0	10-Sep-24 05:56:46.088	
0	0	0	3	12	0	0	215	0	0	0	19.8	28.5	0	0	22.7	10.0	10-Sep-24 05:56:46.132	
0	0	0	1	7	0	0	196	0	0	0	19.8	28.5	0	0	22.7	10.0	10-Sep-24 05:56:46.176	
0	0	0	1	8	0	0	195	0	0	0	19.8	28.5	0	0	22.7	10.0	10-Sep-24 05:56:46.219	
0	0	0	1	13	0	0	220	0	0	0	19.8	28.5	0	0	22.7	10.0	10-Sep-24 05:56:46.272	
0	0	0	2	9	0	0	201	0	0	0	19.8	28.5	0	0	22.7	10.0	10-Sep-24 05:56:46.315	
0	0	0	3	5	0	0	180	0	0	0	19.8	28.5	0	0	22.7	10.0	10-Sep-24 05:56:46.358	
0	0	0	2	9	0	0	177	0	0	0	19.8	28.5	0	0	22.7	10.0	10-Sep-24 05:56:46.460	
0	0	0	2	9	0	0	206	0	0	0	19.8	28.5	0	0	22.7	10.0	10-Sep-24 05:56:46.504	
0	0	0	4	11	0	0	201	0	0	0	19.8	28.5	0	0	22.7	10.0	10-Sep-24 05:56:46.547	
0	0	0	2	8	0	0	188	0	0	0	19.8	28.5	0	0	22.7	10.0	10-Sep-24 05:56:46.591	
0	0	0	4	7	0	0	205	0	0	0	19.8	28.5	0	0	22.7	10.0	10-Sep-24 05:56:46.636	
0	0	0	2	10	0	0	195	0	0	0	19.8	28.5	0	0	22.7	10.0	10-Sep-24 05:56:46.680	
0	0	0	3	6	0	0	224	0	0	0	19.8	28.5	0	0	22.7	10.0	10-Sep-24 05:56:46.724	
0	0	0	5	10	0	0	201	0	0	0	19.8	28.5	0	0	22.7	10.0	10-Sep-24 05:56:46.775	
0	0	0	3	9	0	0	199	0	0	0	19.8	28.5	0	0	22.7	10.0	10-Sep-24 05:56:46.820	
0	0	0	3	13	0	0	224	0	0	0	19.8	28.5	0	0	22.7	10.0	10-Sep-24 05:56:46.864	
0	0	0	2	9	0	0	189	0	0	0	19.8	28.5	0	0	22.7	10.0	10-Sep-24 05:56:46.938	
0	0	0	4	8	0	0	219	0	0	0	19.8	28.5	0	0	22.7	10.0	10-Sep-24 05:56:47.033	
0	0	0	2	9	0	0	187	0	0	0	19.8	28.5	0	0	22.7	10.0	10-Sep-24 05:56:47.101	
0	0	0	2	10	0	0	195	0	0	0	19.8	28.5	0	0	22.7	10.0	10-Sep-24 05:56:47.148	
0	0	0	2	5	0	0	232	0	0	0	19.8	28.5	0	0	22.7	10.0	10-Sep-24 05:56:47.192	
0	0	0	2	9	0	0	191	0	0	0	19.8	28.5	0	0	22.7	10.0	10-Sep-24 05:56:47.237	
0	0	0	2	16	0	0	225	0	0	0	19.8	28.5	0	0	22.7	10.0	10-Sep-24 05:56:47.274	
0	0	0	1	15	0	0	226	0	0	0	19.8	28.5	0	0	22.7	10.0	10-Sep-24 05:56:47.324	
0	0	0	2	10	0	0	206	0	0	0	19.8	28.5	0	0	22.7	10.0	10-Sep-24 05:56:47.367	
0	0	0	2	10	0	0	208	0	0	0	19.8	28.5	0	0	22.7	10.0	10-Sep-24 05:56:47.411	
0	0	0	4	7	0	0	188	0	0	0	19.8	28.5	0	0	22.7	10.0	10-Sep-24 05:56:47.514	
0	0	0	2	10	0	0	202	0	0	0	19.8	28.5	0	0	22.7	10.0	10-Sep-24 05:56:47.560	
0	0	0	3	9	0	0	227	0	0	0	19.8	28.5	0	0	22.7	10.0	10-Sep-24 05:56:47.603	
0	0	0	6	10	0	0	225	0	0	0	19.8	28.5	0	0	22.7	10.0	10-Sep-24 05:56:47.648	
0	0	0	4	8	0	0	189	0	0	0	19.8	28.5	0	0	22.7	10.0	10-Sep-24 05:56:47.691	
0	0	0	1	7	0	0	210	0	0	0	19.8	28.5	0	0	22.7	10.0	10-Sep-24 05:56:47.736	
0	0	0	3	9	0	0	230	0	0	0	19.8	28.5	0	0	22.7	10.0	10-Sep-24 05:56:47.779	
0	0	0	2	8	0	0	221	0	0	0	19.8	28.5	0	0	22.7	10.0	10-Sep-24 05:56:47.830	
0	0	0	2	14	0	0	213	0	0	0	19.8	28.5	0	0	22.7	10.0	10-Sep-24 05:56:47.876	
0	0	0	1	9	0	0	195	0	0	0	19.8	28.5	0	0	22.7	10.0	10-Sep-24 05:56:47.920	
0	0	0	1	14	0	0	188	0	0	0	19.8	28.5	0	0	22.7	10.0	10-Sep-24 05:56:47.965	
0	0	0	3	15	0	0	212	0	0	0	19.8	28.5	0	0	22.7	10.0	10-Sep-24 05:56:48.008	
0	0	0	2	13	0	0	187	0	0	0	19.8	28.5	0	0	22.7	10.0	10-Sep-24 05:56:48.051	
0	0	0	2	7	0	0	199	0	0	0	19.8	28.5	0	0	22.7	10.0	10-Sep-24 05:56:48.096	
0	0	0	2	10	0	0	180	0	0	0	19.8	28.5	0	0	22.7	10.0	10-Sep-24 05:56:48.139	
0	0	0	2	8	0	0	188	0	0	0	19.8	28.5	0	0	22.7	10.0	10-Sep-24 05:56:48.184	
0	0	0	3	8	0	0	237	0	0	0	19.8	28.5	0	0	22.7	10.0	10-Sep-24 05:56:48.227	
0	0	0	1	7	0	0	215	0	0	0	19.8	28.5	0	0	22.7	10.0	10-Sep-24 05:56:48.271	
0	0	0	1	8	0	0	190	0	0	0	19.8	28.5	0	0	22.7	10.0	10-Sep-24 05:56:48.324	
0	0	0	1	12	0	0	228	0	0	0	19.8	28.5	0	0	22.7	10.0	10-Sep-24 05:56:48.368	
0	0	0	4	8	0	0	206	0	0	0	19.8	28.5	0	0	22.7	10.0	10-Sep-24 05:56:48.412	
0	0	0	1	7	0	0	181	0	0	0	19.8	28.5	0	0	22.7	10.0	10-Sep-24 05:56:48.455	
0	0	0	1	6	0	0	195	0	0	0	19.8	28.5	0	0	22.7	10.0	10-Sep-24 05:56:48.499	
0	0	0	5	7	0	0	213	0	0	0	19.8	28.5	0	0	22.7	10.0	10-Sep-24 05:56:48.602	
0	0	0	1	9	0	0	184	0	0	0	19.8	28.5	0	0	22.7	10.0	10-Sep-24 05:56:48.648	
0	0	0	3	11	0	0	204	0	0	0	19.8	28.5	0	0	22.7	10.0	10-Sep-24 05:56:48.692	
0	0	0	1	5	0	0	228	0	0	0	19.8	28.5	0	0	22.7	10.0	10-Sep-24 05:56:48.736	
0	0	0	2	9	0	0	217	0	0	0	19.8	28.5	0	0	22.7	10.0	10-Sep-24 05:56:48.779	
0	0	0	3	7	0	0	202	0	0	0	19.8	28.5	0	0	22.7	10.0	10-Sep-24 05:56:48.831	
0	0	0	2	12	0	0	209	0	0	0	19.8	28.5	0	0	22.7	10.0	10-Sep-24 05:56:48.876	
0	0	0	4	6	0	0	210	0	0	0	19.8	28.5	0	0	22.7	10.0	10-Sep-24 05:56:48.919	
0	0	0	1	11	0	0	180	0	0	0	19.8	28.5	0	0	22.7	10.0	10-Sep-24 05:56:48.964	
0	0	0	3	13	0	0	224	0	0	0	19.8	28.5	0	0	22.7	10.0	10-Sep-24 05:56:49.008	
0	0	0	2	16	0	0	208	0	0	0	19.8	28.5	0	0	22.7	10.0	10-Sep-24 05:56:49.052	
0	0	0	2	8	0	0	197	0	0	0	19.8	28.5	0	0	22.7	10.0	10-Sep-24 05:56:49.096	
0	0	0	2	13	0	0	239	0	0	0	19.8	28.5	0	0	22.7	10.0	10-Sep-24 05:56:49.140	
0	0	0	3	12	0	0	210	0	0	0	19.8	28.5	0	0	22.7	10.0	10-Sep-24 05:56:49.184	
0	0	0	3	12	0	0	188	0	0	0	19.8	28.5	0	0	22.7	10.0	10-Sep-24 05:56:49.228	
0	0	0	1	14	0	0	214	0	0	0	19.8	28.5	0	0	22.7	10.0	10-Sep-24 05:56:49.272	
0	0	0	2	8	0	0	208	0	0	0	19.8	28.5	0	0	22.7	10.0	10-Sep-24 05:56:49.315	
0	0	0	1	12	0	0	206	0	0	0	19.8	28.5	0	0	22.7	10.0	10-Sep-24 05:56:49.366	
0	0	0	1	5	0	0	217	0	0	0	19.8	28.5	0	0	22.7	10.0	10-Sep-24 05:56:49.412	
0	0	0	5	9	0	0	189	0	0	0	19.8	28.5	0	0	22.7	10.0	10-Sep-24 05:56:49.456	
0	0	0	3	9	0	0	202	0	0	0	19.8	28.5	0	0	22.7	10.0	10-Sep-24 05:56:49.500	
0	0	0	1	12	0	0	210	0	0	0	19.8	28.5	0	0	22.7	10.0	10-Sep-24 05:56:49.544	
0	0	0	5	14	0	0	206	0	0	0	19.8	28.5	0	0	22.7	10.0	10-Sep-24 05:56:49.588	
0	0	0	1	7	0	0	173	0	0	0	19.8	28.5	0	0	22.7	10.0	10-Sep-24 05:56:49.690	
0	0	0	1	10	0	0	236	0	0	0	19.8	28.5	0	0	22.7	10.0	10-Sep-24 05:56:49.735	
0	0	0	3	12	0	0	217	0	0	0	19.8	28.5	0	0	22.7	10.0	10-Sep-24 05:56:49.780	
0	0	0	2	15	0	0	204	0	0	0	19.8	28.5	0	0	22.7	10.0	10-Sep-24 05:56:49.824	
0	0	0	2	8	0	0	222	0	0	0	19.8	28.5	0	0	22.7	10.0	10-Sep-24 05:56:49.874	
0	0	0	3	10	0	0	232	0	0	0	19.8	28.5	0	0	22.7	10.0	10-Sep-24 05:56:49.921	
0	0	0	2	9	0	0	212	0	0	0	19.8	28.5	0	0	22.7	10.0	10-Sep-24 05:56:49.964	
0	0	0	3	10	0	0	198	0	0	0	19.8	28.5	0	0	22.7	10.0	10-Sep-24 05:56:50.008	
0	0	0	1	10	0	0	208	0	0	0	19.8	28.5	0	0	22.7	10.0	10-Sep-24 05:56:50.052	
0	0	0	3	9	0	0	206	0	0	0	19.8	28.5	0	0	22.7	10.0	10-Sep-24 05:56:50.096	
0	0	0	2	9	0	0	200	0	0	0	19.8	28.5	0	0	22.7	10.0	10-Sep-24 05:56:50.139	
0	0	0	5	11	0	0	220	0	0	0	19.8	28.5	0	0	22.7	10.0	10-Sep-24 05:56:50.184	
0	0	0	1	14	0	0	211	0	0	0	19.8	28.5	0	0	22.7	10.0	10-Sep-24 05:56:50.228	
0	0	0	4	6	0	0	220	0	0	0	19.8	28.5	0	0	22.7	10.0	10-Sep-24 05:56:50.272	
0	0	0	2	12	0	0	220	0	0	0	19.8	28.5	0	0	22.7	10.0	10-Sep-24 05:56:50.316	
0	0	0	2	9	0	0	213	0	0	0	19.8	28.5	0	0	22.7	10.0	10-Sep-24 05:56:50.367	
0	0	0	3	9	0	0	221	0	0	0	19.8	28.5	0	0	22.7	10.0	10-Sep-24 05:56:50.413	
0	0	0	3	5	0	0	201	0	0	0	19.8	28.5	0	0	22.7	10.0	10-Sep-24 05:56:50.455	
0	0	0	3	8	0	0	209	0	0	0	19.8	28.5	0	0	22.7	10.0	10-Sep-24 05:56:50.500	
0	0	0	3	5	0	0	219	0	0	0	19.8	28.5	0	0	22.7	10.0	10-Sep-24 05:56:50.544	
0	0	0	4	8	0	0	182	0	0	0	19.8	28.5	0	0	22.7	10.0	10-Sep-24 05:56:50.587	
0	0	0	3	7	0	0	212	0	0	0	19.8	28.5	0	0	22.7	10.0	10-Sep-24 05:56:50.631	
0	0	0	4	9	0	0	198	0	0	0	19.8	28.5	0	0	22.7	10.0	10-Sep-24 05:56:50.676	
0	0	0	1	10	0	0	204	0	0	0	19.8	28.5	0	0	22.7	10.0	10-Sep-24 05:56:50.768	
0	0	0	4	10	0	0	209	0	0	0	19.8	28.5	0	0	22.7	10.0	10-Sep-24 05:56:50.812	
0	0	0	2	11	0	0	188	0	0	0	19.8	28.5	0	0	22.7	10.0	10-Sep-24 05:56:50.863	
0	0	0	1	10	0	0	231	0	0	0	19.8	28.5	0	0	22.7	10.0	10-Sep-24 05:56:50.908	
0	0	0	6	5	0	0	223	0	0	0	19.8	28.5	0	0	22.7	10.0	10-Sep-24 05:56:50.945	
0	0	0	2	6	0	0	210	0	0	0	19.8	28.5	0	0	22.7	10.0	10-Sep-24 05:56:50.988	
0	0	0	4	8	0	0	213	0	0	0	19.8	28.5	0	0	22.7	10.0	10-Sep-24 05:56:51.032	
0	0	0	3	9	0	0	202	0	0	0	19.8	28.5	0	0	22.7	10.0	10-Sep-24 05:56:51.075	
0	0	0	2	8	0	0	204	0	0	0	19.8	28.5	0	0	22.7	10.0	10-Sep-24 05:56:51.120	
0	0	0	1	13	0	0	206	0	0	0	19.8	28.5	0	0	22.7	10.0	10-Sep-24 05:56:51.164	
0	0	0	1	7	0	0	225	0	0	0	19.8	28.5	0	0	22.7	10.0	10-Sep-24 05:56:51.207	
0	0	0	3	13	0	0	211	0	0	0	19.8	28.5	0	0	22.7	10.0	10-Sep-24 05:56:51.251	
0	0	0	1	8	0	0	204	0	0	0	19.8	28.5	0	0	22.7	10.0	10-Sep-24 05:56:51.296	
0	0	0	1	8	0	0	210	0	0	0	19.8	28.5	0	0	22.7	10.0	10-Sep-24 05:56:51.340	
0	0	0	2	10	0	0	179	0	0	0	19.8	28.5	0	0	22.7	10.0	10-Sep-24 05:56:51.392	
0	0	0	2	9	0	0	200	0	0	0	19.8	28.5	0	0	22.7	10.0	10-Sep-24 05:56:51.436	
0	0	0	2	5	0	0	226	0	0	0	19.8	28.5	0	0	22.7	10.0	10-Sep-24 05:56:51.479	
0	0	0	2	8	0	0	211	0	0	0	19.8	28.5	0	0	22.7	10.0	10-Sep-24 05:56:51.524	
0	0	0	3	7	0	0	215	0	0	0	19.8	28.5	0	0	22.7	10.0	10-Sep-24 05:56:51.568	
0	0	0	6	13	0	0	195	0	0	0	19.8	28.5	0	0	22.7	10.0	10-Sep-24 05:56:51.612	
0	0	0	3	5	0	0	217	0	0	0	19.8	28.5	0	0	22.7	10.0	10-Sep-24 05:56:51.656	
0	0	0	4	13	0	0	221	0	0	0	19.8	28.5	0	0	22.7	10.0	10-Sep-24 05:56:51.700	
0	0	0	4	7	0	0	190	0	0	0	19.8	28.5	0	0	22.7	10.0	10-Sep-24 05:56:51.743	
0	0	0	1	9	0	0	211	0	0	0	19.8	28.5	0	0	22.7	10.0	10-Sep-24 05:56:51.846	
0	0	0	2	10	0	0	216	0	0	0	19.8	28.5	0	0	22.7	10.0	10-Sep-24 05:56:51.896	
0	0	0	2	7	0	0	217	0	0	0	19.8	28.5	0	0	22.7	10.0	10-Sep-24 05:56:51.944	
0	0	0	3	9	0	0	203	0	0	0	19.8	28.5	0	0	22.7	10.0	10-Sep-24 05:56:51.989	
0	0	0	3	8	0	0	216	0	0	0	19.8	28.5	0	0	22.7	10.0	10-Sep-24 05:56:52.032	
0	0	0	2	12	0	0	234	0	0	0	19.8	28.5	0	0	22.7	10.0	10-Sep-24 05:56:52.075	
0	0	0	2	8	0	0	205	0	0	0	19.8	28.5	0	0	22.7	10.0	10-Sep-24 05:56:52.153	
0	0	0	1	12	0	0	217	0	0	0	19.8	28.5	0	0	22.7	10.0	10-Sep-24 05:56:52.243	
0	0	0	1	9	0	0	217	0	0	0	19.8	28.5	0	0	22.7	10.0	10-Sep-24 05:56:52.313	
0	0	0	2	11	0	0	207	0	0	0	19.8	28.5	0	0	22.7	10.0	10-Sep-24 05:56:52.360	
0	0	0	4	14	0	0	195	0	0	0	19.8	28.5	0	0	22.7	10.0	10-Sep-24 05:56:52.412	
0	0	0	4	5	0	0	215	0	0	0	19.8	28.5	0	0	22.7	10.0	10-Sep-24 05:56:52.456	
0	0	0	1	10	0	0	219	0	0	0	19.8	28.5	0	0	22.7	10.0	10-Sep-24 05:56:52.501	
0	0	0	2	15	0	0	209	0	0	0	19.8	28.5	0	0	22.7	10.0	10-Sep-24 05:56:52.544	
0	0	0	1	13	0	0	202	0	0	0	19.8	28.5	0	0	22.7	10.0	10-Sep-24 05:56:52.588	
0	0	0	4	8	0	0	200	0	0	0	19.8	28.5	0	0	22.7	10.0	10-Sep-24 05:56:52.632	
0	0	0	3	16	0	0	214	0	0	0	19.8	28.5	0	0	22.7	10.0	10-Sep-24 05:56:52.676	
0	0	0	4	12	0	0	205	0	0	0	19.8	28.5	0	0	22.7	10.0	10-Sep-24 05:56:52.720	
0	0	0	1	8	0	0	196	0	0	0	19.8	28.5	0	0	22.7	10.0	10-Sep-24 05:56:52.764	
0	0	0	3	13	0	0	204	0	0	0	19.8	28.5	0	0	22.7	10.0	10-Sep-24 05:56:52.808	
0	0	0	2	8	0	0	193	0	0	0	19.8	28.5	0	0	22.7	10.0	10-Sep-24 05:56:52.919	
0	0	0	5	8	0	0	226	0	0	0	19.8	28.5	0	0	22.7	10.0	10-Sep-24 05:56:52.963	
0	0	0	2	17	0	0	200	0	0	0	19.8	28.5	0	0	22.7	10.0	10-Sep-24 05:56:53.008	
0	0	0	2	9	0	0	212	0	0	0	19.8	28.5	0	0	22.7	10.0	10-Sep-24 05:56:53.052	
0	0	0	4	13	0	0	215	0	0	0	19.8	28.5	0	0	22.7	10.0	10-Sep-24 05:56:53.096	
0	0	0	2	8	0	0	205	0	0	0	19.8	28.5	0	0	22.7	10.0	10-Sep-24 05:56:53.140	
0	0	0	2	11	0	0	213	0	0	0	19.8	28.5	0	0	22.7	10.0	10-Sep-24 05:56:53.184	
0	0	0	3	9	0	0	212	0	0	0	19.8	28.5	0	0	22.7	10.0	10-Sep-24 05:56:53.228	
0	0	0	4	17	0	0	223	0	0	0	19.8	28.5	0	0	22.7	10.0	10-Sep-24 05:56:53.272	
0	0	0	3	13	0	0	232	0	0	0	19.8	28.5	0	0	22.7	10.0	10-Sep-24 05:56:53.316	
0	0	0	2	9	0	0	218	0	0	0	19.8	28.5	0	0	22.7	10.0	10-Sep-24 05:56:53.360	
0	0	0	3	10	0	0	196	0	0	0	19.8	28.5	0	0	22.7	10.0	10-Sep-24 05:56:53.408	
0	0	0	3	8	0	0	178	0	0	0	19.8	28.5	0	0	22.7	10.0	10-Sep-24 05:56:53.456	
0	0	0	1	12	0	0	186	0	0	0	19.8	28.5	0	0	22.7	10.0	10-Sep-24 05:56:53.500	
0	0	0	2	10	0	0	192	0	0	0	19.8	28.5	0	0	22.7	10.0	10-Sep-24 05:56:53.544	
0	0	0	5	15	0	0	195	0	0	0	19.8	28.5	0	0	22.7	10.0	10-Sep-24 05:56:53.588	
0	0	0	2	12	0	0	175	0	0	0	19.8	28.5	0	0	22.7	10.0	10-Sep-24 05:56:53.632	
0	0	0	2	12	0	0	203	0	0	0	19.8	28.5	0	0	22.7	10.0	10-Sep-24 05:56:53.676	
0	0	0	2	11	0	0	206	0	0	0	19.8	28.5	0	0	22.7	10.0	10-Sep-24 05:56:53.720	
0	0	0	3	12	0	0	205	0	0	0	19.8	28.5	0	0	22.7	10.0	10-Sep-24 05:56:53.764	
0	0	0	1	8	0	0	214	0	0	0	19.8	28.5	0	0	22.7	10.0	10-Sep-24 05:56:53.807	
0	0	0	2	9	0	0	195	0	0	0	19.8	28.5	0	0	22.7	10.0	10-Sep-24 05:56:53.852	
0	0	0	2	12	0	0	217	0	0	0	19.8	28.5	0	0	22.7	10.0	10-Sep-24 05:56:53.896	
0	0	0	3	11	0	0	222	0	0	0	19.8	28.5	0	0	22.7	10.0	10-Sep-24 05:56:54.007	
0	0	0	4	13	0	0	216	0	0	0	19.8	28.5	0	0	22.7	10.0	10-Sep-24 05:56:54.052	
0	0	0	1	8	0	0	232	0	0	0	19.8	28.5	0	0	22.7	10.0	10-Sep-24 05:56:54.096	
0	0	0	3	3	0	0	221	0	0	0	19.8	28.5	0	0	22.7	10.0	10-Sep-24 05:56:54.140	
0	0	0	2	12	0	0	227	0	0	0	19.8	28.5	0	0	22.7	10.0	10-Sep-24 05:56:54.184	
0	0	0	3	14	0	0	212	0	0	0	19.8	28.5	0	0	22.7	10.0	10-Sep-24 05:56:54.227	
0	0	0	2	8	0	0	220	0	0	0	19.8	28.5	0	0	22.7	10.0	10-Sep-24 05:56:54.272	
0	0	0	1	11	0	0	201	0	0	0	19.8	28.5	0	0	22.7	10.0	10-Sep-24 05:56:54.316	
0	0	0	2	10	0	0	188	0	0	0	19.8	28.5	0	0	22.7	10.0	10-Sep-24 05:56:54.360	
0	0	0	3	13	0	0	221	0	0	0	19.8	28.5	0	0	22.7	10.0	10-Sep-24 05:56:54.405	
0	0	0	3	8	0	0	231	0	0	0	19.8	28.5	0	0	22.7	10.0	10-Sep-24 05:56:54.455	
0	0	0	4	11	0	0	193	0	0	0	19.8	28.5	0	0	22.7	10.0	10-Sep-24 05:56:54.501	
0	0	0	2	10	0	0	231	0	0	0	19.8	28.5	0	0	22.7	10.0	10-Sep-24 05:56:54.544	
0	0	0	2	7	0	0	230	0	0	0	19.8	28.5	0	0	22.7	10.0	10-Sep-24 05:56:54.587	
0	0	0	3	9	0	0	200	0	0	0	19.8	28.5	0	0	22.7	10.0	10-Sep-24 05:56:54.631	
0	0	0	3	7	0	0	229	0	0	0	19.8	28.5	0	0	22.7	10.0	10-Sep-24 05:56:54.676	
0	0	0	2	13	0	0	203	0	0	0	19.8	28.5	0	0	22.7	10.0	10-Sep-24 05:56:54.720	
0	0	0	2	8	0	0	210	0	0	0	19.8	28.5	0	0	22.7	10.0	10-Sep-24 05:56:54.764	
0	0	0	3	9	0	0	231	0	0	0	19.8	28.5	0	0	22.7	10.0	10-Sep-24 05:56:54.808	
0	0	0	1	13	0	0	190	0	0	0	19.8	28.5	0	0	22.7	10.0	10-Sep-24 05:56:54.851	
0	0	0	3	7	0	0	226	0	0	0	19.8	28.5	0	0	22.7	10.0	10-Sep-24 05:56:54.895	
0	0	0	3	5	0	0	208	0	0	0	19.8	28.5	0	0	22.7	10.0	10-Sep-24 05:56:54.947	
0	0	0	2	5	0	0	209	0	0	0	19.8	28.5	0	0	22.7	10.0	10-Sep-24 05:56:54.991	
0	0	0	2	8	0	0	214	0	0	0	19.8	28.5	0	0	22.7	10.0	10-Sep-24 05:56:55.085	
0	0	0	3	12	0	0	224	0	0	0	19.8	28.5	0	0	22.7	10.0	10-Sep-24 05:56:55.132	
0	0	0	1	14	0	0	213	0	0	0	19.8	28.5	0	0	22.7	10.0	10-Sep-24 05:56:55.176	
0	0	0	3	9	0	0	255	0	0	0	19.8	28.5	0	0	22.7	10.0	10-Sep-24 05:56:55.220	
0	0	0	4	5	0	0	194	0	0	0	19.8	28.5	0	0	22.7	10.0	10-Sep-24 05:56:55.263	
0	0	0	1	10	0	0	215	0	0	0	19.8	28.5	0	0	22.7	10.0	10-Sep-24 05:56:55.308	
0	0	0	1	10	0	0	199	0	0	0	19.8	28.5	0	0	22.7	10.0	10-Sep-24 05:56:55.352	
0	0	0	3	11	0	0	198	0	0	0	19.8	28.5	0	0	22.7	10.0	10-Sep-24 05:56:55.395	
0	0	0	5	10	0	0	207	0	0	0	19.8	28.5	0	0	22.7	10.0	10-Sep-24 05:56:55.445	
0	0	0	2	7	0	0	220	0	0	0	19.8	28.5	0	0	22.7	10.0	10-Sep-24 05:56:55.492	
0	0	0	3	17	0	0	213	0	0	0	19.8	28.5	0	0	22.7	10.0	10-Sep-24 05:56:55.536	
0	0	0	3	13	0	0	210	0	0	0	19.8	28.5	0	0	22.7	10.0	10-Sep-24 05:56:55.579	
0	0	0	4	7	0	0	198	0	0	0	19.8	28.5	0	0	22.7	10.0	10-Sep-24 05:56:55.623	
0	0	0	6	11	0	0	223	0	0	0	19.8	28.5	0	0	22.7	10.0	10-Sep-24 05:56:55.668	
0	0	0	2	5	0	0	185	0	0	0	19.8	28.5	0	0	22.7	10.0	10-Sep-24 05:56:55.711	
0	0	0	1	9	0	0	228	0	0	0	19.8	28.5	0	0	22.7	10.0	10-Sep-24 05:56:55.755	
0	0	0	1	14	0	0	187	0	0	0	19.8	28.5	0	0	22.7	10.0	10-Sep-24 05:56:55.799	
0	0	0	2	7	0	0	214	0	0	0	19.8	28.5	0	0	22.7	10.0	10-Sep-24 05:56:55.843	
0	0	0	2	11	0	0	230	0	0	0	19.8	28.5	0	0	22.7	10.0	10-Sep-24 05:56:55.888	
0	0	0	2	8	0	0	218	0	0	0	19.8	28.5	0	0	22.7	10.0	10-Sep-24 05:56:55.932	
0	0	0	2	17	0	0	233	0	0	0	19.8	28.5	0	0	22.7	10.0	10-Sep-24 05:56:55.983	
0	0	0	2	12	0	0	193	0	0	0	19.8	28.5	0	0	22.7	10.0	10-Sep-24 05:56:56.028	
0	0	0	1	7	0	0	236	0	0	0	19.8	28.5	0	0	22.7	10.0	10-Sep-24 05:56:56.072	
0	0	0	2	8	0	0	202	0	0	0	19.8	28.5	0	0	22.7	10.0	10-Sep-24 05:56:56.174	
0	0	0	2	13	0	0	207	0	0	0	19.8	28.5	0	0	22.7	10.0	10-Sep-24 05:56:56.219	
0	0	0	1	14	0	0	230	0	0	0	19.8	28.5	0	0	22.7	10.0	10-Sep-24 05:56:56.264	
0	0	0	1	10	0	0	206	0	0	0	19.8	28.5	0	0	22.7	10.0	10-Sep-24 05:56:56.307	
0	0	0	2	9	0	0	215	0	0	0	19.8	28.5	0	0	22.7	10.0	10-Sep-24 05:56:56.352	
0	0	0	2	9	0	0	190	0	0	0	19.8	28.5	0	0	22.7	10.0	10-Sep-24 05:56:56.396	
0	0	0	3	12	0	0	209	0	0	0	19.8	28.5	0	0	22.7	10.0	10-Sep-24 05:56:56.439	
0	0	0	1	10	0	0	211	0	0	0	19.8	28.5	0	0	22.7	10.0	10-Sep-24 05:56:56.479	
0	0	0	2	12	0	0	205	0	0	0	19.8	28.5	0	0	22.7	10.0	10-Sep-24 05:56:56.524	
0	0	0	2	6	0	0	208	0	0	0	19.8	28.5	0	0	22.7	10.0	10-Sep-24 05:56:56.568	
0	0	0	2	11	0	0	219	0	0	0	19.8	28.5	0	0	22.7	10.0	10-Sep-24 05:56:56.612	
0	0	0	3	11	0	0	215	0	0	0	19.8	28.5	0	0	22.7	10.0	10-Sep-24 05:56:56.657	
0	0	0	3	9	0	0	193	0	0	0	19.8	28.5	0	0	22.7	10.0	10-Sep-24 05:56:56.700	
0	0	0	2	9	0	0	201	0	0	0	19.8	28.5	0	0	22.7	10.0	10-Sep-24 05:56:56.744	
0	0	0	3	7	0	0	213	0	0	0	19.8	28.5	0	0	22.7	10.0	10-Sep-24 05:56:56.788	
0	0	0	3	5	0	0	223	0	0	0	19.8	28.5	0	0	22.7	10.0	10-Sep-24 05:56:56.832	
0	0	0	1	8	0	0	217	0	0	0	19.8	28.5	0	0	22.7	10.0	10-Sep-24 05:56:56.875	
0	0	0	1	9	0	0	211	0	0	0	19.8	28.5	0	0	22.7	10.0	10-Sep-24 05:56:56.919	
0	0	0	1	11	0	0	224	0	0	0	19.8	28.5	0	0	22.7	10.0	10-Sep-24 05:56:56.971	
0	0	0	1	8	0	0	233	0	0	0	19.8	28.5	0	0	22.7	10.0	10-Sep-24 05:56:57.016	
0	0	0	3	8	0	0	197	0	0	0	19.8	28.5	0	0	22.7	10.0	10-Sep-24 05:56:57.060	
0	0	0	4	15	0	0	220	0	0	0	19.8	28.5	0	0	22.7	10.0	10-Sep-24 05:56:57.104	
0	0	0	2	10	0	0	218	0	0	0	19.8	28.5	0	0	22.7	10.0	10-Sep-24 05:56:57.148	
0	0	0	3	17	0	0	194	0	0	0	19.8	28.5	0	0	22.7	10.0	10-Sep-24 05:56:57.249	
0	0	0	1	10	0	0	228	0	0	0	19.8	28.5	0	0	22.7	10.0	10-Sep-24 05:56:57.296	
0	0	0	3	12	0	0	188	0	0	0	19.8	28.5	0	0	22.7	10.0	10-Sep-24 05:56:57.364	
0	0	0	2	12	0	0	196	0	0	0	19.8	28.5	0	0	22.7	10.0	10-Sep-24 05:56:57.421	
0	0	0	2	11	0	0	205	0	0	0	19.8	28.5	0	0	22.7	10.0	10-Sep-24 05:56:57.506	
0	0	0	1	8	0	0	228	0	0	0	19.8	28.5	0	0	22.7	10.0	10-Sep-24 05:56:57.561	
0	0	0	2	15	0	0	191	0	0	0	19.8	28.5	0	0	22.7	10.0	10-Sep-24 05:56:57.609	
0	0	0	3	11	0	0	194	0	0	0	19.8	28.5	0	0	22.7	10.0	10-Sep-24 05:56:57.653	
0	0	0	3	11	0	0	219	0	0	0	19.8	28.5	0	0	22.7	10.0	10-Sep-24 05:56:57.696	
0	0	0	4	7	0	0	199	0	0	0	19.8	28.5	0	0	22.7	10.0	10-Sep-24 05:56:57.739	
0	0	0	1	6	0	0	183	0	0	0	19.8	28.5	0	0	22.7	10.0	10-Sep-24 05:56:57.784	
0	0	0	1	11	0	0	208	0	0	0	19.8	28.5	0	0	22.7	10.0	10-Sep-24 05:56:57.828	
0	0	0	1	8	0	0	215	0	0	0	19.8	28.5	0	0	22.7	10.0	10-Sep-24 05:56:57.872	
0	0	0	1	9	0	0	211	0	0	0	19.8	28.5	0	0	22.7	10.0	10-Sep-24 05:56:57.916	
0	0	0	3	9	0	0	208	0	0	0	19.8	28.5	0	0	22.7	10.0	10-Sep-24 05:56:57.959	
0	0	0	3	10	0	0	199	0	0	0	19.8	28.5	0	0	22.7	10.0	10-Sep-24 05:56:58.011	
0	0	0	3	13	0	0	214	0	0	0	19.8	28.5	0	0	22.7	10.0	10-Sep-24 05:56:58.056	
0	0	0	2	8	0	0	215	0	0	0	19.8	28.5	0	0	22.7	10.0	10-Sep-24 05:56:58.099	
0	0	0	1	15	0	0	209	0	0	0	19.8	28.5	0	0	22.7	10.0	10-Sep-24 05:56:58.144	
0	0	0	2	9	0	0	201	0	0	0	19.8	28.5	0	0	22.7	10.0	10-Sep-24 05:56:58.188	
0	0	0	2	8	0	0	209	0	0	0	19.8	28.5	0	0	22.7	10.0	10-Sep-24 05:56:58.232	
0	0	0	2	9	0	0	178	0	0	0	19.8	28.5	0	0	22.7	10.0	10-Sep-24 05:56:58.332	
0	0	0	5	12	0	0	187	0	0	0	19.8	28.5	0	0	22.7	10.0	10-Sep-24 05:56:58.379	
0	0	0	1	6	0	0	195	0	0	0	19.8	28.5	0	0	22.7	10.0	10-Sep-24 05:56:58.424	
0	0	0	4	12	0	0	229	0	0	0	19.8	28.5	0	0	22.7	10.0	10-Sep-24 05:56:58.468	
0	0	0	2	12	0	0	199	0	0	0	19.8	28.5	0	0	22.7	10.0	10-Sep-24 05:56:58.520	
0	0	0	1	13	0	0	216	0	0	0	19.8	28.5	0	0	22.7	10.0	10-Sep-24 05:56:58.564	
0	0	0	3	9	0	0	200	0	0	0	19.8	28.5	0	0	22.7	10.0	10-Sep-24 05:56:58.607	
0	0	0	1	11	0	0	213	0	0	0	19.8	28.5	0	0	22.7	10.0	10-Sep-24 05:56:58.651	
0	0	0	3	14	0	0	198	0	0	0	19.8	28.5	0	0	22.7	10.0	10-Sep-24 05:56:58.696	
0	0	0	1	9	0	0	187	0	0	0	19.8	28.5	0	0	22.7	10.0	10-Sep-24 05:56:58.740	
0	0	0	2	12	0	0	216	0	0	0	19.8	28.5	0	0	22.7	10.0	10-Sep-24 05:56:58.784	
0	0	0	3	11	0	0	208	0	0	0	19.8	28.5	0	0	22.7	10.0	10-Sep-24 05:56:58.829	
0	0	0	3	20	0	0	202	0	0	0	19.8	28.5	0	0	22.7	10.0	10-Sep-24 05:56:58.872	
0	0	0	1	9	0	0	196	0	0	0	19.8	28.5	0	0	22.7	10.0	10-Sep-24 05:56:58.916	
0	0	0	1	12	0	0	202	0	0	0	19.8	28.5	0	0	22.7	10.0	10-Sep-24 05:56:58.960	
0	0	0	1	13	0	0	193	0	0	0	19.8	28.5	0	0	22.7	10.0	10-Sep-24 05:56:59.004	
0	0	0	3	12	0	0	196	0	0	0	19.8	28.5	0	0	22.7	10.0	10-Sep-24 05:56:59.057	
0	0	0	3	9	0	0	214	0	0	0	19.8	28.5	0	0	22.7	10.0	10-Sep-24 05:56:59.100	
0	0	0	3	6	0	0	215	0	0	0	19.8	28.5	0	0	22.7	10.0	10-Sep-24 05:56:59.144	
0	0	0	4	13	0	0	230	0	0	0	19.8	28.5	0	0	22.7	10.0	10-Sep-24 05:56:59.188	
0	0	0	1	8	0	0	189	0	0	0	19.8	28.5	0	0	22.7	10.0	10-Sep-24 05:56:59.231	
0	0	0	3	3	0	0	203	0	0	0	19.8	28.5	0	0	22.7	10.0	10-Sep-24 05:56:59.276	
0	0	0	1	5	0	0	243	0	0	0	19.8	28.5	0	0	22.7	10.0	10-Sep-24 05:56:59.319	
0	0	0	2	10	0	0	225	0	0	0	19.8	28.5	0	0	22.7	10.0	10-Sep-24 05:56:59.412	
0	0	0	1	7	0	0	200	0	0	0	19.8	28.5	0	0	22.7	10.0	10-Sep-24 05:56:59.460	
0	0	0	2	12	0	0	204	0	0	0	19.8	28.5	0	0	22.7	10.0	10-Sep-24 05:56:59.503	
0	0	0	3	11	0	0	192	0	0	0	19.8	28.5	0	0	22.7	10.0	10-Sep-24 05:56:59.556	
0	0	0	3	13	0	0	238	0	0	0	19.8	28.5	0	0	22.7	10.0	10-Sep-24 05:56:59.600	
0	0	0	2	12	0	0	215	0	0	0	19.8	28.5	0	0	22.7	10.0	10-Sep-24 05:56:59.644	
0	0	0	1	7	0	0	214	0	0	0	19.8	28.5	0	0	22.7	10.0	10-Sep-24 05:56:59.688	
0	0	0	2	8	0	0	235	0	0	0	19.8	28.5	0	0	22.7	10.0	10-Sep-24 05:56:59.731	
0	0	0	2	10	0	0	219	0	0	0	19.8	28.5	0	0	22.7	10.0	10-Sep-24 05:56:59.776	
0	0	0	1	10	0	0	235	0	0	0	19.8	28.5	0	0	22.7	10.0	10-Sep-24 05:56:59.820	
0	0	0	3	6	0	0	201	0	0	0	19.8	28.5	0	0	22.7	10.0	10-Sep-24 05:56:59.864	
0	0	0	3	21	0	0	190	0	0	0	19.8	28.5	0	0	22.7	10.0	10-Sep-24 05:56:59.908	
0	0	0	3	12	0	0	234	0	0	0	19.8	28.5	0	0	22.7	10.0	10-Sep-24 05:56:59.945	
0	0	0	2	9	0	0	228	0	0	0	19.8	28.5	0	0	22.7	10.0	10-Sep-24 05:56:59.988	
0	0	0	2	8	0	0	227	0	0	0	19.8	28.5	0	0	22.7	10.0	10-Sep-24 05:57:00.039	
0	0	0	1	6	0	0	210	0	0	0	19.8	28.5	0	0	22.7	10.0	10-Sep-24 05:57:00.081	
0	0	0	3	10	0	0	207	0	0	0	19.8	28.5	0	0	22.7	10.0	10-Sep-24 05:57:00.123	
0	0	0	1	9	0	0	223	0	0	0	19.8	28.5	0	0	22.7	10.0	10-Sep-24 05:57:00.168	
0	0	0	3	9	0	0	219	0	0	0	19.8	28.5	0	0	22.7	10.0	10-Sep-24 05:57:00.211	
0	0	0	1	15	0	0	202	0	0	0	19.8	28.5	0	0	22.7	10.0	10-Sep-24 05:57:00.256	
0	0	0	2	12	0	0	195	0	0	0	19.8	28.5	0	0	22.7	10.0	10-Sep-24 05:57:00.300	
0	0	0	3	7	0	0	206	0	0	0	19.8	28.5	0	0	22.7	10.0	10-Sep-24 05:57:00.343	
0	0	0	2	6	0	0	205	0	0	0	19.8	28.5	0	0	22.7	10.0	10-Sep-24 05:57:00.388	
0	0	0	2	9	0	0	220	0	0	0	19.8	28.5	0	0	22.7	10.0	10-Sep-24 05:57:00.491	
0	0	0	3	8	0	0	206	0	0	0	19.8	28.5	0	0	22.7	10.0	10-Sep-24 05:57:00.536	
0	0	0	1	8	0	0	223	0	0	0	19.8	28.5	0	0	22.7	10.0	10-Sep-24 05:57:00.587	
0	0	0	3	10	0	0	198	0	0	0	19.8	28.5	0	0	22.7	10.0	10-Sep-24 05:57:00.632	
0	0	0	1	14	0	0	197	0	0	0	19.8	28.5	0	0	22.7	10.0	10-Sep-24 05:57:00.676	
0	0	0	1	9	0	0	196	0	0	0	19.8	28.5	0	0	22.7	10.0	10-Sep-24 05:57:00.719	
0	0	0	1	16	0	0	201	0	0	0	19.8	28.5	0	0	22.7	10.0	10-Sep-24 05:57:00.764	
0	0	0	3	11	0	0	224	0	0	0	19.8	28.5	0	0	22.7	10.0	10-Sep-24 05:57:00.808	
0	0	0	2	9	0	0	184	0	0	0	19.8	28.5	0	0	22.7	10.0	10-Sep-24 05:57:00.852	
0	0	0	1	11	0	0	243	0	0	0	19.8	28.5	0	0	22.7	10.0	10-Sep-24 05:57:00.896	
0	0	0	1	14	0	0	223	0	0	0	19.8	28.5	0	0	22.7	10.0	10-Sep-24 05:57:00.940	
0	0	0	2	11	0	0	197	0	0	0	19.8	28.5	0	0	22.7	10.0	10-Sep-24 05:57:00.984	
0	0	0	2	6	0	0	220	0	0	0	19.8	28.5	0	0	22.7	10.0	10-Sep-24 05:57:01.028	
0	0	0	2	5	0	0	211	0	0	0	19.8	28.5	0	0	22.7	10.0	10-Sep-24 05:57:01.079	
0	0	0	3	9	0	0	239	0	0	0	19.8	28.5	0	0	22.7	10.0	10-Sep-24 05:57:01.125	
0	0	0	3	13	0	0	212	0	0	0	19.8	28.5	0	0	22.7	10.0	10-Sep-24 05:57:01.167	
0	0	0	1	6	0	0	215	0	0	0	19.8	28.5	0	0	22.7	10.0	10-Sep-24 05:57:01.212	
0	0	0	2	12	0	0	216	0	0	0	19.8	28.5	0	0	22.7	10.0	10-Sep-24 05:57:01.248	
0	0	0	1	11	0	0	211	0	0	0	19.8	28.5	0	0	22.7	10.0	10-Sep-24 05:57:01.292	
0	0	0	2	14	0	0	203	0	0	0	19.8	28.5	0	0	22.7	10.0	10-Sep-24 05:57:01.336	
0	0	0	3	14	0	0	206	0	0	0	19.8	28.5	0	0	22.7	10.0	10-Sep-24 05:57:01.379	
0	0	0	2	13	0	0	212	0	0	0	19.8	28.5	0	0	22.7	10.0	10-Sep-24 05:57:01.424	
0	0	0	1	15	0	0	189	0	0	0	19.8	28.5	0	0	22.7	10.0	10-Sep-24 05:57:01.467	
0	0	0	4	11	0	0	227	0	0	0	19.8	28.5	0	0	22.7	10.0	10-Sep-24 05:57:01.561	
0	0	0	5	13	0	0	182	0	0	0	19.8	28.5	0	0	22.7	10.0	10-Sep-24 05:57:01.614	
0	0	0	5	7	0	0	205	0	0	0	19.8	28.5	0	0	22.7	10.0	10-Sep-24 05:57:01.651	
0	0	0	3	11	0	0	227	0	0	0	19.8	28.5	0	0	22.7	10.0	10-Sep-24 05:57:01.697	
0	0	0	4	10	0	0	206	0	0	0	19.8	28.5	0	0	22.7	10.0	10-Sep-24 05:57:01.741	
0	0	0	3	13	0	0	225	0	0	0	19.8	28.5	0	0	22.7	10.0	10-Sep-24 05:57:01.784	
0	0	0	2	12	0	0	215	0	0	0	19.8	28.5	0	0	22.7	10.0	10-Sep-24 05:57:01.828	
0	0	0	5	8	0	0	205	0	0	0	19.8	28.5	0	0	22.7	10.0	10-Sep-24 05:57:01.872	
0	0	0	2	15	0	0	191	0	0	0	19.8	28.5	0	0	22.7	10.0	10-Sep-24 05:57:01.916	
0	0	0	2	5	0	0	224	0	0	0	19.8	28.5	0	0	22.7	10.0	10-Sep-24 05:57:01.960	
0	0	0	1	9	0	0	207	0	0	0	19.8	28.5	0	0	22.7	10.0	10-Sep-24 05:57:02.004	
0	0	0	7	15	0	0	204	0	0	0	19.8	28.5	0	0	22.7	10.0	10-Sep-24 05:57:02.052	
0	0	0	2	9	0	0	221	0	0	0	19.8	28.5	0	0	22.7	10.0	10-Sep-24 05:57:02.103	
0	0	0	3	6	0	0	213	0	0	0	19.8	28.5	0	0	22.7	10.0	10-Sep-24 05:57:02.140	
0	0	0	2	11	0	0	198	0	0	0	19.8	28.5	0	0	22.7	10.0	10-Sep-24 05:57:02.184	
0	0	0	2	16	0	0	196	0	0	0	19.8	28.5	0	0	22.7	10.0	10-Sep-24 05:57:02.228	
0	0	0	1	6	0	0	215	0	0	0	19.8	28.5	0	0	22.7	10.0	10-Sep-24 05:57:02.272	
0	0	0	2	9	0	0	219	0	0	0	19.8	28.5	0	0	22.7	10.0	10-Sep-24 05:57:02.316	
0	0	0	4	11	0	0	215	0	0	0	19.8	28.5	0	0	22.7	10.0	10-Sep-24 05:57:02.360	
0	0	0	2	10	0	0	192	0	0	0	19.8	28.5	0	0	22.7	10.0	10-Sep-24 05:57:02.404	
0	0	0	3	9	0	0	175	0	0	0	19.8	28.5	0	0	22.7	10.0	10-Sep-24 05:57:02.448	
0	0	0	2	11	0	0	222	0	0	0	19.8	28.5	0	0	22.7	10.0	10-Sep-24 05:57:02.492	
0	0	0	4	7	0	0	208	0	0	0	19.8	28.5	0	0	22.7	10.0	10-Sep-24 05:57:02.535	
0	0	0	3	9	0	0	222	0	0	0	19.8	28.5	0	0	22.7	10.0	10-Sep-24 05:57:02.722	
0	0	0	1	15	0	0	209	0	0	0	19.8	28.5	0	0	22.7	10.0	10-Sep-24 05:57:02.789	
0	0	0	1	11	0	0	226	0	0	0	19.8	28.5	0	0	22.7	10.0	10-Sep-24 05:57:02.837	
0	0	0	2	16	0	0	189	0	0	0	19.8	28.5	0	0	22.7	10.0	10-Sep-24 05:57:02.880	
0	0	0	2	10	0	0	209	0	0	0	19.8	28.5	0	0	22.7	10.0	10-Sep-24 05:57:02.924	
0	0	0	2	9	0	0	221	0	0	0	19.8	28.5	0	0	22.7	10.0	10-Sep-24 05:57:02.967	
0	0	0	3	5	0	0	222	0	0	0	19.8	28.5	0	0	22.7	10.0	10-Sep-24 05:57:03.012	
0	0	0	2	16	0	0	178	0	0	0	19.8	28.5	0	0	22.7	10.0	10-Sep-24 05:57:03.056	
0	0	0	2	9	0	0	202	0	0	0	19.8	28.5	0	0	22.7	10.0	10-Sep-24 05:57:03.107	
0	0	0	2	8	0	0	207	0	0	0	19.8	28.5	0	0	22.7	10.0	10-Sep-24 05:57:03.152	
0	0	0	2	13	0	0	208	0	0	0	19.8	28.5	0	0	22.7	10.0	10-Sep-24 05:57:03.196	
0	0	0	4	18	0	0	207	0	0	0	19.8	28.5	0	0	22.7	10.0	10-Sep-24 05:57:03.240	
0	0	0	1	11	0	0	210	0	0	0	19.8	28.5	0	0	22.7	10.0	10-Sep-24 05:57:03.284	
0	0	0	6	6	0	0	214	0	0	0	19.8	28.5	0	0	22.7	10.0	10-Sep-24 05:57:03.328	
0	0	0	1	13	0	0	184	0	0	0	19.8	28.5	0	0	22.7	10.0	10-Sep-24 05:57:03.372	
0	0	0	2	8	0	0	181	0	0	0	19.8	28.5	0	0	22.7	10.0	10-Sep-24 05:57:03.416	
0	0	0	1	8	0	0	198	0	0	0	19.8	28.5	0	0	22.7	10.0	10-Sep-24 05:57:03.460	
0	0	0	4	9	0	0	184	0	0	0	19.8	28.5	0	0	22.7	10.0	10-Sep-24 05:57:03.504	
0	0	0	2	12	0	0	169	0	0	0	19.8	28.5	0	0	22.7	10.0	10-Sep-24 05:57:03.548	
0	0	0	3	13	0	0	221	0	0	0	19.8	28.5	0	0	22.7	10.0	10-Sep-24 05:57:03.592	
0	0	0	4	6	0	0	188	0	0	0	19.8	28.5	0	0	22.7	10.0	10-Sep-24 05:57:03.643	
0	0	0	1	8	0	0	223	0	0	0	19.8	28.5	0	0	22.7	10.0	10-Sep-24 05:57:03.688	
0	0	0	2	12	0	0	204	0	0	0	19.8	28.5	0	0	22.7	10.0	10-Sep-24 05:57:03.788	
0	0	0	3	10	0	0	199	0	0	0	19.8	28.5	0	0	22.7	10.0	10-Sep-24 05:57:03.836	
0	0	0	4	7	0	0	203	0	0	0	19.8	28.5	0	0	22.7	10.0	10-Sep-24 05:57:03.880	
0	0	0	1	10	0	0	223	0	0	0	19.8	28.5	0	0	22.7	10.0	10-Sep-24 05:57:03.924	
0	0	0	1	13	0	0	219	0	0	0	19.8	28.5	0	0	22.7	10.0	10-Sep-24 05:57:03.968	
0	0	0	2	13	0	0	225	0	0	0	19.8	28.5	0	0	22.7	10.0	10-Sep-24 05:57:04.012	
0	0	0	1	11	0	0	203	0	0	0	19.8	28.5	0	0	22.7	10.0	10-Sep-24 05:57:04.056	
0	0	0	3	9	0	0	215	0	0	0	19.8	28.5	0	0	22.7	10.0	10-Sep-24 05:57:04.100	
0	0	0	6	8	0	0	194	0	0	0	19.8	28.5	0	0	22.7	10.0	10-Sep-24 05:57:04.152	
0	0	0	2	8	0	0	229	0	0	0	19.8	28.5	0	0	22.7	10.0	10-Sep-24 05:57:04.196	
0	0	0	1	13	0	0	205	0	0	0	19.8	28.5	0	0	22.7	10.0	10-Sep-24 05:57:04.240	
0	0	0	2	10	0	0	216	0	0	0	19.8	28.5	0	0	22.7	10.0	10-Sep-24 05:57:04.284	
0	0	0	3	14	0	0	204	0	0	0	19.8	28.5	0	0	22.7	10.0	10-Sep-24 05:57:04.328	
0	0	0	1	13	0	0	229	0	0	0	19.8	28.5	0	0	22.7	10.0	10-Sep-24 05:57:04.372	
0	0	0	1	9	0	0	198	0	0	0	19.8	28.5	0	0	22.7	10.0	10-Sep-24 05:57:04.415	
0	0	0	1	8	0	0	215	0	0	0	19.8	28.5	0	0	22.7	10.0	10-Sep-24 05:57:04.460	
0	0	0	1	7	0	0	211	0	0	0	19.8	28.5	0	0	22.7	10.0	10-Sep-24 05:57:04.503	
0	0	0	3	11	0	0	229	0	0	0	19.8	28.5	0	0	22.7	10.0	10-Sep-24 05:57:04.548	
0	0	0	4	11	0	0	187	0	0	0	19.8	28.5	0	0	22.7	10.0	10-Sep-24 05:57:04.592	
0	0	0	4	9	0	0	184	0	0	0	19.8	28.5	0	0	22.7	10.0	10-Sep-24 05:57:04.641	
0	0	0	2	12	0	0	228	0	0	0	19.8	28.5	0	0	22.7	10.0	10-Sep-24 05:57:04.688	
0	0	0	3	5	0	0	193	0	0	0	19.8	28.5	0	0	22.7	10.0	10-Sep-24 05:57:04.732	
0	0	0	5	19	0	0	213	0	0	0	19.8	28.5	0	0	22.7	10.0	10-Sep-24 05:57:04.776	
0	0	0	4	16	0	0	184	0	0	0	19.8	28.5	0	0	22.7	10.0	10-Sep-24 05:57:04.879	
0	0	0	3	11	0	0	179	0	0	0	19.8	28.5	0	0	22.7	10.0	10-Sep-24 05:57:04.924	
0	0	0	2	15	0	0	232	0	0	0	19.8	28.5	0	0	22.7	10.0	10-Sep-24 05:57:04.968	
0	0	0	4	11	0	0	208	0	0	0	19.8	28.5	0	0	22.7	10.0	10-Sep-24 05:57:05.012	
0	0	0	3	7	0	0	215	0	0	0	19.8	28.5	0	0	22.7	10.0	10-Sep-24 05:57:05.056	
0	0	0	3	11	0	0	202	0	0	0	19.8	28.5	0	0	22.7	10.0	10-Sep-24 05:57:05.100	
0	0	0	3	10	0	0	203	0	0	0	19.8	28.5	0	0	22.7	10.0	10-Sep-24 05:57:05.149	
0	0	0	4	10	0	0	218	0	0	0	19.8	28.5	0	0	22.7	10.0	10-Sep-24 05:57:05.196	
0	0	0	3	14	0	0	205	0	0	0	19.8	28.5	0	0	22.7	10.0	10-Sep-24 05:57:05.240	
0	0	0	1	10	0	0	204	0	0	0	19.8	28.5	0	0	22.7	10.0	10-Sep-24 05:57:05.283	
0	0	0	3	11	0	0	227	0	0	0	19.8	28.5	0	0	22.7	10.0	10-Sep-24 05:57:05.328	
0	0	0	1	11	0	0	207	0	0	0	19.8	28.5	0	0	22.7	10.0	10-Sep-24 05:57:05.372	
0	0	0	4	11	0	0	210	0	0	0	19.8	28.5	0	0	22.7	10.0	10-Sep-24 05:57:05.416	
0	0	0	3	7	0	0	213	0	0	0	19.8	28.5	0	0	22.7	10.0	10-Sep-24 05:57:05.459	
