C1	C2	C3	C4	C5	C6	C7	C8	BC1	BC2	BC3	BC4	BC5	BC6	BC7	BC8	IT	T

0	0	0	2	1	0	0	21	0	0	0	19.8	28.5	0	0	22.7	10.0	10-Sep-24 06:18:56.751	
0	0	0	1	2	0	0	16	0	0	0	19.8	28.5	0	0	22.7	10.0	10-Sep-24 06:18:56.796	
0	0	0	0	2	0	0	23	0	0	0	19.8	28.5	0	0	22.7	10.0	10-Sep-24 06:18:56.839	
0	0	0	2	4	0	0	18	0	0	0	19.8	28.5	0	0	22.7	10.0	10-Sep-24 06:18:56.890	
0	0	0	1	1	0	0	27	0	0	0	19.8	28.5	0	0	22.7	10.0	10-Sep-24 06:18:56.927	
0	0	0	1	3	0	0	19	0	0	0	19.8	28.5	0	0	22.7	10.0	10-Sep-24 06:18:56.971	
0	0	0	1	0	0	0	23	0	0	0	19.8	28.5	0	0	22.7	10.0	10-Sep-24 06:18:57.016	
0	0	0	0	2	0	0	19	0	0	0	19.8	28.5	0	0	22.7	10.0	10-Sep-24 06:18:57.059	
0	0	0	1	2	0	0	20	0	0	0	19.8	28.5	0	0	22.7	10.0	10-Sep-24 06:18:57.104	
0	0	0	1	2	0	0	21	0	0	0	19.8	28.5	0	0	22.7	10.0	10-Sep-24 06:18:57.207	
0	0	0	2	1	0	0	11	0	0	0	19.8	28.5	0	0	22.7	10.0	10-Sep-24 06:18:57.251	
0	0	0	1	4	0	0	17	0	0	0	19.8	28.5	0	0	22.7	10.0	10-Sep-24 06:18:57.295	
0	0	0	1	2	0	0	25	0	0	0	19.8	28.5	0	0	22.7	10.0	10-Sep-24 06:18:57.339	
0	0	0	0	2	0	0	25	0	0	0	19.8	28.5	0	0	22.7	10.0	10-Sep-24 06:18:57.384	
0	0	0	1	1	0	0	16	0	0	0	19.8	28.5	0	0	22.7	10.0	10-Sep-24 06:18:57.436	
0	0	0	1	1	0	0	24	0	0	0	19.8	28.5	0	0	22.7	10.0	10-Sep-24 06:18:57.480	
0	0	0	3	1	0	0	17	0	0	0	19.8	28.5	0	0	22.7	10.0	10-Sep-24 06:18:57.523	
0	0	0	1	3	0	0	16	0	0	0	19.8	28.5	0	0	22.7	10.0	10-Sep-24 06:18:57.567	
0	0	0	1	1	0	0	16	0	0	0	19.8	28.5	0	0	22.7	10.0	10-Sep-24 06:18:57.612	
0	0	0	1	2	0	0	21	0	0	0	19.8	28.5	0	0	22.7	10.0	10-Sep-24 06:18:57.656	
0	0	0	1	1	0	0	24	0	0	0	19.8	28.5	0	0	22.7	10.0	10-Sep-24 06:18:57.699	
0	0	0	1	2	0	0	21	0	0	0	19.8	28.5	0	0	22.7	10.0	10-Sep-24 06:18:57.744	
0	0	0	1	4	0	0	23	0	0	0	19.8	28.5	0	0	22.7	10.0	10-Sep-24 06:18:57.787	
0	0	0	1	2	0	0	27	0	0	0	19.8	28.5	0	0	22.7	10.0	10-Sep-24 06:18:57.831	
0	0	0	2	3	0	0	25	0	0	0	19.8	28.5	0	0	22.7	10.0	10-Sep-24 06:18:57.875	
0	0	0	1	2	0	0	28	0	0	0	19.8	28.5	0	0	22.7	10.0	10-Sep-24 06:18:57.919	
0	0	0	1	1	0	0	23	0	0	0	19.8	28.5	0	0	22.7	10.0	10-Sep-24 06:18:57.964	
0	0	0	2	2	0	0	30	0	0	0	19.8	28.5	0	0	22.7	10.0	10-Sep-24 06:18:58.007	
0	0	0	1	2	0	0	23	0	0	0	19.8	28.5	0	0	22.7	10.0	10-Sep-24 06:18:58.051	
0	0	0	0	2	0	0	26	0	0	0	19.8	28.5	0	0	22.7	10.0	10-Sep-24 06:18:58.095	
0	0	0	2	4	0	0	21	0	0	0	19.8	28.5	0	0	22.7	10.0	10-Sep-24 06:18:58.140	
0	0	0	0	2	0	0	31	0	0	0	19.8	28.5	0	0	22.7	10.0	10-Sep-24 06:18:58.184	
0	0	0	0	1	0	0	27	0	0	0	19.8	28.5	0	0	22.7	10.0	10-Sep-24 06:18:58.286	
0	0	0	1	2	0	0	23	0	0	0	19.8	28.5	0	0	22.7	10.0	10-Sep-24 06:18:58.331	
0	0	0	1	1	0	0	24	0	0	0	19.8	28.5	0	0	22.7	10.0	10-Sep-24 06:18:58.376	
0	0	0	0	2	0	0	19	0	0	0	19.8	28.5	0	0	22.7	10.0	10-Sep-24 06:18:58.427	
0	0	0	2	4	0	0	24	0	0	0	19.8	28.5	0	0	22.7	10.0	10-Sep-24 06:18:58.465	
0	0	0	1	1	0	0	25	0	0	0	19.8	28.5	0	0	22.7	10.0	10-Sep-24 06:18:58.507	
0	0	0	1	2	0	0	10	0	0	0	19.8	28.5	0	0	22.7	10.0	10-Sep-24 06:18:58.551	
0	0	0	1	1	0	0	24	0	0	0	19.8	28.5	0	0	22.7	10.0	10-Sep-24 06:18:58.596	
0	0	0	2	1	0	0	15	0	0	0	19.8	28.5	0	0	22.7	10.0	10-Sep-24 06:18:58.640	
0	0	0	3	1	0	0	18	0	0	0	19.8	28.5	0	0	22.7	10.0	10-Sep-24 06:18:58.683	
0	0	0	0	1	0	0	19	0	0	0	19.8	28.5	0	0	22.7	10.0	10-Sep-24 06:18:58.720	
0	0	0	1	1	0	0	23	0	0	0	19.8	28.5	0	0	22.7	10.0	10-Sep-24 06:18:58.763	
0	0	0	1	1	0	0	21	0	0	0	19.8	28.5	0	0	22.7	10.0	10-Sep-24 06:18:58.808	
0	0	0	1	2	0	0	15	0	0	0	19.8	28.5	0	0	22.7	10.0	10-Sep-24 06:18:58.852	
0	0	0	0	1	0	0	25	0	0	0	19.8	28.5	0	0	22.7	10.0	10-Sep-24 06:18:58.895	
0	0	0	0	3	0	0	25	0	0	0	19.8	28.5	0	0	22.7	10.0	10-Sep-24 06:18:58.946	
0	0	0	1	1	0	0	25	0	0	0	19.8	28.5	0	0	22.7	10.0	10-Sep-24 06:18:58.983	
0	0	0	0	2	0	0	21	0	0	0	19.8	28.5	0	0	22.7	10.0	10-Sep-24 06:18:59.028	
0	0	0	0	1	0	0	22	0	0	0	19.8	28.5	0	0	22.7	10.0	10-Sep-24 06:18:59.071	
0	0	0	1	2	0	0	18	0	0	0	19.8	28.5	0	0	22.7	10.0	10-Sep-24 06:18:59.116	
0	0	0	1	2	0	0	22	0	0	0	19.8	28.5	0	0	22.7	10.0	10-Sep-24 06:18:59.159	
0	0	0	1	4	0	0	27	0	0	0	19.8	28.5	0	0	22.7	10.0	10-Sep-24 06:18:59.204	
0	0	0	1	2	0	0	21	0	0	0	19.8	28.5	0	0	22.7	10.0	10-Sep-24 06:18:59.248	
0	0	0	1	2	0	0	23	0	0	0	19.8	28.5	0	0	22.7	10.0	10-Sep-24 06:18:59.350	
0	0	0	1	2	0	0	23	0	0	0	19.8	28.5	0	0	22.7	10.0	10-Sep-24 06:18:59.395	
0	0	0	1	4	0	0	19	0	0	0	19.8	28.5	0	0	22.7	10.0	10-Sep-24 06:18:59.446	
0	0	0	2	2	0	0	18	0	0	0	19.8	28.5	0	0	22.7	10.0	10-Sep-24 06:18:59.494	
0	0	0	1	1	0	0	20	0	0	0	19.8	28.5	0	0	22.7	10.0	10-Sep-24 06:18:59.536	
0	0	0	2	2	0	0	21	0	0	0	19.8	28.5	0	0	22.7	10.0	10-Sep-24 06:18:59.579	
0	0	0	0	2	0	0	19	0	0	0	19.8	28.5	0	0	22.7	10.0	10-Sep-24 06:18:59.623	
0	0	0	0	2	0	0	26	0	0	0	19.8	28.5	0	0	22.7	10.0	10-Sep-24 06:18:59.668	
0	0	0	1	1	0	0	20	0	0	0	19.8	28.5	0	0	22.7	10.0	10-Sep-24 06:18:59.711	
0	0	0	0	2	0	0	15	0	0	0	19.8	28.5	0	0	22.7	10.0	10-Sep-24 06:18:59.755	
0	0	0	1	1	0	0	26	0	0	0	19.8	28.5	0	0	22.7	10.0	10-Sep-24 06:18:59.800	
0	0	0	1	1	0	0	18	0	0	0	19.8	28.5	0	0	22.7	10.0	10-Sep-24 06:18:59.843	
0	0	0	2	1	0	0	23	0	0	0	19.8	28.5	0	0	22.7	10.0	10-Sep-24 06:18:59.886	
0	0	0	1	2	0	0	16	0	0	0	19.8	28.5	0	0	22.7	10.0	10-Sep-24 06:18:59.927	
0	0	0	2	2	0	0	24	0	0	0	19.8	28.5	0	0	22.7	10.0	10-Sep-24 06:18:59.978	
0	0	0	0	3	0	0	20	0	0	0	19.8	28.5	0	0	22.7	10.0	10-Sep-24 06:19:00.015	
0	0	0	1	4	0	0	17	0	0	0	19.8	28.5	0	0	22.7	10.0	10-Sep-24 06:19:00.060	
0	0	0	1	1	0	0	18	0	0	0	19.8	28.5	0	0	22.7	10.0	10-Sep-24 06:19:00.103	
0	0	0	1	4	0	0	19	0	0	0	19.8	28.5	0	0	22.7	10.0	10-Sep-24 06:19:00.148	
0	0	0	1	1	0	0	18	0	0	0	19.8	28.5	0	0	22.7	10.0	10-Sep-24 06:19:00.191	
0	0	0	1	2	0	0	22	0	0	0	19.8	28.5	0	0	22.7	10.0	10-Sep-24 06:19:00.229	
0	0	0	1	1	0	0	21	0	0	0	19.8	28.5	0	0	22.7	10.0	10-Sep-24 06:19:00.272	
0	0	0	1	1	0	0	32	0	0	0	19.8	28.5	0	0	22.7	10.0	10-Sep-24 06:19:00.315	
0	0	0	1	2	0	0	26	0	0	0	19.8	28.5	0	0	22.7	10.0	10-Sep-24 06:19:00.418	
0	0	0	2	4	0	0	18	0	0	0	19.8	28.5	0	0	22.7	10.0	10-Sep-24 06:19:00.509	
0	0	0	1	3	0	0	21	0	0	0	19.8	28.5	0	0	22.7	10.0	10-Sep-24 06:19:00.601	
0	0	0	1	2	0	0	24	0	0	0	19.8	28.5	0	0	22.7	10.0	10-Sep-24 06:19:00.670	
0	0	0	1	1	0	0	19	0	0	0	19.8	28.5	0	0	22.7	10.0	10-Sep-24 06:19:00.716	
0	0	0	1	5	0	0	14	0	0	0	19.8	28.5	0	0	22.7	10.0	10-Sep-24 06:19:00.759	
0	0	0	1	2	0	0	24	0	0	0	19.8	28.5	0	0	22.7	10.0	10-Sep-24 06:19:00.802	
0	0	0	1	1	0	0	20	0	0	0	19.8	28.5	0	0	22.7	10.0	10-Sep-24 06:19:00.847	
0	0	0	1	1	0	0	20	0	0	0	19.8	28.5	0	0	22.7	10.0	10-Sep-24 06:19:00.892	
0	0	0	0	2	0	0	18	0	0	0	19.8	28.5	0	0	22.7	10.0	10-Sep-24 06:19:00.934	
0	0	0	1	2	0	0	24	0	0	0	19.8	28.5	0	0	22.7	10.0	10-Sep-24 06:19:00.981	
0	0	0	1	1	0	0	21	0	0	0	19.8	28.5	0	0	22.7	10.0	10-Sep-24 06:19:01.028	
0	0	0	2	1	0	0	17	0	0	0	19.8	28.5	0	0	22.7	10.0	10-Sep-24 06:19:01.071	
0	0	0	0	1	0	0	26	0	0	0	19.8	28.5	0	0	22.7	10.0	10-Sep-24 06:19:01.115	
0	0	0	2	1	0	0	23	0	0	0	19.8	28.5	0	0	22.7	10.0	10-Sep-24 06:19:01.159	
0	0	0	0	1	0	0	25	0	0	0	19.8	28.5	0	0	22.7	10.0	10-Sep-24 06:19:01.204	
0	0	0	2	2	0	0	18	0	0	0	19.8	28.5	0	0	22.7	10.0	10-Sep-24 06:19:01.247	
0	0	0	0	2	0	0	23	0	0	0	19.8	28.5	0	0	22.7	10.0	10-Sep-24 06:19:01.292	
0	0	0	1	2	0	0	25	0	0	0	19.8	28.5	0	0	22.7	10.0	10-Sep-24 06:19:01.336	
0	0	0	0	1	0	0	18	0	0	0	19.8	28.5	0	0	22.7	10.0	10-Sep-24 06:19:01.379	
0	0	0	1	1	0	0	16	0	0	0	19.8	28.5	0	0	22.7	10.0	10-Sep-24 06:19:01.473	
0	0	0	1	1	0	0	15	0	0	0	19.8	28.5	0	0	22.7	10.0	10-Sep-24 06:19:01.526	
0	0	0	1	3	0	0	22	0	0	0	19.8	28.5	0	0	22.7	10.0	10-Sep-24 06:19:01.572	
0	0	0	1	1	0	0	17	0	0	0	19.8	28.5	0	0	22.7	10.0	10-Sep-24 06:19:01.616	
0	0	0	1	3	0	0	16	0	0	0	19.8	28.5	0	0	22.7	10.0	10-Sep-24 06:19:01.659	
0	0	0	1	5	0	0	19	0	0	0	19.8	28.5	0	0	22.7	10.0	10-Sep-24 06:19:01.704	
0	0	0	1	1	0	0	28	0	0	0	19.8	28.5	0	0	22.7	10.0	10-Sep-24 06:19:01.748	
0	0	0	1	1	0	0	23	0	0	0	19.8	28.5	0	0	22.7	10.0	10-Sep-24 06:19:01.791	
0	0	0	0	3	0	0	25	0	0	0	19.8	28.5	0	0	22.7	10.0	10-Sep-24 06:19:01.835	
0	0	0	0	2	0	0	22	0	0	0	19.8	28.5	0	0	22.7	10.0	10-Sep-24 06:19:01.880	
0	0	0	1	2	0	0	21	0	0	0	19.8	28.5	0	0	22.7	10.0	10-Sep-24 06:19:01.924	
0	0	0	1	2	0	0	25	0	0	0	19.8	28.5	0	0	22.7	10.0	10-Sep-24 06:19:01.966	
0	0	0	1	2	0	0	27	0	0	0	19.8	28.5	0	0	22.7	10.0	10-Sep-24 06:19:02.015	
0	0	0	1	1	0	0	19	0	0	0	19.8	28.5	0	0	22.7	10.0	10-Sep-24 06:19:02.061	
0	0	0	1	2	0	0	24	0	0	0	19.8	28.5	0	0	22.7	10.0	10-Sep-24 06:19:02.103	
0	0	0	1	1	0	0	27	0	0	0	19.8	28.5	0	0	22.7	10.0	10-Sep-24 06:19:02.147	
0	0	0	0	2	0	0	32	0	0	0	19.8	28.5	0	0	22.7	10.0	10-Sep-24 06:19:02.191	
0	0	0	0	1	0	0	18	0	0	0	19.8	28.5	0	0	22.7	10.0	10-Sep-24 06:19:02.228	
0	0	0	0	2	0	0	16	0	0	0	19.8	28.5	0	0	22.7	10.0	10-Sep-24 06:19:02.271	
0	0	0	1	1	0	0	23	0	0	0	19.8	28.5	0	0	22.7	10.0	10-Sep-24 06:19:02.316	
0	0	0	0	2	0	0	19	0	0	0	19.8	28.5	0	0	22.7	10.0	10-Sep-24 06:19:02.359	
0	0	0	1	1	0	0	22	0	0	0	19.8	28.5	0	0	22.7	10.0	10-Sep-24 06:19:02.404	
0	0	0	2	1	0	0	23	0	0	0	19.8	28.5	0	0	22.7	10.0	10-Sep-24 06:19:02.447	
0	0	0	0	2	0	0	21	0	0	0	19.8	28.5	0	0	22.7	10.0	10-Sep-24 06:19:02.549	
0	0	0	1	1	0	0	21	0	0	0	19.8	28.5	0	0	22.7	10.0	10-Sep-24 06:19:02.587	
0	0	0	1	1	0	0	15	0	0	0	19.8	28.5	0	0	22.7	10.0	10-Sep-24 06:19:02.624	
0	0	0	1	1	0	0	28	0	0	0	19.8	28.5	0	0	22.7	10.0	10-Sep-24 06:19:02.667	
0	0	0	1	1	0	0	20	0	0	0	19.8	28.5	0	0	22.7	10.0	10-Sep-24 06:19:02.711	
0	0	0	0	2	0	0	18	0	0	0	19.8	28.5	0	0	22.7	10.0	10-Sep-24 06:19:02.755	
0	0	0	1	2	0	0	26	0	0	0	19.8	28.5	0	0	22.7	10.0	10-Sep-24 06:19:02.799	
0	0	0	1	2	0	0	24	0	0	0	19.8	28.5	0	0	22.7	10.0	10-Sep-24 06:19:02.844	
0	0	0	2	2	0	0	22	0	0	0	19.8	28.5	0	0	22.7	10.0	10-Sep-24 06:19:02.887	
0	0	0	2	1	0	0	17	0	0	0	19.8	28.5	0	0	22.7	10.0	10-Sep-24 06:19:02.932	
0	0	0	0	1	0	0	26	0	0	0	19.8	28.5	0	0	22.7	10.0	10-Sep-24 06:19:02.976	
0	0	0	1	1	0	0	19	0	0	0	19.8	28.5	0	0	22.7	10.0	10-Sep-24 06:19:03.026	
0	0	0	0	2	0	0	29	0	0	0	19.8	28.5	0	0	22.7	10.0	10-Sep-24 06:19:03.071	
0	0	0	1	2	0	0	22	0	0	0	19.8	28.5	0	0	22.7	10.0	10-Sep-24 06:19:03.115	
0	0	0	0	4	0	0	32	0	0	0	19.8	28.5	0	0	22.7	10.0	10-Sep-24 06:19:03.160	
0	0	0	0	3	0	0	18	0	0	0	19.8	28.5	0	0	22.7	10.0	10-Sep-24 06:19:03.204	
0	0	0	1	1	0	0	29	0	0	0	19.8	28.5	0	0	22.7	10.0	10-Sep-24 06:19:03.247	
0	0	0	0	1	0	0	29	0	0	0	19.8	28.5	0	0	22.7	10.0	10-Sep-24 06:19:03.291	
0	0	0	0	2	0	0	23	0	0	0	19.8	28.5	0	0	22.7	10.0	10-Sep-24 06:19:03.336	
0	0	0	0	1	0	0	16	0	0	0	19.8	28.5	0	0	22.7	10.0	10-Sep-24 06:19:03.380	
0	0	0	1	1	0	0	29	0	0	0	19.8	28.5	0	0	22.7	10.0	10-Sep-24 06:19:03.423	
0	0	0	1	1	0	0	21	0	0	0	19.8	28.5	0	0	22.7	10.0	10-Sep-24 06:19:03.468	
0	0	0	0	1	0	0	19	0	0	0	19.8	28.5	0	0	22.7	10.0	10-Sep-24 06:19:03.519	
0	0	0	1	4	0	0	25	0	0	0	19.8	28.5	0	0	22.7	10.0	10-Sep-24 06:19:03.622	
0	0	0	0	2	0	0	22	0	0	0	19.8	28.5	0	0	22.7	10.0	10-Sep-24 06:19:03.667	
0	0	0	1	1	0	0	18	0	0	0	19.8	28.5	0	0	22.7	10.0	10-Sep-24 06:19:03.711	
0	0	0	1	2	0	0	18	0	0	0	19.8	28.5	0	0	22.7	10.0	10-Sep-24 06:19:03.756	
0	0	0	1	3	0	0	23	0	0	0	19.8	28.5	0	0	22.7	10.0	10-Sep-24 06:19:03.799	
0	0	0	1	2	0	0	30	0	0	0	19.8	28.5	0	0	22.7	10.0	10-Sep-24 06:19:03.843	
0	0	0	2	2	0	0	26	0	0	0	19.8	28.5	0	0	22.7	10.0	10-Sep-24 06:19:03.887	
0	0	0	1	1	0	0	20	0	0	0	19.8	28.5	0	0	22.7	10.0	10-Sep-24 06:19:03.932	
0	0	0	1	3	0	0	22	0	0	0	19.8	28.5	0	0	22.7	10.0	10-Sep-24 06:19:03.975	
0	0	0	2	2	0	0	16	0	0	0	19.8	28.5	0	0	22.7	10.0	10-Sep-24 06:19:04.027	
0	0	0	1	1	0	0	21	0	0	0	19.8	28.5	0	0	22.7	10.0	10-Sep-24 06:19:04.071	
0	0	0	0	1	0	0	20	0	0	0	19.8	28.5	0	0	22.7	10.0	10-Sep-24 06:19:04.115	
0	0	0	1	1	0	0	25	0	0	0	19.8	28.5	0	0	22.7	10.0	10-Sep-24 06:19:04.160	
0	0	0	1	3	0	0	16	0	0	0	19.8	28.5	0	0	22.7	10.0	10-Sep-24 06:19:04.204	
0	0	0	1	3	0	0	24	0	0	0	19.8	28.5	0	0	22.7	10.0	10-Sep-24 06:19:04.247	
0	0	0	2	2	0	0	21	0	0	0	19.8	28.5	0	0	22.7	10.0	10-Sep-24 06:19:04.291	
0	0	0	1	3	0	0	26	0	0	0	19.8	28.5	0	0	22.7	10.0	10-Sep-24 06:19:04.335	
0	0	0	0	4	0	0	24	0	0	0	19.8	28.5	0	0	22.7	10.0	10-Sep-24 06:19:04.379	
0	0	0	3	2	0	0	23	0	0	0	19.8	28.5	0	0	22.7	10.0	10-Sep-24 06:19:04.423	
0	0	0	1	2	0	0	28	0	0	0	19.8	28.5	0	0	22.7	10.0	10-Sep-24 06:19:04.468	
0	0	0	1	1	0	0	18	0	0	0	19.8	28.5	0	0	22.7	10.0	10-Sep-24 06:19:04.512	
0	0	0	1	1	0	0	24	0	0	0	19.8	28.5	0	0	22.7	10.0	10-Sep-24 06:19:04.563	
0	0	0	0	2	0	0	26	0	0	0	19.8	28.5	0	0	22.7	10.0	10-Sep-24 06:19:04.607	
0	0	0	2	2	0	0	22	0	0	0	19.8	28.5	0	0	22.7	10.0	10-Sep-24 06:19:04.699	
0	0	0	1	1	0	0	20	0	0	0	19.8	28.5	0	0	22.7	10.0	10-Sep-24 06:19:04.743	
0	0	0	1	1	0	0	30	0	0	0	19.8	28.5	0	0	22.7	10.0	10-Sep-24 06:19:04.788	
0	0	0	2	1	0	0	20	0	0	0	19.8	28.5	0	0	22.7	10.0	10-Sep-24 06:19:04.831	
0	0	0	2	1	0	0	15	0	0	0	19.8	28.5	0	0	22.7	10.0	10-Sep-24 06:19:04.876	
0	0	0	0	2	0	0	26	0	0	0	19.8	28.5	0	0	22.7	10.0	10-Sep-24 06:19:04.919	
0	0	0	1	2	0	0	18	0	0	0	19.8	28.5	0	0	22.7	10.0	10-Sep-24 06:19:04.963	
0	0	0	2	1	0	0	13	0	0	0	19.8	28.5	0	0	22.7	10.0	10-Sep-24 06:19:05.007	
0	0	0	1	2	0	0	24	0	0	0	19.8	28.5	0	0	22.7	10.0	10-Sep-24 06:19:05.058	
0	0	0	2	2	0	0	23	0	0	0	19.8	28.5	0	0	22.7	10.0	10-Sep-24 06:19:05.095	
0	0	0	0	1	0	0	26	0	0	0	19.8	28.5	0	0	22.7	10.0	10-Sep-24 06:19:05.140	
0	0	0	0	3	0	0	18	0	0	0	19.8	28.5	0	0	22.7	10.0	10-Sep-24 06:19:05.183	
0	0	0	1	2	0	0	17	0	0	0	19.8	28.5	0	0	22.7	10.0	10-Sep-24 06:19:05.228	
0	0	0	0	1	0	0	22	0	0	0	19.8	28.5	0	0	22.7	10.0	10-Sep-24 06:19:05.271	
0	0	0	2	2	0	0	18	0	0	0	19.8	28.5	0	0	22.7	10.0	10-Sep-24 06:19:05.315	
0	0	0	0	2	0	0	20	0	0	0	19.8	28.5	0	0	22.7	10.0	10-Sep-24 06:19:05.359	
0	0	0	1	1	0	0	19	0	0	0	19.8	28.5	0	0	22.7	10.0	10-Sep-24 06:19:05.404	
0	0	0	1	3	0	0	28	0	0	0	19.8	28.5	0	0	22.7	10.0	10-Sep-24 06:19:05.447	
0	0	0	0	2	0	0	23	0	0	0	19.8	28.5	0	0	22.7	10.0	10-Sep-24 06:19:05.491	
0	0	0	0	1	0	0	18	0	0	0	19.8	28.5	0	0	22.7	10.0	10-Sep-24 06:19:05.535	
0	0	0	1	1	0	0	21	0	0	0	19.8	28.5	0	0	22.7	10.0	10-Sep-24 06:19:05.583	
0	0	0	0	1	0	0	27	0	0	0	19.8	28.5	0	0	22.7	10.0	10-Sep-24 06:19:05.627	
0	0	0	1	2	0	0	23	0	0	0	19.8	28.5	0	0	22.7	10.0	10-Sep-24 06:19:05.671	
0	0	0	1	1	0	0	17	0	0	0	19.8	28.5	0	0	22.7	10.0	10-Sep-24 06:19:05.829	
0	0	0	4	3	0	0	26	0	0	0	19.8	28.5	0	0	22.7	10.0	10-Sep-24 06:19:05.897	
0	0	0	2	2	0	0	19	0	0	0	19.8	28.5	0	0	22.7	10.0	10-Sep-24 06:19:05.943	
0	0	0	1	2	0	0	25	0	0	0	19.8	28.5	0	0	22.7	10.0	10-Sep-24 06:19:05.987	
0	0	0	0	2	0	0	24	0	0	0	19.8	28.5	0	0	22.7	10.0	10-Sep-24 06:19:06.032	
0	0	0	0	1	0	0	19	0	0	0	19.8	28.5	0	0	22.7	10.0	10-Sep-24 06:19:06.084	
0	0	0	2	4	0	0	19	0	0	0	19.8	28.5	0	0	22.7	10.0	10-Sep-24 06:19:06.128	
0	0	0	0	1	0	0	24	0	0	0	19.8	28.5	0	0	22.7	10.0	10-Sep-24 06:19:06.171	
0	0	0	0	1	0	0	25	0	0	0	19.8	28.5	0	0	22.7	10.0	10-Sep-24 06:19:06.216	
0	0	0	2	3	0	0	24	0	0	0	19.8	28.5	0	0	22.7	10.0	10-Sep-24 06:19:06.259	
0	0	0	1	3	0	0	19	0	0	0	19.8	28.5	0	0	22.7	10.0	10-Sep-24 06:19:06.303	
0	0	0	0	3	0	0	22	0	0	0	19.8	28.5	0	0	22.7	10.0	10-Sep-24 06:19:06.347	
0	0	0	1	2	0	0	29	0	0	0	19.8	28.5	0	0	22.7	10.0	10-Sep-24 06:19:06.391	
0	0	0	0	1	0	0	25	0	0	0	19.8	28.5	0	0	22.7	10.0	10-Sep-24 06:19:06.436	
0	0	0	0	2	0	0	23	0	0	0	19.8	28.5	0	0	22.7	10.0	10-Sep-24 06:19:06.479	
0	0	0	1	1	0	0	23	0	0	0	19.8	28.5	0	0	22.7	10.0	10-Sep-24 06:19:06.524	
0	0	0	1	2	0	0	22	0	0	0	19.8	28.5	0	0	22.7	10.0	10-Sep-24 06:19:06.568	
0	0	0	2	3	0	0	32	0	0	0	19.8	28.5	0	0	22.7	10.0	10-Sep-24 06:19:06.618	
0	0	0	1	1	0	0	17	0	0	0	19.8	28.5	0	0	22.7	10.0	10-Sep-24 06:19:06.663	
0	0	0	1	1	0	0	22	0	0	0	19.8	28.5	0	0	22.7	10.0	10-Sep-24 06:19:06.707	
0	0	0	1	3	0	0	21	0	0	0	19.8	28.5	0	0	22.7	10.0	10-Sep-24 06:19:06.752	
0	0	0	2	1	0	0	27	0	0	0	19.8	28.5	0	0	22.7	10.0	10-Sep-24 06:19:06.795	
0	0	0	2	2	0	0	25	0	0	0	19.8	28.5	0	0	22.7	10.0	10-Sep-24 06:19:06.886	
0	0	0	1	2	0	0	23	0	0	0	19.8	28.5	0	0	22.7	10.0	10-Sep-24 06:19:06.932	
0	0	0	1	2	0	0	22	0	0	0	19.8	28.5	0	0	22.7	10.0	10-Sep-24 06:19:06.976	
0	0	0	0	2	0	0	24	0	0	0	19.8	28.5	0	0	22.7	10.0	10-Sep-24 06:19:07.019	
0	0	0	0	1	0	0	28	0	0	0	19.8	28.5	0	0	22.7	10.0	10-Sep-24 06:19:07.064	
0	0	0	1	1	0	0	19	0	0	0	19.8	28.5	0	0	22.7	10.0	10-Sep-24 06:19:07.115	
0	0	0	1	3	0	0	23	0	0	0	19.8	28.5	0	0	22.7	10.0	10-Sep-24 06:19:07.160	
0	0	0	1	1	0	0	23	0	0	0	19.8	28.5	0	0	22.7	10.0	10-Sep-24 06:19:07.203	
0	0	0	0	3	0	0	17	0	0	0	19.8	28.5	0	0	22.7	10.0	10-Sep-24 06:19:07.247	
0	0	0	3	2	0	0	29	0	0	0	19.8	28.5	0	0	22.7	10.0	10-Sep-24 06:19:07.291	
0	0	0	2	1	0	0	23	0	0	0	19.8	28.5	0	0	22.7	10.0	10-Sep-24 06:19:07.335	
0	0	0	1	1	0	0	18	0	0	0	19.8	28.5	0	0	22.7	10.0	10-Sep-24 06:19:07.379	
0	0	0	1	2	0	0	19	0	0	0	19.8	28.5	0	0	22.7	10.0	10-Sep-24 06:19:07.423	
0	0	0	1	2	0	0	22	0	0	0	19.8	28.5	0	0	22.7	10.0	10-Sep-24 06:19:07.468	
0	0	0	1	2	0	0	25	0	0	0	19.8	28.5	0	0	22.7	10.0	10-Sep-24 06:19:07.511	
0	0	0	1	2	0	0	25	0	0	0	19.8	28.5	0	0	22.7	10.0	10-Sep-24 06:19:07.547	
0	0	0	0	2	0	0	23	0	0	0	19.8	28.5	0	0	22.7	10.0	10-Sep-24 06:19:07.592	
0	0	0	1	1	0	0	18	0	0	0	19.8	28.5	0	0	22.7	10.0	10-Sep-24 06:19:07.643	
0	0	0	2	2	0	0	21	0	0	0	19.8	28.5	0	0	22.7	10.0	10-Sep-24 06:19:07.688	
0	0	0	0	3	0	0	30	0	0	0	19.8	28.5	0	0	22.7	10.0	10-Sep-24 06:19:07.731	
0	0	0	1	1	0	0	13	0	0	0	19.8	28.5	0	0	22.7	10.0	10-Sep-24 06:19:07.775	
0	0	0	1	3	0	0	28	0	0	0	19.8	28.5	0	0	22.7	10.0	10-Sep-24 06:19:07.820	
0	0	0	3	3	0	0	22	0	0	0	19.8	28.5	0	0	22.7	10.0	10-Sep-24 06:19:07.864	
0	0	0	1	4	0	0	18	0	0	0	19.8	28.5	0	0	22.7	10.0	10-Sep-24 06:19:07.954	
0	0	0	2	3	0	0	22	0	0	0	19.8	28.5	0	0	22.7	10.0	10-Sep-24 06:19:07.999	
0	0	0	0	3	0	0	19	0	0	0	19.8	28.5	0	0	22.7	10.0	10-Sep-24 06:19:08.043	
0	0	0	0	2	0	0	22	0	0	0	19.8	28.5	0	0	22.7	10.0	10-Sep-24 06:19:08.088	
0	0	0	1	2	0	0	25	0	0	0	19.8	28.5	0	0	22.7	10.0	10-Sep-24 06:19:08.139	
0	0	0	1	4	0	0	22	0	0	0	19.8	28.5	0	0	22.7	10.0	10-Sep-24 06:19:08.183	
0	0	0	1	3	0	0	30	0	0	0	19.8	28.5	0	0	22.7	10.0	10-Sep-24 06:19:08.228	
0	0	0	0	1	0	0	19	0	0	0	19.8	28.5	0	0	22.7	10.0	10-Sep-24 06:19:08.271	
0	0	0	1	1	0	0	22	0	0	0	19.8	28.5	0	0	22.7	10.0	10-Sep-24 06:19:08.315	
0	0	0	1	2	0	0	23	0	0	0	19.8	28.5	0	0	22.7	10.0	10-Sep-24 06:19:08.359	
0	0	0	2	2	0	0	23	0	0	0	19.8	28.5	0	0	22.7	10.0	10-Sep-24 06:19:08.403	
0	0	0	0	2	0	0	31	0	0	0	19.8	28.5	0	0	22.7	10.0	10-Sep-24 06:19:08.448	
0	0	0	0	2	0	0	17	0	0	0	19.8	28.5	0	0	22.7	10.0	10-Sep-24 06:19:08.492	
0	0	0	1	2	0	0	22	0	0	0	19.8	28.5	0	0	22.7	10.0	10-Sep-24 06:19:08.535	
0	0	0	1	1	0	0	27	0	0	0	19.8	28.5	0	0	22.7	10.0	10-Sep-24 06:19:08.579	
0	0	0	1	2	0	0	14	0	0	0	19.8	28.5	0	0	22.7	10.0	10-Sep-24 06:19:08.632	
0	0	0	1	1	0	0	18	0	0	0	19.8	28.5	0	0	22.7	10.0	10-Sep-24 06:19:08.675	
0	0	0	2	1	0	0	27	0	0	0	19.8	28.5	0	0	22.7	10.0	10-Sep-24 06:19:08.720	
0	0	0	0	1	0	0	20	0	0	0	19.8	28.5	0	0	22.7	10.0	10-Sep-24 06:19:08.763	
0	0	0	0	2	0	0	27	0	0	0	19.8	28.5	0	0	22.7	10.0	10-Sep-24 06:19:08.807	
0	0	0	1	1	0	0	23	0	0	0	19.8	28.5	0	0	22.7	10.0	10-Sep-24 06:19:08.852	
0	0	0	0	1	0	0	22	0	0	0	19.8	28.5	0	0	22.7	10.0	10-Sep-24 06:19:08.896	
0	0	0	0	4	0	0	18	0	0	0	19.8	28.5	0	0	22.7	10.0	10-Sep-24 06:19:08.939	
0	0	0	1	1	0	0	19	0	0	0	19.8	28.5	0	0	22.7	10.0	10-Sep-24 06:19:09.031	
0	0	0	1	2	0	0	20	0	0	0	19.8	28.5	0	0	22.7	10.0	10-Sep-24 06:19:09.076	
0	0	0	2	1	0	0	18	0	0	0	19.8	28.5	0	0	22.7	10.0	10-Sep-24 06:19:09.119	
0	0	0	0	1	0	0	24	0	0	0	19.8	28.5	0	0	22.7	10.0	10-Sep-24 06:19:09.171	
0	0	0	1	1	0	0	18	0	0	0	19.8	28.5	0	0	22.7	10.0	10-Sep-24 06:19:09.215	
0	0	0	0	2	0	0	18	0	0	0	19.8	28.5	0	0	22.7	10.0	10-Sep-24 06:19:09.259	
0	0	0	0	1	0	0	21	0	0	0	19.8	28.5	0	0	22.7	10.0	10-Sep-24 06:19:09.304	
0	0	0	1	4	0	0	24	0	0	0	19.8	28.5	0	0	22.7	10.0	10-Sep-24 06:19:09.347	
0	0	0	0	3	0	0	27	0	0	0	19.8	28.5	0	0	22.7	10.0	10-Sep-24 06:19:09.391	
0	0	0	2	1	0	0	17	0	0	0	19.8	28.5	0	0	22.7	10.0	10-Sep-24 06:19:09.435	
0	0	0	1	0	0	0	21	0	0	0	19.8	28.5	0	0	22.7	10.0	10-Sep-24 06:19:09.479	
0	0	0	1	3	0	0	33	0	0	0	19.8	28.5	0	0	22.7	10.0	10-Sep-24 06:19:09.523	
0	0	0	0	1	0	0	20	0	0	0	19.8	28.5	0	0	22.7	10.0	10-Sep-24 06:19:09.567	
0	0	0	1	1	0	0	22	0	0	0	19.8	28.5	0	0	22.7	10.0	10-Sep-24 06:19:09.611	
0	0	0	0	2	0	0	16	0	0	0	19.8	28.5	0	0	22.7	10.0	10-Sep-24 06:19:09.662	
0	0	0	1	2	0	0	23	0	0	0	19.8	28.5	0	0	22.7	10.0	10-Sep-24 06:19:09.709	
0	0	0	1	3	0	0	25	0	0	0	19.8	28.5	0	0	22.7	10.0	10-Sep-24 06:19:09.751	
0	0	0	0	4	0	0	30	0	0	0	19.8	28.5	0	0	22.7	10.0	10-Sep-24 06:19:09.795	
0	0	0	2	1	0	0	23	0	0	0	19.8	28.5	0	0	22.7	10.0	10-Sep-24 06:19:09.839	
0	0	0	1	3	0	0	21	0	0	0	19.8	28.5	0	0	22.7	10.0	10-Sep-24 06:19:09.883	
0	0	0	1	2	0	0	20	0	0	0	19.8	28.5	0	0	22.7	10.0	10-Sep-24 06:19:09.927	
0	0	0	1	1	0	0	14	0	0	0	19.8	28.5	0	0	22.7	10.0	10-Sep-24 06:19:09.972	
0	0	0	0	3	0	0	25	0	0	0	19.8	28.5	0	0	22.7	10.0	10-Sep-24 06:19:10.016	
0	0	0	0	1	0	0	21	0	0	0	19.8	28.5	0	0	22.7	10.0	10-Sep-24 06:19:10.106	
0	0	0	2	2	0	0	21	0	0	0	19.8	28.5	0	0	22.7	10.0	10-Sep-24 06:19:10.150	
0	0	0	0	2	0	0	13	0	0	0	19.8	28.5	0	0	22.7	10.0	10-Sep-24 06:19:10.191	
0	0	0	1	0	0	0	12	0	0	0	19.8	28.5	0	0	22.7	10.0	10-Sep-24 06:19:10.235	
0	0	0	2	3	0	0	9	0	0	0	19.8	28.5	0	0	22.7	10.0	10-Sep-24 06:19:10.279	
0	0	0	1	1	0	0	12	0	0	0	19.8	28.5	0	0	22.7	10.0	10-Sep-24 06:19:10.324	
0	0	0	1	1	0	0	21	0	0	0	19.8	28.5	0	0	22.7	10.0	10-Sep-24 06:19:10.367	
0	0	0	0	2	0	0	29	0	0	0	19.8	28.5	0	0	22.7	10.0	10-Sep-24 06:19:10.411	
0	0	0	2	2	0	0	17	0	0	0	19.8	28.5	0	0	22.7	10.0	10-Sep-24 06:19:10.455	
0	0	0	1	2	0	0	20	0	0	0	19.8	28.5	0	0	22.7	10.0	10-Sep-24 06:19:10.500	
0	0	0	2	2	0	0	24	0	0	0	19.8	28.5	0	0	22.7	10.0	10-Sep-24 06:19:10.543	
0	0	0	1	2	0	0	23	0	0	0	19.8	28.5	0	0	22.7	10.0	10-Sep-24 06:19:10.587	
0	0	0	1	1	0	0	17	0	0	0	19.8	28.5	0	0	22.7	10.0	10-Sep-24 06:19:10.632	
0	0	0	0	3	0	0	17	0	0	0	19.8	28.5	0	0	22.7	10.0	10-Sep-24 06:19:10.684	
0	0	0	1	2	0	0	21	0	0	0	19.8	28.5	0	0	22.7	10.0	10-Sep-24 06:19:10.729	
0	0	0	1	1	0	0	18	0	0	0	19.8	28.5	0	0	22.7	10.0	10-Sep-24 06:19:10.771	
0	0	0	1	2	0	0	29	0	0	0	19.8	28.5	0	0	22.7	10.0	10-Sep-24 06:19:10.815	
0	0	0	1	1	0	0	21	0	0	0	19.8	28.5	0	0	22.7	10.0	10-Sep-24 06:19:10.859	
0	0	0	2	3	0	0	22	0	0	0	19.8	28.5	0	0	22.7	10.0	10-Sep-24 06:19:10.937	
0	0	0	2	2	0	0	14	0	0	0	19.8	28.5	0	0	22.7	10.0	10-Sep-24 06:19:10.996	
0	0	0	1	1	0	0	25	0	0	0	19.8	28.5	0	0	22.7	10.0	10-Sep-24 06:19:11.082	
0	0	0	1	4	0	0	25	0	0	0	19.8	28.5	0	0	22.7	10.0	10-Sep-24 06:19:11.186	
0	0	0	1	2	0	0	23	0	0	0	19.8	28.5	0	0	22.7	10.0	10-Sep-24 06:19:11.232	
0	0	0	1	1	0	0	25	0	0	0	19.8	28.5	0	0	22.7	10.0	10-Sep-24 06:19:11.275	
0	0	0	1	4	0	0	20	0	0	0	19.8	28.5	0	0	22.7	10.0	10-Sep-24 06:19:11.319	
0	0	0	1	1	0	0	26	0	0	0	19.8	28.5	0	0	22.7	10.0	10-Sep-24 06:19:11.363	
0	0	0	0	3	0	0	23	0	0	0	19.8	28.5	0	0	22.7	10.0	10-Sep-24 06:19:11.406	
0	0	0	1	1	0	0	12	0	0	0	19.8	28.5	0	0	22.7	10.0	10-Sep-24 06:19:11.451	
0	0	0	1	3	0	0	24	0	0	0	19.8	28.5	0	0	22.7	10.0	10-Sep-24 06:19:11.495	
0	0	0	0	2	0	0	22	0	0	0	19.8	28.5	0	0	22.7	10.0	10-Sep-24 06:19:11.540	
0	0	0	0	1	0	0	14	0	0	0	19.8	28.5	0	0	22.7	10.0	10-Sep-24 06:19:11.583	
0	0	0	1	3	0	0	18	0	0	0	19.8	28.5	0	0	22.7	10.0	10-Sep-24 06:19:11.627	
0	0	0	1	3	0	0	23	0	0	0	19.8	28.5	0	0	22.7	10.0	10-Sep-24 06:19:11.677	
0	0	0	1	2	0	0	18	0	0	0	19.8	28.5	0	0	22.7	10.0	10-Sep-24 06:19:11.723	
0	0	0	0	2	0	0	24	0	0	0	19.8	28.5	0	0	22.7	10.0	10-Sep-24 06:19:11.768	
0	0	0	1	2	0	0	24	0	0	0	19.8	28.5	0	0	22.7	10.0	10-Sep-24 06:19:11.811	
0	0	0	2	2	0	0	17	0	0	0	19.8	28.5	0	0	22.7	10.0	10-Sep-24 06:19:11.856	
0	0	0	1	1	0	0	18	0	0	0	19.8	28.5	0	0	22.7	10.0	10-Sep-24 06:19:11.899	
0	0	0	2	3	0	0	23	0	0	0	19.8	28.5	0	0	22.7	10.0	10-Sep-24 06:19:11.943	
0	0	0	2	1	0	0	26	0	0	0	19.8	28.5	0	0	22.7	10.0	10-Sep-24 06:19:11.988	
0	0	0	0	3	0	0	20	0	0	0	19.8	28.5	0	0	22.7	10.0	10-Sep-24 06:19:12.031	
0	0	0	0	1	0	0	14	0	0	0	19.8	28.5	0	0	22.7	10.0	10-Sep-24 06:19:12.076	
0	0	0	0	2	0	0	31	0	0	0	19.8	28.5	0	0	22.7	10.0	10-Sep-24 06:19:12.120	
0	0	0	1	3	0	0	25	0	0	0	19.8	28.5	0	0	22.7	10.0	10-Sep-24 06:19:12.163	
0	0	0	2	2	0	0	19	0	0	0	19.8	28.5	0	0	22.7	10.0	10-Sep-24 06:19:12.271	
0	0	0	2	2	0	0	33	0	0	0	19.8	28.5	0	0	22.7	10.0	10-Sep-24 06:19:12.315	
0	0	0	1	2	0	0	25	0	0	0	19.8	28.5	0	0	22.7	10.0	10-Sep-24 06:19:12.359	
0	0	0	1	2	0	0	17	0	0	0	19.8	28.5	0	0	22.7	10.0	10-Sep-24 06:19:12.403	
0	0	0	2	3	0	0	19	0	0	0	19.8	28.5	0	0	22.7	10.0	10-Sep-24 06:19:12.445	
0	0	0	2	4	0	0	25	0	0	0	19.8	28.5	0	0	22.7	10.0	10-Sep-24 06:19:12.488	
0	0	0	1	1	0	0	23	0	0	0	19.8	28.5	0	0	22.7	10.0	10-Sep-24 06:19:12.531	
0	0	0	1	2	0	0	23	0	0	0	19.8	28.5	0	0	22.7	10.0	10-Sep-24 06:19:12.576	
0	0	0	1	3	0	0	20	0	0	0	19.8	28.5	0	0	22.7	10.0	10-Sep-24 06:19:12.619	
0	0	0	1	2	0	0	12	0	0	0	19.8	28.5	0	0	22.7	10.0	10-Sep-24 06:19:12.663	
0	0	0	1	1	0	0	24	0	0	0	19.8	28.5	0	0	22.7	10.0	10-Sep-24 06:19:12.714	
0	0	0	1	2	0	0	15	0	0	0	19.8	28.5	0	0	22.7	10.0	10-Sep-24 06:19:12.751	
0	0	0	0	2	0	0	24	0	0	0	19.8	28.5	0	0	22.7	10.0	10-Sep-24 06:19:12.796	
0	0	0	0	3	0	0	24	0	0	0	19.8	28.5	0	0	22.7	10.0	10-Sep-24 06:19:12.832	
0	0	0	0	4	0	0	21	0	0	0	19.8	28.5	0	0	22.7	10.0	10-Sep-24 06:19:12.875	
0	0	0	1	3	0	0	21	0	0	0	19.8	28.5	0	0	22.7	10.0	10-Sep-24 06:19:12.919	
0	0	0	1	3	0	0	27	0	0	0	19.8	28.5	0	0	22.7	10.0	10-Sep-24 06:19:12.964	
0	0	0	0	2	0	0	21	0	0	0	19.8	28.5	0	0	22.7	10.0	10-Sep-24 06:19:13.008	
0	0	0	1	2	0	0	25	0	0	0	19.8	28.5	0	0	22.7	10.0	10-Sep-24 06:19:13.051	
0	0	0	0	3	0	0	23	0	0	0	19.8	28.5	0	0	22.7	10.0	10-Sep-24 06:19:13.096	
0	0	0	1	1	0	0	16	0	0	0	19.8	28.5	0	0	22.7	10.0	10-Sep-24 06:19:13.139	
0	0	0	0	2	0	0	34	0	0	0	19.8	28.5	0	0	22.7	10.0	10-Sep-24 06:19:13.184	
0	0	0	2	1	0	0	20	0	0	0	19.8	28.5	0	0	22.7	10.0	10-Sep-24 06:19:13.235	
0	0	0	1	2	0	0	15	0	0	0	19.8	28.5	0	0	22.7	10.0	10-Sep-24 06:19:13.330	
0	0	0	1	3	0	0	23	0	0	0	19.8	28.5	0	0	22.7	10.0	10-Sep-24 06:19:13.368	
0	0	0	1	2	0	0	11	0	0	0	19.8	28.5	0	0	22.7	10.0	10-Sep-24 06:19:13.411	
0	0	0	1	2	0	0	24	0	0	0	19.8	28.5	0	0	22.7	10.0	10-Sep-24 06:19:13.455	
0	0	0	0	2	0	0	28	0	0	0	19.8	28.5	0	0	22.7	10.0	10-Sep-24 06:19:13.499	
0	0	0	1	1	0	0	12	0	0	0	19.8	28.5	0	0	22.7	10.0	10-Sep-24 06:19:13.544	
0	0	0	1	4	0	0	31	0	0	0	19.8	28.5	0	0	22.7	10.0	10-Sep-24 06:19:13.588	
0	0	0	0	1	0	0	18	0	0	0	19.8	28.5	0	0	22.7	10.0	10-Sep-24 06:19:13.630	
0	0	0	0	1	0	0	28	0	0	0	19.8	28.5	0	0	22.7	10.0	10-Sep-24 06:19:13.671	
0	0	0	0	0	0	0	17	0	0	0	19.8	28.5	0	0	22.7	10.0	10-Sep-24 06:19:13.724	
0	0	0	1	2	0	0	16	0	0	0	19.8	28.5	0	0	22.7	10.0	10-Sep-24 06:19:13.767	
0	0	0	0	1	0	0	20	0	0	0	19.8	28.5	0	0	22.7	10.0	10-Sep-24 06:19:13.812	
0	0	0	2	1	0	0	25	0	0	0	19.8	28.5	0	0	22.7	10.0	10-Sep-24 06:19:13.856	
0	0	0	1	1	0	0	23	0	0	0	19.8	28.5	0	0	22.7	10.0	10-Sep-24 06:19:13.892	
0	0	0	0	1	0	0	20	0	0	0	19.8	28.5	0	0	22.7	10.0	10-Sep-24 06:19:13.935	
0	0	0	1	2	0	0	19	0	0	0	19.8	28.5	0	0	22.7	10.0	10-Sep-24 06:19:13.980	
0	0	0	1	3	0	0	22	0	0	0	19.8	28.5	0	0	22.7	10.0	10-Sep-24 06:19:14.023	
0	0	0	1	4	0	0	18	0	0	0	19.8	28.5	0	0	22.7	10.0	10-Sep-24 06:19:14.068	
0	0	0	2	2	0	0	23	0	0	0	19.8	28.5	0	0	22.7	10.0	10-Sep-24 06:19:14.111	
0	0	0	1	3	0	0	15	0	0	0	19.8	28.5	0	0	22.7	10.0	10-Sep-24 06:19:14.155	
0	0	0	2	1	0	0	37	0	0	0	19.8	28.5	0	0	22.7	10.0	10-Sep-24 06:19:14.199	
0	0	0	1	4	0	0	29	0	0	0	19.8	28.5	0	0	22.7	10.0	10-Sep-24 06:19:14.251	
0	0	0	1	0	0	0	22	0	0	0	19.8	28.5	0	0	22.7	10.0	10-Sep-24 06:19:14.293	
0	0	0	0	2	0	0	23	0	0	0	19.8	28.5	0	0	22.7	10.0	10-Sep-24 06:19:14.385	
0	0	0	0	2	0	0	21	0	0	0	19.8	28.5	0	0	22.7	10.0	10-Sep-24 06:19:14.432	
0	0	0	1	1	0	0	18	0	0	0	19.8	28.5	0	0	22.7	10.0	10-Sep-24 06:19:14.475	
0	0	0	0	1	0	0	35	0	0	0	19.8	28.5	0	0	22.7	10.0	10-Sep-24 06:19:14.519	
0	0	0	1	3	0	0	25	0	0	0	19.8	28.5	0	0	22.7	10.0	10-Sep-24 06:19:14.563	
0	0	0	2	2	0	0	22	0	0	0	19.8	28.5	0	0	22.7	10.0	10-Sep-24 06:19:14.607	
0	0	0	1	1	0	0	22	0	0	0	19.8	28.5	0	0	22.7	10.0	10-Sep-24 06:19:14.651	
0	0	0	1	1	0	0	24	0	0	0	19.8	28.5	0	0	22.7	10.0	10-Sep-24 06:19:14.717	
0	0	0	1	4	0	0	20	0	0	0	19.8	28.5	0	0	22.7	10.0	10-Sep-24 06:19:14.788	
0	0	0	1	3	0	0	30	0	0	0	19.8	28.5	0	0	22.7	10.0	10-Sep-24 06:19:14.847	
0	0	0	0	4	0	0	24	0	0	0	19.8	28.5	0	0	22.7	10.0	10-Sep-24 06:19:14.911	
0	0	0	1	2	0	0	28	0	0	0	19.8	28.5	0	0	22.7	10.0	10-Sep-24 06:19:14.974	
0	0	0	1	3	0	0	22	0	0	0	19.8	28.5	0	0	22.7	10.0	10-Sep-24 06:19:15.020	
0	0	0	1	1	0	0	23	0	0	0	19.8	28.5	0	0	22.7	10.0	10-Sep-24 06:19:15.064	
0	0	0	1	1	0	0	24	0	0	0	19.8	28.5	0	0	22.7	10.0	10-Sep-24 06:19:15.107	
0	0	0	1	2	0	0	26	0	0	0	19.8	28.5	0	0	22.7	10.0	10-Sep-24 06:19:15.151	
0	0	0	1	2	0	0	22	0	0	0	19.8	28.5	0	0	22.7	10.0	10-Sep-24 06:19:15.195	
0	0	0	0	3	0	0	15	0	0	0	19.8	28.5	0	0	22.7	10.0	10-Sep-24 06:19:15.240	
0	0	0	0	5	0	0	15	0	0	0	19.8	28.5	0	0	22.7	10.0	10-Sep-24 06:19:15.292	
0	0	0	2	2	0	0	21	0	0	0	19.8	28.5	0	0	22.7	10.0	10-Sep-24 06:19:15.336	
0	0	0	0	3	0	0	19	0	0	0	19.8	28.5	0	0	22.7	10.0	10-Sep-24 06:19:15.427	
0	0	0	0	3	0	0	27	0	0	0	19.8	28.5	0	0	22.7	10.0	10-Sep-24 06:19:15.471	
0	0	0	1	2	0	0	13	0	0	0	19.8	28.5	0	0	22.7	10.0	10-Sep-24 06:19:15.516	
0	0	0	1	2	0	0	21	0	0	0	19.8	28.5	0	0	22.7	10.0	10-Sep-24 06:19:15.559	
0	0	0	0	4	0	0	26	0	0	0	19.8	28.5	0	0	22.7	10.0	10-Sep-24 06:19:15.603	
0	0	0	0	1	0	0	17	0	0	0	19.8	28.5	0	0	22.7	10.0	10-Sep-24 06:19:15.647	
0	0	0	1	4	0	0	24	0	0	0	19.8	28.5	0	0	22.7	10.0	10-Sep-24 06:19:15.691	
0	0	0	2	2	0	0	25	0	0	0	19.8	28.5	0	0	22.7	10.0	10-Sep-24 06:19:15.735	
0	0	0	1	3	0	0	23	0	0	0	19.8	28.5	0	0	22.7	10.0	10-Sep-24 06:19:15.786	
0	0	0	1	1	0	0	21	0	0	0	19.8	28.5	0	0	22.7	10.0	10-Sep-24 06:19:15.831	
0	0	0	0	4	0	0	22	0	0	0	19.8	28.5	0	0	22.7	10.0	10-Sep-24 06:19:15.876	
0	0	0	1	1	0	0	21	0	0	0	19.8	28.5	0	0	22.7	10.0	10-Sep-24 06:19:15.920	
0	0	0	1	4	0	0	27	0	0	0	19.8	28.5	0	0	22.7	10.0	10-Sep-24 06:19:15.963	
0	0	0	1	3	0	0	21	0	0	0	19.8	28.5	0	0	22.7	10.0	10-Sep-24 06:19:16.007	
0	0	0	1	1	0	0	12	0	0	0	19.8	28.5	0	0	22.7	10.0	10-Sep-24 06:19:16.043	
0	0	0	0	1	0	0	11	0	0	0	19.8	28.5	0	0	22.7	10.0	10-Sep-24 06:19:16.118	
0	0	0	2	1	0	0	15	0	0	0	19.8	28.5	0	0	22.7	10.0	10-Sep-24 06:19:16.212	
0	0	0	1	3	0	0	22	0	0	0	19.8	28.5	0	0	22.7	10.0	10-Sep-24 06:19:16.291	
0	0	0	0	3	0	0	26	0	0	0	19.8	28.5	0	0	22.7	10.0	10-Sep-24 06:19:16.339	
0	0	0	0	6	0	0	25	0	0	0	19.8	28.5	0	0	22.7	10.0	10-Sep-24 06:19:16.384	
0	0	0	0	2	0	0	30	0	0	0	19.8	28.5	0	0	22.7	10.0	10-Sep-24 06:19:16.487	
0	0	0	1	1	0	0	25	0	0	0	19.8	28.5	0	0	22.7	10.0	10-Sep-24 06:19:16.532	
0	0	0	2	1	0	0	21	0	0	0	19.8	28.5	0	0	22.7	10.0	10-Sep-24 06:19:16.575	
0	0	0	0	2	0	0	27	0	0	0	19.8	28.5	0	0	22.7	10.0	10-Sep-24 06:19:16.619	
0	0	0	0	3	0	0	29	0	0	0	19.8	28.5	0	0	22.7	10.0	10-Sep-24 06:19:16.663	
0	0	0	1	3	0	0	17	0	0	0	19.8	28.5	0	0	22.7	10.0	10-Sep-24 06:19:16.707	
0	0	0	1	2	0	0	21	0	0	0	19.8	28.5	0	0	22.7	10.0	10-Sep-24 06:19:16.751	
0	0	0	0	1	0	0	28	0	0	0	19.8	28.5	0	0	22.7	10.0	10-Sep-24 06:19:16.797	
0	0	0	1	4	0	0	28	0	0	0	19.8	28.5	0	0	22.7	10.0	10-Sep-24 06:19:16.840	
0	0	0	0	2	0	0	13	0	0	0	19.8	28.5	0	0	22.7	10.0	10-Sep-24 06:19:16.883	
0	0	0	2	2	0	0	21	0	0	0	19.8	28.5	0	0	22.7	10.0	10-Sep-24 06:19:16.928	
0	0	0	0	2	0	0	27	0	0	0	19.8	28.5	0	0	22.7	10.0	10-Sep-24 06:19:16.972	
0	0	0	2	1	0	0	24	0	0	0	19.8	28.5	0	0	22.7	10.0	10-Sep-24 06:19:17.016	
0	0	0	1	1	0	0	23	0	0	0	19.8	28.5	0	0	22.7	10.0	10-Sep-24 06:19:17.059	
0	0	0	1	3	0	0	24	0	0	0	19.8	28.5	0	0	22.7	10.0	10-Sep-24 06:19:17.104	
0	0	0	0	3	0	0	30	0	0	0	19.8	28.5	0	0	22.7	10.0	10-Sep-24 06:19:17.148	
0	0	0	1	3	0	0	18	0	0	0	19.8	28.5	0	0	22.7	10.0	10-Sep-24 06:19:17.191	
0	0	0	1	2	0	0	22	0	0	0	19.8	28.5	0	0	22.7	10.0	10-Sep-24 06:19:17.236	
0	0	0	2	1	0	0	16	0	0	0	19.8	28.5	0	0	22.7	10.0	10-Sep-24 06:19:17.286	
0	0	0	1	4	0	0	20	0	0	0	19.8	28.5	0	0	22.7	10.0	10-Sep-24 06:19:17.332	
0	0	0	2	2	0	0	26	0	0	0	19.8	28.5	0	0	22.7	10.0	10-Sep-24 06:19:17.375	
0	0	0	1	3	0	0	20	0	0	0	19.8	28.5	0	0	22.7	10.0	10-Sep-24 06:19:17.419	
0	0	0	2	1	0	0	21	0	0	0	19.8	28.5	0	0	22.7	10.0	10-Sep-24 06:19:17.463	
0	0	0	2	1	0	0	17	0	0	0	19.8	28.5	0	0	22.7	10.0	10-Sep-24 06:19:17.566	
0	0	0	1	2	0	0	24	0	0	0	19.8	28.5	0	0	22.7	10.0	10-Sep-24 06:19:17.612	
0	0	0	1	3	0	0	15	0	0	0	19.8	28.5	0	0	22.7	10.0	10-Sep-24 06:19:17.655	
0	0	0	2	1	0	0	20	0	0	0	19.8	28.5	0	0	22.7	10.0	10-Sep-24 06:19:17.699	
0	0	0	0	2	0	0	23	0	0	0	19.8	28.5	0	0	22.7	10.0	10-Sep-24 06:19:17.745	
0	0	0	1	1	0	0	24	0	0	0	19.8	28.5	0	0	22.7	10.0	10-Sep-24 06:19:17.794	
0	0	0	2	1	0	0	13	0	0	0	19.8	28.5	0	0	22.7	10.0	10-Sep-24 06:19:17.840	
0	0	0	0	4	0	0	32	0	0	0	19.8	28.5	0	0	22.7	10.0	10-Sep-24 06:19:17.883	
0	0	0	1	2	0	0	19	0	0	0	19.8	28.5	0	0	22.7	10.0	10-Sep-24 06:19:17.927	
0	0	0	2	1	0	0	29	0	0	0	19.8	28.5	0	0	22.7	10.0	10-Sep-24 06:19:17.971	
0	0	0	0	2	0	0	19	0	0	0	19.8	28.5	0	0	22.7	10.0	10-Sep-24 06:19:18.015	
0	0	0	1	2	0	0	24	0	0	0	19.8	28.5	0	0	22.7	10.0	10-Sep-24 06:19:18.059	
0	0	0	0	2	0	0	30	0	0	0	19.8	28.5	0	0	22.7	10.0	10-Sep-24 06:19:18.103	
0	0	0	1	2	0	0	21	0	0	0	19.8	28.5	0	0	22.7	10.0	10-Sep-24 06:19:18.148	
0	0	0	1	3	0	0	21	0	0	0	19.8	28.5	0	0	22.7	10.0	10-Sep-24 06:19:18.191	
0	0	0	1	3	0	0	17	0	0	0	19.8	28.5	0	0	22.7	10.0	10-Sep-24 06:19:18.235	
0	0	0	2	1	0	0	25	0	0	0	19.8	28.5	0	0	22.7	10.0	10-Sep-24 06:19:18.280	
0	0	0	1	3	0	0	26	0	0	0	19.8	28.5	0	0	22.7	10.0	10-Sep-24 06:19:18.329	
0	0	0	2	2	0	0	19	0	0	0	19.8	28.5	0	0	22.7	10.0	10-Sep-24 06:19:18.373	
0	0	0	1	2	0	0	17	0	0	0	19.8	28.5	0	0	22.7	10.0	10-Sep-24 06:19:18.415	
0	0	0	1	2	0	0	15	0	0	0	19.8	28.5	0	0	22.7	10.0	10-Sep-24 06:19:18.460	
0	0	0	2	2	0	0	18	0	0	0	19.8	28.5	0	0	22.7	10.0	10-Sep-24 06:19:18.504	
0	0	0	3	2	0	0	17	0	0	0	19.8	28.5	0	0	22.7	10.0	10-Sep-24 06:19:18.547	
0	0	0	0	1	0	0	26	0	0	0	19.8	28.5	0	0	22.7	10.0	10-Sep-24 06:19:18.650	
0	0	0	1	1	0	0	26	0	0	0	19.8	28.5	0	0	22.7	10.0	10-Sep-24 06:19:18.696	
0	0	0	1	1	0	0	29	0	0	0	19.8	28.5	0	0	22.7	10.0	10-Sep-24 06:19:18.739	
0	0	0	0	3	0	0	26	0	0	0	19.8	28.5	0	0	22.7	10.0	10-Sep-24 06:19:18.775	
0	0	0	1	1	0	0	21	0	0	0	19.8	28.5	0	0	22.7	10.0	10-Sep-24 06:19:18.827	
0	0	0	0	2	0	0	22	0	0	0	19.8	28.5	0	0	22.7	10.0	10-Sep-24 06:19:18.872	
0	0	0	1	4	0	0	26	0	0	0	19.8	28.5	0	0	22.7	10.0	10-Sep-24 06:19:18.916	
0	0	0	1	3	0	0	24	0	0	0	19.8	28.5	0	0	22.7	10.0	10-Sep-24 06:19:18.959	
0	0	0	0	1	0	0	15	0	0	0	19.8	28.5	0	0	22.7	10.0	10-Sep-24 06:19:19.003	
0	0	0	1	2	0	0	15	0	0	0	19.8	28.5	0	0	22.7	10.0	10-Sep-24 06:19:19.048	
0	0	0	1	3	0	0	21	0	0	0	19.8	28.5	0	0	22.7	10.0	10-Sep-24 06:19:19.091	
0	0	0	2	1	0	0	30	0	0	0	19.8	28.5	0	0	22.7	10.0	10-Sep-24 06:19:19.136	
0	0	0	0	3	0	0	24	0	0	0	19.8	28.5	0	0	22.7	10.0	10-Sep-24 06:19:19.179	
0	0	0	0	2	0	0	18	0	0	0	19.8	28.5	0	0	22.7	10.0	10-Sep-24 06:19:19.223	
0	0	0	1	1	0	0	30	0	0	0	19.8	28.5	0	0	22.7	10.0	10-Sep-24 06:19:19.267	
0	0	0	0	2	0	0	23	0	0	0	19.8	28.5	0	0	22.7	10.0	10-Sep-24 06:19:19.311	
0	0	0	0	2	0	0	21	0	0	0	19.8	28.5	0	0	22.7	10.0	10-Sep-24 06:19:19.360	
0	0	0	1	2	0	0	18	0	0	0	19.8	28.5	0	0	22.7	10.0	10-Sep-24 06:19:19.404	
0	0	0	1	4	0	0	20	0	0	0	19.8	28.5	0	0	22.7	10.0	10-Sep-24 06:19:19.448	
0	0	0	2	0	0	0	17	0	0	0	19.8	28.5	0	0	22.7	10.0	10-Sep-24 06:19:19.491	
0	0	0	1	2	0	0	16	0	0	0	19.8	28.5	0	0	22.7	10.0	10-Sep-24 06:19:19.536	
0	0	0	1	2	0	0	17	0	0	0	19.8	28.5	0	0	22.7	10.0	10-Sep-24 06:19:19.580	
0	0	0	2	1	0	0	26	0	0	0	19.8	28.5	0	0	22.7	10.0	10-Sep-24 06:19:19.624	
0	0	0	1	2	0	0	13	0	0	0	19.8	28.5	0	0	22.7	10.0	10-Sep-24 06:19:19.717	
0	0	0	1	3	0	0	23	0	0	0	19.8	28.5	0	0	22.7	10.0	10-Sep-24 06:19:19.763	
0	0	0	0	3	0	0	19	0	0	0	19.8	28.5	0	0	22.7	10.0	10-Sep-24 06:19:19.808	
0	0	0	1	1	0	0	22	0	0	0	19.8	28.5	0	0	22.7	10.0	10-Sep-24 06:19:19.859	
0	0	0	2	3	0	0	22	0	0	0	19.8	28.5	0	0	22.7	10.0	10-Sep-24 06:19:19.901	
0	0	0	2	2	0	0	12	0	0	0	19.8	28.5	0	0	22.7	10.0	10-Sep-24 06:19:19.943	
0	0	0	2	3	0	0	21	0	0	0	19.8	28.5	0	0	22.7	10.0	10-Sep-24 06:19:19.988	
0	0	0	1	2	0	0	19	0	0	0	19.8	28.5	0	0	22.7	10.0	10-Sep-24 06:19:20.032	
0	0	0	3	2	0	0	19	0	0	0	19.8	28.5	0	0	22.7	10.0	10-Sep-24 06:19:20.075	
0	0	0	1	2	0	0	19	0	0	0	19.8	28.5	0	0	22.7	10.0	10-Sep-24 06:19:20.119	
0	0	0	1	1	0	0	26	0	0	0	19.8	28.5	0	0	22.7	10.0	10-Sep-24 06:19:20.164	
0	0	0	1	3	0	0	23	0	0	0	19.8	28.5	0	0	22.7	10.0	10-Sep-24 06:19:20.208	
0	0	0	1	1	0	0	21	0	0	0	19.8	28.5	0	0	22.7	10.0	10-Sep-24 06:19:20.251	
0	0	0	0	1	0	0	19	0	0	0	19.8	28.5	0	0	22.7	10.0	10-Sep-24 06:19:20.296	
0	0	0	1	1	0	0	17	0	0	0	19.8	28.5	0	0	22.7	10.0	10-Sep-24 06:19:20.344	
0	0	0	0	3	0	0	16	0	0	0	19.8	28.5	0	0	22.7	10.0	10-Sep-24 06:19:20.391	
0	0	0	2	1	0	0	22	0	0	0	19.8	28.5	0	0	22.7	10.0	10-Sep-24 06:19:20.436	
0	0	0	0	4	0	0	24	0	0	0	19.8	28.5	0	0	22.7	10.0	10-Sep-24 06:19:20.479	
0	0	0	2	1	0	0	30	0	0	0	19.8	28.5	0	0	22.7	10.0	10-Sep-24 06:19:20.524	
0	0	0	1	1	0	0	25	0	0	0	19.8	28.5	0	0	22.7	10.0	10-Sep-24 06:19:20.567	
0	0	0	1	1	0	0	23	0	0	0	19.8	28.5	0	0	22.7	10.0	10-Sep-24 06:19:20.612	
0	0	0	2	3	0	0	24	0	0	0	19.8	28.5	0	0	22.7	10.0	10-Sep-24 06:19:20.656	
0	0	0	1	2	0	0	27	0	0	0	19.8	28.5	0	0	22.7	10.0	10-Sep-24 06:19:20.699	
0	0	0	1	3	0	0	18	0	0	0	19.8	28.5	0	0	22.7	10.0	10-Sep-24 06:19:20.790	
0	0	0	0	2	0	0	27	0	0	0	19.8	28.5	0	0	22.7	10.0	10-Sep-24 06:19:20.836	
0	0	0	1	2	0	0	18	0	0	0	19.8	28.5	0	0	22.7	10.0	10-Sep-24 06:19:20.887	
0	0	0	1	5	0	0	18	0	0	0	19.8	28.5	0	0	22.7	10.0	10-Sep-24 06:19:20.932	
0	0	0	0	1	0	0	26	0	0	0	19.8	28.5	0	0	22.7	10.0	10-Sep-24 06:19:20.975	
0	0	0	1	2	0	0	30	0	0	0	19.8	28.5	0	0	22.7	10.0	10-Sep-24 06:19:21.020	
0	0	0	2	1	0	0	27	0	0	0	19.8	28.5	0	0	22.7	10.0	10-Sep-24 06:19:21.063	
0	0	0	0	2	0	0	22	0	0	0	19.8	28.5	0	0	22.7	10.0	10-Sep-24 06:19:21.107	
0	0	0	1	2	0	0	27	0	0	0	19.8	28.5	0	0	22.7	10.0	10-Sep-24 06:19:21.152	
0	0	0	0	3	0	0	25	0	0	0	19.8	28.5	0	0	22.7	10.0	10-Sep-24 06:19:21.195	
0	0	0	1	1	0	0	19	0	0	0	19.8	28.5	0	0	22.7	10.0	10-Sep-24 06:19:21.239	
0	0	0	4	2	0	0	21	0	0	0	19.8	28.5	0	0	22.7	10.0	10-Sep-24 06:19:21.315	
0	0	0	1	2	0	0	19	0	0	0	19.8	28.5	0	0	22.7	10.0	10-Sep-24 06:19:21.423	
0	0	0	1	2	0	0	27	0	0	0	19.8	28.5	0	0	22.7	10.0	10-Sep-24 06:19:21.488	
0	0	0	0	1	0	0	17	0	0	0	19.8	28.5	0	0	22.7	10.0	10-Sep-24 06:19:21.531	
0	0	0	0	4	0	0	16	0	0	0	19.8	28.5	0	0	22.7	10.0	10-Sep-24 06:19:21.576	
0	0	0	1	1	0	0	26	0	0	0	19.8	28.5	0	0	22.7	10.0	10-Sep-24 06:19:21.620	
0	0	0	0	2	0	0	22	0	0	0	19.8	28.5	0	0	22.7	10.0	10-Sep-24 06:19:21.663	
0	0	0	1	3	0	0	17	0	0	0	19.8	28.5	0	0	22.7	10.0	10-Sep-24 06:19:21.708	
0	0	0	2	4	0	0	26	0	0	0	19.8	28.5	0	0	22.7	10.0	10-Sep-24 06:19:21.752	
0	0	0	3	1	0	0	19	0	0	0	19.8	28.5	0	0	22.7	10.0	10-Sep-24 06:19:21.854	
0	0	0	2	2	0	0	23	0	0	0	19.8	28.5	0	0	22.7	10.0	10-Sep-24 06:19:21.908	
0	0	0	2	1	0	0	23	0	0	0	19.8	28.5	0	0	22.7	10.0	10-Sep-24 06:19:21.953	
0	0	0	2	1	0	0	28	0	0	0	19.8	28.5	0	0	22.7	10.0	10-Sep-24 06:19:21.996	
0	0	0	1	1	0	0	24	0	0	0	19.8	28.5	0	0	22.7	10.0	10-Sep-24 06:19:22.039	
0	0	0	1	1	0	0	17	0	0	0	19.8	28.5	0	0	22.7	10.0	10-Sep-24 06:19:22.083	
0	0	0	0	1	0	0	25	0	0	0	19.8	28.5	0	0	22.7	10.0	10-Sep-24 06:19:22.127	
0	0	0	0	2	0	0	11	0	0	0	19.8	28.5	0	0	22.7	10.0	10-Sep-24 06:19:22.171	
0	0	0	1	2	0	0	20	0	0	0	19.8	28.5	0	0	22.7	10.0	10-Sep-24 06:19:22.216	
0	0	0	1	1	0	0	22	0	0	0	19.8	28.5	0	0	22.7	10.0	10-Sep-24 06:19:22.252	
0	0	0	0	1	0	0	22	0	0	0	19.8	28.5	0	0	22.7	10.0	10-Sep-24 06:19:22.296	
0	0	0	0	1	0	0	21	0	0	0	19.8	28.5	0	0	22.7	10.0	10-Sep-24 06:19:22.340	
0	0	0	0	2	0	0	17	0	0	0	19.8	28.5	0	0	22.7	10.0	10-Sep-24 06:19:22.382	
0	0	0	1	1	0	0	22	0	0	0	19.8	28.5	0	0	22.7	10.0	10-Sep-24 06:19:22.430	
0	0	0	0	2	0	0	18	0	0	0	19.8	28.5	0	0	22.7	10.0	10-Sep-24 06:19:22.476	
0	0	0	1	1	0	0	23	0	0	0	19.8	28.5	0	0	22.7	10.0	10-Sep-24 06:19:22.520	
0	0	0	1	4	0	0	18	0	0	0	19.8	28.5	0	0	22.7	10.0	10-Sep-24 06:19:22.563	
0	0	0	0	2	0	0	20	0	0	0	19.8	28.5	0	0	22.7	10.0	10-Sep-24 06:19:22.608	
0	0	0	1	2	0	0	21	0	0	0	19.8	28.5	0	0	22.7	10.0	10-Sep-24 06:19:22.652	
0	0	0	3	1	0	0	21	0	0	0	19.8	28.5	0	0	22.7	10.0	10-Sep-24 06:19:22.695	
0	0	0	1	2	0	0	23	0	0	0	19.8	28.5	0	0	22.7	10.0	10-Sep-24 06:19:22.739	
0	0	0	1	2	0	0	27	0	0	0	19.8	28.5	0	0	22.7	10.0	10-Sep-24 06:19:22.783	
0	0	0	1	1	0	0	25	0	0	0	19.8	28.5	0	0	22.7	10.0	10-Sep-24 06:19:22.827	
0	0	0	0	1	0	0	33	0	0	0	19.8	28.5	0	0	22.7	10.0	10-Sep-24 06:19:22.939	
0	0	0	1	2	0	0	22	0	0	0	19.8	28.5	0	0	22.7	10.0	10-Sep-24 06:19:22.983	
0	0	0	1	1	0	0	22	0	0	0	19.8	28.5	0	0	22.7	10.0	10-Sep-24 06:19:23.020	
0	0	0	0	1	0	0	28	0	0	0	19.8	28.5	0	0	22.7	10.0	10-Sep-24 06:19:23.064	
0	0	0	1	3	0	0	17	0	0	0	19.8	28.5	0	0	22.7	10.0	10-Sep-24 06:19:23.107	
0	0	0	1	1	0	0	26	0	0	0	19.8	28.5	0	0	22.7	10.0	10-Sep-24 06:19:23.151	
0	0	0	1	1	0	0	26	0	0	0	19.8	28.5	0	0	22.7	10.0	10-Sep-24 06:19:23.195	
0	0	0	2	1	0	0	18	0	0	0	19.8	28.5	0	0	22.7	10.0	10-Sep-24 06:19:23.239	
0	0	0	2	3	0	0	26	0	0	0	19.8	28.5	0	0	22.7	10.0	10-Sep-24 06:19:23.283	
0	0	0	2	3	0	0	27	0	0	0	19.8	28.5	0	0	22.7	10.0	10-Sep-24 06:19:23.328	
0	0	0	0	2	0	0	19	0	0	0	19.8	28.5	0	0	22.7	10.0	10-Sep-24 06:19:23.372	
0	0	0	1	1	0	0	20	0	0	0	19.8	28.5	0	0	22.7	10.0	10-Sep-24 06:19:23.420	
0	0	0	0	3	0	0	21	0	0	0	19.8	28.5	0	0	22.7	10.0	10-Sep-24 06:19:23.468	
0	0	0	1	1	0	0	20	0	0	0	19.8	28.5	0	0	22.7	10.0	10-Sep-24 06:19:23.511	
0	0	0	1	2	0	0	13	0	0	0	19.8	28.5	0	0	22.7	10.0	10-Sep-24 06:19:23.555	
0	0	0	1	1	0	0	23	0	0	0	19.8	28.5	0	0	22.7	10.0	10-Sep-24 06:19:23.599	
0	0	0	1	1	0	0	21	0	0	0	19.8	28.5	0	0	22.7	10.0	10-Sep-24 06:19:23.644	
0	0	0	1	3	0	0	24	0	0	0	19.8	28.5	0	0	22.7	10.0	10-Sep-24 06:19:23.680	
0	0	0	1	2	0	0	14	0	0	0	19.8	28.5	0	0	22.7	10.0	10-Sep-24 06:19:23.723	
0	0	0	1	2	0	0	24	0	0	0	19.8	28.5	0	0	22.7	10.0	10-Sep-24 06:19:23.768	
0	0	0	0	2	0	0	27	0	0	0	19.8	28.5	0	0	22.7	10.0	10-Sep-24 06:19:23.811	
0	0	0	0	1	0	0	16	0	0	0	19.8	28.5	0	0	22.7	10.0	10-Sep-24 06:19:23.856	
0	0	0	2	3	0	0	17	0	0	0	19.8	28.5	0	0	22.7	10.0	10-Sep-24 06:19:23.899	
0	0	0	3	4	0	0	21	0	0	0	19.8	28.5	0	0	22.7	10.0	10-Sep-24 06:19:24.008	
0	0	0	1	1	0	0	26	0	0	0	19.8	28.5	0	0	22.7	10.0	10-Sep-24 06:19:24.055	
0	0	0	1	3	0	0	23	0	0	0	19.8	28.5	0	0	22.7	10.0	10-Sep-24 06:19:24.100	
0	0	0	1	2	0	0	20	0	0	0	19.8	28.5	0	0	22.7	10.0	10-Sep-24 06:19:24.143	
0	0	0	1	1	0	0	14	0	0	0	19.8	28.5	0	0	22.7	10.0	10-Sep-24 06:19:24.187	
0	0	0	2	1	0	0	16	0	0	0	19.8	28.5	0	0	22.7	10.0	10-Sep-24 06:19:24.231	
0	0	0	1	2	0	0	18	0	0	0	19.8	28.5	0	0	22.7	10.0	10-Sep-24 06:19:24.276	
0	0	0	1	2	0	0	22	0	0	0	19.8	28.5	0	0	22.7	10.0	10-Sep-24 06:19:24.320	
0	0	0	1	5	0	0	20	0	0	0	19.8	28.5	0	0	22.7	10.0	10-Sep-24 06:19:24.364	
0	0	0	1	1	0	0	18	0	0	0	19.8	28.5	0	0	22.7	10.0	10-Sep-24 06:19:24.408	
0	0	0	1	2	0	0	20	0	0	0	19.8	28.5	0	0	22.7	10.0	10-Sep-24 06:19:24.459	
0	0	0	1	3	0	0	23	0	0	0	19.8	28.5	0	0	22.7	10.0	10-Sep-24 06:19:24.504	
0	0	0	1	3	0	0	14	0	0	0	19.8	28.5	0	0	22.7	10.0	10-Sep-24 06:19:24.548	
0	0	0	0	2	0	0	21	0	0	0	19.8	28.5	0	0	22.7	10.0	10-Sep-24 06:19:24.592	
0	0	0	0	3	0	0	22	0	0	0	19.8	28.5	0	0	22.7	10.0	10-Sep-24 06:19:24.636	
0	0	0	2	1	0	0	24	0	0	0	19.8	28.5	0	0	22.7	10.0	10-Sep-24 06:19:24.679	
0	0	0	0	4	0	0	20	0	0	0	19.8	28.5	0	0	22.7	10.0	10-Sep-24 06:19:24.724	
0	0	0	0	4	0	0	22	0	0	0	19.8	28.5	0	0	22.7	10.0	10-Sep-24 06:19:24.768	
0	0	0	1	1	0	0	19	0	0	0	19.8	28.5	0	0	22.7	10.0	10-Sep-24 06:19:24.813	
0	0	0	1	3	0	0	16	0	0	0	19.8	28.5	0	0	22.7	10.0	10-Sep-24 06:19:24.856	
0	0	0	0	1	0	0	18	0	0	0	19.8	28.5	0	0	22.7	10.0	10-Sep-24 06:19:24.899	
0	0	0	2	3	0	0	27	0	0	0	19.8	28.5	0	0	22.7	10.0	10-Sep-24 06:19:24.945	
0	0	0	2	1	0	0	27	0	0	0	19.8	28.5	0	0	22.7	10.0	10-Sep-24 06:19:24.987	
0	0	0	1	3	0	0	25	0	0	0	19.8	28.5	0	0	22.7	10.0	10-Sep-24 06:19:25.080	
0	0	0	1	1	0	0	33	0	0	0	19.8	28.5	0	0	22.7	10.0	10-Sep-24 06:19:25.128	
0	0	0	1	1	0	0	30	0	0	0	19.8	28.5	0	0	22.7	10.0	10-Sep-24 06:19:25.172	
0	0	0	0	3	0	0	22	0	0	0	19.8	28.5	0	0	22.7	10.0	10-Sep-24 06:19:25.215	
0	0	0	2	1	0	0	15	0	0	0	19.8	28.5	0	0	22.7	10.0	10-Sep-24 06:19:25.260	
0	0	0	0	2	0	0	22	0	0	0	19.8	28.5	0	0	22.7	10.0	10-Sep-24 06:19:25.304	
0	0	0	0	1	0	0	20	0	0	0	19.8	28.5	0	0	22.7	10.0	10-Sep-24 06:19:25.347	
0	0	0	0	2	0	0	12	0	0	0	19.8	28.5	0	0	22.7	10.0	10-Sep-24 06:19:25.392	
0	0	0	1	2	0	0	32	0	0	0	19.8	28.5	0	0	22.7	10.0	10-Sep-24 06:19:25.435	
0	0	0	0	1	0	0	32	0	0	0	19.8	28.5	0	0	22.7	10.0	10-Sep-24 06:19:25.473	
0	0	0	0	3	0	0	24	0	0	0	19.8	28.5	0	0	22.7	10.0	10-Sep-24 06:19:25.521	
0	0	0	2	6	0	0	22	0	0	0	19.8	28.5	0	0	22.7	10.0	10-Sep-24 06:19:25.564	
0	0	0	0	2	0	0	24	0	0	0	19.8	28.5	0	0	22.7	10.0	10-Sep-24 06:19:25.608	
0	0	0	1	4	0	0	21	0	0	0	19.8	28.5	0	0	22.7	10.0	10-Sep-24 06:19:25.652	
0	0	0	0	2	0	0	18	0	0	0	19.8	28.5	0	0	22.7	10.0	10-Sep-24 06:19:25.695	
0	0	0	2	1	0	0	16	0	0	0	19.8	28.5	0	0	22.7	10.0	10-Sep-24 06:19:25.740	
0	0	0	1	2	0	0	23	0	0	0	19.8	28.5	0	0	22.7	10.0	10-Sep-24 06:19:25.783	
0	0	0	1	3	0	0	26	0	0	0	19.8	28.5	0	0	22.7	10.0	10-Sep-24 06:19:25.827	
0	0	0	0	1	0	0	26	0	0	0	19.8	28.5	0	0	22.7	10.0	10-Sep-24 06:19:25.872	
0	0	0	2	2	0	0	18	0	0	0	19.8	28.5	0	0	22.7	10.0	10-Sep-24 06:19:25.915	
0	0	0	2	1	0	0	18	0	0	0	19.8	28.5	0	0	22.7	10.0	10-Sep-24 06:19:25.959	
0	0	0	1	2	0	0	21	0	0	0	19.8	28.5	0	0	22.7	10.0	10-Sep-24 06:19:26.011	
0	0	0	1	3	0	0	23	0	0	0	19.8	28.5	0	0	22.7	10.0	10-Sep-24 06:19:26.056	
0	0	0	1	2	0	0	32	0	0	0	19.8	28.5	0	0	22.7	10.0	10-Sep-24 06:19:26.158	
0	0	0	1	1	0	0	16	0	0	0	19.8	28.5	0	0	22.7	10.0	10-Sep-24 06:19:26.203	
0	0	0	1	2	0	0	16	0	0	0	19.8	28.5	0	0	22.7	10.0	10-Sep-24 06:19:26.247	
0	0	0	3	1	0	0	28	0	0	0	19.8	28.5	0	0	22.7	10.0	10-Sep-24 06:19:26.292	
0	0	0	0	1	0	0	15	0	0	0	19.8	28.5	0	0	22.7	10.0	10-Sep-24 06:19:26.336	
0	0	0	0	1	0	0	25	0	0	0	19.8	28.5	0	0	22.7	10.0	10-Sep-24 06:19:26.379	
0	0	0	1	2	0	0	23	0	0	0	19.8	28.5	0	0	22.7	10.0	10-Sep-24 06:19:26.424	
0	0	0	1	2	0	0	26	0	0	0	19.8	28.5	0	0	22.7	10.0	10-Sep-24 06:19:26.467	
0	0	0	2	2	0	0	22	0	0	0	19.8	28.5	0	0	22.7	10.0	10-Sep-24 06:19:26.552	
0	0	0	0	2	0	0	34	0	0	0	19.8	28.5	0	0	22.7	10.0	10-Sep-24 06:19:26.633	
0	0	0	1	1	0	0	31	0	0	0	19.8	28.5	0	0	22.7	10.0	10-Sep-24 06:19:26.701	
0	0	0	1	2	0	0	21	0	0	0	19.8	28.5	0	0	22.7	10.0	10-Sep-24 06:19:26.743	
0	0	0	0	1	0	0	18	0	0	0	19.8	28.5	0	0	22.7	10.0	10-Sep-24 06:19:26.787	
0	0	0	0	4	0	0	22	0	0	0	19.8	28.5	0	0	22.7	10.0	10-Sep-24 06:19:26.832	
0	0	0	1	2	0	0	19	0	0	0	19.8	28.5	0	0	22.7	10.0	10-Sep-24 06:19:26.875	
0	0	0	0	4	0	0	19	0	0	0	19.8	28.5	0	0	22.7	10.0	10-Sep-24 06:19:26.920	
0	0	0	1	1	0	0	23	0	0	0	19.8	28.5	0	0	22.7	10.0	10-Sep-24 06:19:26.963	
0	0	0	1	3	0	0	21	0	0	0	19.8	28.5	0	0	22.7	10.0	10-Sep-24 06:19:27.016	
0	0	0	1	0	0	0	14	0	0	0	19.8	28.5	0	0	22.7	10.0	10-Sep-24 06:19:27.060	
0	0	0	3	2	0	0	18	0	0	0	19.8	28.5	0	0	22.7	10.0	10-Sep-24 06:19:27.104	
0	0	0	0	3	0	0	22	0	0	0	19.8	28.5	0	0	22.7	10.0	10-Sep-24 06:19:27.147	
0	0	0	1	2	0	0	19	0	0	0	19.8	28.5	0	0	22.7	10.0	10-Sep-24 06:19:27.250	
0	0	0	1	1	0	0	22	0	0	0	19.8	28.5	0	0	22.7	10.0	10-Sep-24 06:19:27.295	
0	0	0	0	3	0	0	17	0	0	0	19.8	28.5	0	0	22.7	10.0	10-Sep-24 06:19:27.340	
0	0	0	1	1	0	0	24	0	0	0	19.8	28.5	0	0	22.7	10.0	10-Sep-24 06:19:27.383	
0	0	0	0	3	0	0	11	0	0	0	19.8	28.5	0	0	22.7	10.0	10-Sep-24 06:19:27.427	
0	0	0	1	2	0	0	25	0	0	0	19.8	28.5	0	0	22.7	10.0	10-Sep-24 06:19:27.472	
0	0	0	2	1	0	0	17	0	0	0	19.8	28.5	0	0	22.7	10.0	10-Sep-24 06:19:27.522	
0	0	0	1	1	0	0	22	0	0	0	19.8	28.5	0	0	22.7	10.0	10-Sep-24 06:19:27.568	
0	0	0	2	2	0	0	23	0	0	0	19.8	28.5	0	0	22.7	10.0	10-Sep-24 06:19:27.611	
0	0	0	0	1	0	0	23	0	0	0	19.8	28.5	0	0	22.7	10.0	10-Sep-24 06:19:27.656	
0	0	0	0	2	0	0	27	0	0	0	19.8	28.5	0	0	22.7	10.0	10-Sep-24 06:19:27.699	
0	0	0	0	1	0	0	23	0	0	0	19.8	28.5	0	0	22.7	10.0	10-Sep-24 06:19:27.744	
0	0	0	1	1	0	0	22	0	0	0	19.8	28.5	0	0	22.7	10.0	10-Sep-24 06:19:27.787	
0	0	0	2	1	0	0	16	0	0	0	19.8	28.5	0	0	22.7	10.0	10-Sep-24 06:19:27.831	
0	0	0	1	2	0	0	25	0	0	0	19.8	28.5	0	0	22.7	10.0	10-Sep-24 06:19:27.876	
0	0	0	0	2	0	0	30	0	0	0	19.8	28.5	0	0	22.7	10.0	10-Sep-24 06:19:27.919	
0	0	0	0	6	0	0	16	0	0	0	19.8	28.5	0	0	22.7	10.0	10-Sep-24 06:19:27.964	
0	0	0	0	3	0	0	17	0	0	0	19.8	28.5	0	0	22.7	10.0	10-Sep-24 06:19:28.008	
0	0	0	1	2	0	0	26	0	0	0	19.8	28.5	0	0	22.7	10.0	10-Sep-24 06:19:28.058	
0	0	0	1	1	0	0	30	0	0	0	19.8	28.5	0	0	22.7	10.0	10-Sep-24 06:19:28.104	
0	0	0	1	2	0	0	23	0	0	0	19.8	28.5	0	0	22.7	10.0	10-Sep-24 06:19:28.147	
0	0	0	1	3	0	0	26	0	0	0	19.8	28.5	0	0	22.7	10.0	10-Sep-24 06:19:28.192	
0	0	0	1	2	0	0	22	0	0	0	19.8	28.5	0	0	22.7	10.0	10-Sep-24 06:19:28.235	
0	0	0	0	3	0	0	21	0	0	0	19.8	28.5	0	0	22.7	10.0	10-Sep-24 06:19:28.338	
0	0	0	0	1	0	0	21	0	0	0	19.8	28.5	0	0	22.7	10.0	10-Sep-24 06:19:28.384	
0	0	0	0	3	0	0	28	0	0	0	19.8	28.5	0	0	22.7	10.0	10-Sep-24 06:19:28.427	
0	0	0	1	1	0	0	12	0	0	0	19.8	28.5	0	0	22.7	10.0	10-Sep-24 06:19:28.472	
0	0	0	2	3	0	0	19	0	0	0	19.8	28.5	0	0	22.7	10.0	10-Sep-24 06:19:28.515	
0	0	0	2	6	0	0	36	0	0	0	19.8	28.5	0	0	22.7	10.0	10-Sep-24 06:19:28.555	
0	0	0	1	2	0	0	18	0	0	0	19.8	28.5	0	0	22.7	10.0	10-Sep-24 06:19:28.599	
0	0	0	0	2	0	0	13	0	0	0	19.8	28.5	0	0	22.7	10.0	10-Sep-24 06:19:28.643	
0	0	0	2	1	0	0	21	0	0	0	19.8	28.5	0	0	22.7	10.0	10-Sep-24 06:19:28.688	
0	0	0	2	1	0	0	27	0	0	0	19.8	28.5	0	0	22.7	10.0	10-Sep-24 06:19:28.731	
0	0	0	1	2	0	0	19	0	0	0	19.8	28.5	0	0	22.7	10.0	10-Sep-24 06:19:28.775	
0	0	0	1	2	0	0	13	0	0	0	19.8	28.5	0	0	22.7	10.0	10-Sep-24 06:19:28.819	
0	0	0	1	1	0	0	19	0	0	0	19.8	28.5	0	0	22.7	10.0	10-Sep-24 06:19:28.863	
0	0	0	0	4	0	0	14	0	0	0	19.8	28.5	0	0	22.7	10.0	10-Sep-24 06:19:28.908	
0	0	0	1	2	0	0	25	0	0	0	19.8	28.5	0	0	22.7	10.0	10-Sep-24 06:19:28.951	
0	0	0	0	1	0	0	27	0	0	0	19.8	28.5	0	0	22.7	10.0	10-Sep-24 06:19:28.996	
0	0	0	1	3	0	0	24	0	0	0	19.8	28.5	0	0	22.7	10.0	10-Sep-24 06:19:29.047	
0	0	0	0	2	0	0	24	0	0	0	19.8	28.5	0	0	22.7	10.0	10-Sep-24 06:19:29.093	
0	0	0	1	2	0	0	16	0	0	0	19.8	28.5	0	0	22.7	10.0	10-Sep-24 06:19:29.129	
0	0	0	1	2	0	0	23	0	0	0	19.8	28.5	0	0	22.7	10.0	10-Sep-24 06:19:29.171	
0	0	0	1	1	0	0	22	0	0	0	19.8	28.5	0	0	22.7	10.0	10-Sep-24 06:19:29.216	
0	0	0	1	2	0	0	26	0	0	0	19.8	28.5	0	0	22.7	10.0	10-Sep-24 06:19:29.259	
0	0	0	2	1	0	0	18	0	0	0	19.8	28.5	0	0	22.7	10.0	10-Sep-24 06:19:29.304	
0	0	0	1	3	0	0	24	0	0	0	19.8	28.5	0	0	22.7	10.0	10-Sep-24 06:19:29.406	
0	0	0	1	3	0	0	21	0	0	0	19.8	28.5	0	0	22.7	10.0	10-Sep-24 06:19:29.451	
0	0	0	1	4	0	0	21	0	0	0	19.8	28.5	0	0	22.7	10.0	10-Sep-24 06:19:29.487	
0	0	0	0	1	0	0	17	0	0	0	19.8	28.5	0	0	22.7	10.0	10-Sep-24 06:19:29.532	
0	0	0	1	3	0	0	22	0	0	0	19.8	28.5	0	0	22.7	10.0	10-Sep-24 06:19:29.583	
0	0	0	0	3	0	0	25	0	0	0	19.8	28.5	0	0	22.7	10.0	10-Sep-24 06:19:29.628	
0	0	0	1	2	0	0	21	0	0	0	19.8	28.5	0	0	22.7	10.0	10-Sep-24 06:19:29.671	
0	0	0	0	2	0	0	23	0	0	0	19.8	28.5	0	0	22.7	10.0	10-Sep-24 06:19:29.716	
0	0	0	1	3	0	0	24	0	0	0	19.8	28.5	0	0	22.7	10.0	10-Sep-24 06:19:29.759	
0	0	0	1	1	0	0	23	0	0	0	19.8	28.5	0	0	22.7	10.0	10-Sep-24 06:19:29.803	
0	0	0	1	2	0	0	27	0	0	0	19.8	28.5	0	0	22.7	10.0	10-Sep-24 06:19:29.847	
0	0	0	1	1	0	0	26	0	0	0	19.8	28.5	0	0	22.7	10.0	10-Sep-24 06:19:29.891	
0	0	0	0	1	0	0	19	0	0	0	19.8	28.5	0	0	22.7	10.0	10-Sep-24 06:19:29.935	
0	0	0	2	5	0	0	18	0	0	0	19.8	28.5	0	0	22.7	10.0	10-Sep-24 06:19:29.979	
0	0	0	1	2	0	0	19	0	0	0	19.8	28.5	0	0	22.7	10.0	10-Sep-24 06:19:30.023	
0	0	0	1	5	0	0	29	0	0	0	19.8	28.5	0	0	22.7	10.0	10-Sep-24 06:19:30.076	
0	0	0	2	4	0	0	27	0	0	0	19.8	28.5	0	0	22.7	10.0	10-Sep-24 06:19:30.120	
0	0	0	1	2	0	0	23	0	0	0	19.8	28.5	0	0	22.7	10.0	10-Sep-24 06:19:30.163	
0	0	0	1	2	0	0	24	0	0	0	19.8	28.5	0	0	22.7	10.0	10-Sep-24 06:19:30.207	
0	0	0	2	3	0	0	19	0	0	0	19.8	28.5	0	0	22.7	10.0	10-Sep-24 06:19:30.251	
0	0	0	0	1	0	0	19	0	0	0	19.8	28.5	0	0	22.7	10.0	10-Sep-24 06:19:30.295	
0	0	0	1	3	0	0	19	0	0	0	19.8	28.5	0	0	22.7	10.0	10-Sep-24 06:19:30.340	
0	0	0	1	1	0	0	18	0	0	0	19.8	28.5	0	0	22.7	10.0	10-Sep-24 06:19:30.384	
0	0	0	0	2	0	0	21	0	0	0	19.8	28.5	0	0	22.7	10.0	10-Sep-24 06:19:30.476	
0	0	0	2	2	0	0	16	0	0	0	19.8	28.5	0	0	22.7	10.0	10-Sep-24 06:19:30.524	
0	0	0	0	4	0	0	27	0	0	0	19.8	28.5	0	0	22.7	10.0	10-Sep-24 06:19:30.574	
0	0	0	1	1	0	0	29	0	0	0	19.8	28.5	0	0	22.7	10.0	10-Sep-24 06:19:30.620	
0	0	0	1	2	0	0	19	0	0	0	19.8	28.5	0	0	22.7	10.0	10-Sep-24 06:19:30.664	
0	0	0	1	1	0	0	31	0	0	0	19.8	28.5	0	0	22.7	10.0	10-Sep-24 06:19:30.707	
0	0	0	0	3	0	0	25	0	0	0	19.8	28.5	0	0	22.7	10.0	10-Sep-24 06:19:30.751	
0	0	0	0	3	0	0	21	0	0	0	19.8	28.5	0	0	22.7	10.0	10-Sep-24 06:19:30.796	
0	0	0	0	1	0	0	14	0	0	0	19.8	28.5	0	0	22.7	10.0	10-Sep-24 06:19:30.839	
0	0	0	1	1	0	0	22	0	0	0	19.8	28.5	0	0	22.7	10.0	10-Sep-24 06:19:30.883	
0	0	0	1	1	0	0	16	0	0	0	19.8	28.5	0	0	22.7	10.0	10-Sep-24 06:19:30.927	
0	0	0	1	2	0	0	20	0	0	0	19.8	28.5	0	0	22.7	10.0	10-Sep-24 06:19:30.971	
0	0	0	0	1	0	0	20	0	0	0	19.8	28.5	0	0	22.7	10.0	10-Sep-24 06:19:31.015	
0	0	0	0	1	0	0	21	0	0	0	19.8	28.5	0	0	22.7	10.0	10-Sep-24 06:19:31.059	
0	0	0	1	5	0	0	21	0	0	0	19.8	28.5	0	0	22.7	10.0	10-Sep-24 06:19:31.108	
0	0	0	1	3	0	0	20	0	0	0	19.8	28.5	0	0	22.7	10.0	10-Sep-24 06:19:31.154	
0	0	0	0	3	0	0	20	0	0	0	19.8	28.5	0	0	22.7	10.0	10-Sep-24 06:19:31.200	
0	0	0	1	2	0	0	20	0	0	0	19.8	28.5	0	0	22.7	10.0	10-Sep-24 06:19:31.243	
0	0	0	1	2	0	0	24	0	0	0	19.8	28.5	0	0	22.7	10.0	10-Sep-24 06:19:31.287	
0	0	0	2	2	0	0	19	0	0	0	19.8	28.5	0	0	22.7	10.0	10-Sep-24 06:19:31.332	
0	0	0	1	2	0	0	24	0	0	0	19.8	28.5	0	0	22.7	10.0	10-Sep-24 06:19:31.375	
0	0	0	0	4	0	0	12	0	0	0	19.8	28.5	0	0	22.7	10.0	10-Sep-24 06:19:31.420	
0	0	0	1	3	0	0	26	0	0	0	19.8	28.5	0	0	22.7	10.0	10-Sep-24 06:19:31.463	
0	0	0	1	2	0	0	14	0	0	0	19.8	28.5	0	0	22.7	10.0	10-Sep-24 06:19:31.555	
0	0	0	1	2	0	0	28	0	0	0	19.8	28.5	0	0	22.7	10.0	10-Sep-24 06:19:31.607	
0	0	0	2	3	0	0	26	0	0	0	19.8	28.5	0	0	22.7	10.0	10-Sep-24 06:19:31.651	
0	0	0	1	3	0	0	22	0	0	0	19.8	28.5	0	0	22.7	10.0	10-Sep-24 06:19:31.730	
0	0	0	2	1	0	0	18	0	0	0	19.8	28.5	0	0	22.7	10.0	10-Sep-24 06:19:31.819	
0	0	0	1	3	0	0	27	0	0	0	19.8	28.5	0	0	22.7	10.0	10-Sep-24 06:19:31.884	
0	0	0	1	1	0	0	15	0	0	0	19.8	28.5	0	0	22.7	10.0	10-Sep-24 06:19:31.931	
0	0	0	1	1	0	0	22	0	0	0	19.8	28.5	0	0	22.7	10.0	10-Sep-24 06:19:31.977	
0	0	0	0	1	0	0	25	0	0	0	19.8	28.5	0	0	22.7	10.0	10-Sep-24 06:19:32.019	
0	0	0	1	1	0	0	20	0	0	0	19.8	28.5	0	0	22.7	10.0	10-Sep-24 06:19:32.063	
0	0	0	1	1	0	0	15	0	0	0	19.8	28.5	0	0	22.7	10.0	10-Sep-24 06:19:32.105	
0	0	0	1	2	0	0	26	0	0	0	19.8	28.5	0	0	22.7	10.0	10-Sep-24 06:19:32.152	
0	0	0	1	2	0	0	14	0	0	0	19.8	28.5	0	0	22.7	10.0	10-Sep-24 06:19:32.196	
0	0	0	0	3	0	0	20	0	0	0	19.8	28.5	0	0	22.7	10.0	10-Sep-24 06:19:32.239	
0	0	0	1	2	0	0	22	0	0	0	19.8	28.5	0	0	22.7	10.0	10-Sep-24 06:19:32.284	
0	0	0	1	1	0	0	22	0	0	0	19.8	28.5	0	0	22.7	10.0	10-Sep-24 06:19:32.328	
0	0	0	0	3	0	0	30	0	0	0	19.8	28.5	0	0	22.7	10.0	10-Sep-24 06:19:32.372	
0	0	0	1	1	0	0	26	0	0	0	19.8	28.5	0	0	22.7	10.0	10-Sep-24 06:19:32.416	
0	0	0	1	1	0	0	16	0	0	0	19.8	28.5	0	0	22.7	10.0	10-Sep-24 06:19:32.459	
0	0	0	0	1	0	0	16	0	0	0	19.8	28.5	0	0	22.7	10.0	10-Sep-24 06:19:32.503	
0	0	0	2	1	0	0	16	0	0	0	19.8	28.5	0	0	22.7	10.0	10-Sep-24 06:19:32.607	
0	0	0	1	3	0	0	23	0	0	0	19.8	28.5	0	0	22.7	10.0	10-Sep-24 06:19:32.659	
0	0	0	1	2	0	0	17	0	0	0	19.8	28.5	0	0	22.7	10.0	10-Sep-24 06:19:32.704	
0	0	0	1	1	0	0	25	0	0	0	19.8	28.5	0	0	22.7	10.0	10-Sep-24 06:19:32.747	
0	0	0	1	1	0	0	28	0	0	0	19.8	28.5	0	0	22.7	10.0	10-Sep-24 06:19:32.792	
0	0	0	1	2	0	0	14	0	0	0	19.8	28.5	0	0	22.7	10.0	10-Sep-24 06:19:32.835	
0	0	0	2	1	0	0	24	0	0	0	19.8	28.5	0	0	22.7	10.0	10-Sep-24 06:19:32.879	
0	0	0	1	3	0	0	19	0	0	0	19.8	28.5	0	0	22.7	10.0	10-Sep-24 06:19:32.923	
0	0	0	1	2	0	0	12	0	0	0	19.8	28.5	0	0	22.7	10.0	10-Sep-24 06:19:32.968	
0	0	0	1	3	0	0	14	0	0	0	19.8	28.5	0	0	22.7	10.0	10-Sep-24 06:19:33.012	
0	0	0	1	3	0	0	13	0	0	0	19.8	28.5	0	0	22.7	10.0	10-Sep-24 06:19:33.056	
0	0	0	1	2	0	0	21	0	0	0	19.8	28.5	0	0	22.7	10.0	10-Sep-24 06:19:33.100	
0	0	0	2	4	0	0	17	0	0	0	19.8	28.5	0	0	22.7	10.0	10-Sep-24 06:19:33.150	
0	0	0	1	1	0	0	22	0	0	0	19.8	28.5	0	0	22.7	10.0	10-Sep-24 06:19:33.195	
0	0	0	2	2	0	0	23	0	0	0	19.8	28.5	0	0	22.7	10.0	10-Sep-24 06:19:33.231	
0	0	0	3	1	0	0	22	0	0	0	19.8	28.5	0	0	22.7	10.0	10-Sep-24 06:19:33.275	
0	0	0	2	2	0	0	23	0	0	0	19.8	28.5	0	0	22.7	10.0	10-Sep-24 06:19:33.320	
0	0	0	1	3	0	0	10	0	0	0	19.8	28.5	0	0	22.7	10.0	10-Sep-24 06:19:33.364	
0	0	0	1	2	0	0	21	0	0	0	19.8	28.5	0	0	22.7	10.0	10-Sep-24 06:19:33.407	
0	0	0	1	1	0	0	25	0	0	0	19.8	28.5	0	0	22.7	10.0	10-Sep-24 06:19:33.452	
0	0	0	2	2	0	0	23	0	0	0	19.8	28.5	0	0	22.7	10.0	10-Sep-24 06:19:33.495	
0	0	0	1	3	0	0	21	0	0	0	19.8	28.5	0	0	22.7	10.0	10-Sep-24 06:19:33.539	
0	0	0	1	5	0	0	17	0	0	0	19.8	28.5	0	0	22.7	10.0	10-Sep-24 06:19:33.583	
0	0	0	1	4	0	0	22	0	0	0	19.8	28.5	0	0	22.7	10.0	10-Sep-24 06:19:33.696	
0	0	0	2	3	0	0	34	0	0	0	19.8	28.5	0	0	22.7	10.0	10-Sep-24 06:19:33.739	
0	0	0	1	2	0	0	22	0	0	0	19.8	28.5	0	0	22.7	10.0	10-Sep-24 06:19:33.784	
0	0	0	1	3	0	0	16	0	0	0	19.8	28.5	0	0	22.7	10.0	10-Sep-24 06:19:33.827	
0	0	0	1	1	0	0	27	0	0	0	19.8	28.5	0	0	22.7	10.0	10-Sep-24 06:19:33.871	
0	0	0	2	1	0	0	21	0	0	0	19.8	28.5	0	0	22.7	10.0	10-Sep-24 06:19:33.916	
0	0	0	0	1	0	0	29	0	0	0	19.8	28.5	0	0	22.7	10.0	10-Sep-24 06:19:33.960	
0	0	0	2	3	0	0	24	0	0	0	19.8	28.5	0	0	22.7	10.0	10-Sep-24 06:19:34.003	
0	0	0	1	2	0	0	18	0	0	0	19.8	28.5	0	0	22.7	10.0	10-Sep-24 06:19:34.047	
0	0	0	0	3	0	0	16	0	0	0	19.8	28.5	0	0	22.7	10.0	10-Sep-24 06:19:34.091	
0	0	0	1	3	0	0	27	0	0	0	19.8	28.5	0	0	22.7	10.0	10-Sep-24 06:19:34.136	
0	0	0	1	1	0	0	25	0	0	0	19.8	28.5	0	0	22.7	10.0	10-Sep-24 06:19:34.186	
0	0	0	1	4	0	0	20	0	0	0	19.8	28.5	0	0	22.7	10.0	10-Sep-24 06:19:34.222	
0	0	0	1	2	0	0	24	0	0	0	19.8	28.5	0	0	22.7	10.0	10-Sep-24 06:19:34.268	
0	0	0	0	3	0	0	26	0	0	0	19.8	28.5	0	0	22.7	10.0	10-Sep-24 06:19:34.311	
0	0	0	2	2	0	0	23	0	0	0	19.8	28.5	0	0	22.7	10.0	10-Sep-24 06:19:34.355	
0	0	0	1	3	0	0	26	0	0	0	19.8	28.5	0	0	22.7	10.0	10-Sep-24 06:19:34.399	
0	0	0	0	1	0	0	19	0	0	0	19.8	28.5	0	0	22.7	10.0	10-Sep-24 06:19:34.443	
0	0	0	0	1	0	0	20	0	0	0	19.8	28.5	0	0	22.7	10.0	10-Sep-24 06:19:34.488	
0	0	0	1	1	0	0	21	0	0	0	19.8	28.5	0	0	22.7	10.0	10-Sep-24 06:19:34.531	
0	0	0	1	3	0	0	19	0	0	0	19.8	28.5	0	0	22.7	10.0	10-Sep-24 06:19:34.576	
0	0	0	1	4	0	0	16	0	0	0	19.8	28.5	0	0	22.7	10.0	10-Sep-24 06:19:34.619	
0	0	0	1	2	0	0	22	0	0	0	19.8	28.5	0	0	22.7	10.0	10-Sep-24 06:19:34.672	
0	0	0	2	2	0	0	17	0	0	0	19.8	28.5	0	0	22.7	10.0	10-Sep-24 06:19:34.774	
0	0	0	1	2	0	0	17	0	0	0	19.8	28.5	0	0	22.7	10.0	10-Sep-24 06:19:34.819	
0	0	0	1	2	0	0	28	0	0	0	19.8	28.5	0	0	22.7	10.0	10-Sep-24 06:19:34.863	
0	0	0	0	2	0	0	23	0	0	0	19.8	28.5	0	0	22.7	10.0	10-Sep-24 06:19:34.907	
0	0	0	1	2	0	0	21	0	0	0	19.8	28.5	0	0	22.7	10.0	10-Sep-24 06:19:34.951	
0	0	0	1	4	0	0	21	0	0	0	19.8	28.5	0	0	22.7	10.0	10-Sep-24 06:19:34.995	
0	0	0	1	1	0	0	12	0	0	0	19.8	28.5	0	0	22.7	10.0	10-Sep-24 06:19:35.040	
0	0	0	2	3	0	0	13	0	0	0	19.8	28.5	0	0	22.7	10.0	10-Sep-24 06:19:35.084	
0	0	0	2	6	0	0	23	0	0	0	19.8	28.5	0	0	22.7	10.0	10-Sep-24 06:19:35.128	
0	0	0	1	1	0	0	20	0	0	0	19.8	28.5	0	0	22.7	10.0	10-Sep-24 06:19:35.179	
0	0	0	1	2	0	0	19	0	0	0	19.8	28.5	0	0	22.7	10.0	10-Sep-24 06:19:35.223	
0	0	0	1	2	0	0	28	0	0	0	19.8	28.5	0	0	22.7	10.0	10-Sep-24 06:19:35.267	
0	0	0	1	4	0	0	28	0	0	0	19.8	28.5	0	0	22.7	10.0	10-Sep-24 06:19:35.311	
0	0	0	0	1	0	0	32	0	0	0	19.8	28.5	0	0	22.7	10.0	10-Sep-24 06:19:35.356	
0	0	0	0	1	0	0	24	0	0	0	19.8	28.5	0	0	22.7	10.0	10-Sep-24 06:19:35.400	
0	0	0	0	2	0	0	19	0	0	0	19.8	28.5	0	0	22.7	10.0	10-Sep-24 06:19:35.441	
0	0	0	1	2	0	0	26	0	0	0	19.8	28.5	0	0	22.7	10.0	10-Sep-24 06:19:35.484	
0	0	0	1	2	0	0	22	0	0	0	19.8	28.5	0	0	22.7	10.0	10-Sep-24 06:19:35.527	
0	0	0	1	2	0	0	18	0	0	0	19.8	28.5	0	0	22.7	10.0	10-Sep-24 06:19:35.572	
0	0	0	1	1	0	0	18	0	0	0	19.8	28.5	0	0	22.7	10.0	10-Sep-24 06:19:35.616	
0	0	0	2	1	0	0	23	0	0	0	19.8	28.5	0	0	22.7	10.0	10-Sep-24 06:19:35.659	
0	0	0	0	1	0	0	26	0	0	0	19.8	28.5	0	0	22.7	10.0	10-Sep-24 06:19:35.707	
0	0	0	0	2	0	0	23	0	0	0	19.8	28.5	0	0	22.7	10.0	10-Sep-24 06:19:35.751	
0	0	0	0	0	0	0	24	0	0	0	19.8	28.5	0	0	22.7	10.0	10-Sep-24 06:19:35.854	
0	0	0	1	3	0	0	26	0	0	0	19.8	28.5	0	0	22.7	10.0	10-Sep-24 06:19:35.900	
0	0	0	2	2	0	0	13	0	0	0	19.8	28.5	0	0	22.7	10.0	10-Sep-24 06:19:35.943	
0	0	0	1	1	0	0	10	0	0	0	19.8	28.5	0	0	22.7	10.0	10-Sep-24 06:19:35.987	
0	0	0	1	1	0	0	30	0	0	0	19.8	28.5	0	0	22.7	10.0	10-Sep-24 06:19:36.031	
0	0	0	0	2	0	0	26	0	0	0	19.8	28.5	0	0	22.7	10.0	10-Sep-24 06:19:36.075	
0	0	0	1	1	0	0	18	0	0	0	19.8	28.5	0	0	22.7	10.0	10-Sep-24 06:19:36.120	
0	0	0	0	1	0	0	22	0	0	0	19.8	28.5	0	0	22.7	10.0	10-Sep-24 06:19:36.163	
0	0	0	1	1	0	0	21	0	0	0	19.8	28.5	0	0	22.7	10.0	10-Sep-24 06:19:36.214	
0	0	0	3	3	0	0	34	0	0	0	19.8	28.5	0	0	22.7	10.0	10-Sep-24 06:19:36.260	
0	0	0	0	4	0	0	21	0	0	0	19.8	28.5	0	0	22.7	10.0	10-Sep-24 06:19:36.304	
0	0	0	1	2	0	0	12	0	0	0	19.8	28.5	0	0	22.7	10.0	10-Sep-24 06:19:36.347	
0	0	0	1	1	0	0	27	0	0	0	19.8	28.5	0	0	22.7	10.0	10-Sep-24 06:19:36.392	
0	0	0	2	4	0	0	24	0	0	0	19.8	28.5	0	0	22.7	10.0	10-Sep-24 06:19:36.435	
0	0	0	0	3	0	0	28	0	0	0	19.8	28.5	0	0	22.7	10.0	10-Sep-24 06:19:36.480	
0	0	0	0	2	0	0	31	0	0	0	19.8	28.5	0	0	22.7	10.0	10-Sep-24 06:19:36.524	
0	0	0	1	2	0	0	21	0	0	0	19.8	28.5	0	0	22.7	10.0	10-Sep-24 06:19:36.567	
0	0	0	1	1	0	0	23	0	0	0	19.8	28.5	0	0	22.7	10.0	10-Sep-24 06:19:36.612	
0	0	0	2	2	0	0	25	0	0	0	19.8	28.5	0	0	22.7	10.0	10-Sep-24 06:19:36.655	
0	0	0	1	2	0	0	30	0	0	0	19.8	28.5	0	0	22.7	10.0	10-Sep-24 06:19:36.705	
0	0	0	0	3	0	0	15	0	0	0	19.8	28.5	0	0	22.7	10.0	10-Sep-24 06:19:36.752	
0	0	0	1	1	0	0	22	0	0	0	19.8	28.5	0	0	22.7	10.0	10-Sep-24 06:19:36.795	
0	0	0	2	3	0	0	22	0	0	0	19.8	28.5	0	0	22.7	10.0	10-Sep-24 06:19:36.840	
0	0	0	1	1	0	0	25	0	0	0	19.8	28.5	0	0	22.7	10.0	10-Sep-24 06:19:36.968	
0	0	0	1	2	0	0	30	0	0	0	19.8	28.5	0	0	22.7	10.0	10-Sep-24 06:19:37.049	
0	0	0	2	3	0	0	24	0	0	0	19.8	28.5	0	0	22.7	10.0	10-Sep-24 06:19:37.114	
0	0	0	1	2	0	0	21	0	0	0	19.8	28.5	0	0	22.7	10.0	10-Sep-24 06:19:37.160	
0	0	0	2	2	0	0	24	0	0	0	19.8	28.5	0	0	22.7	10.0	10-Sep-24 06:19:37.203	
0	0	0	1	2	0	0	20	0	0	0	19.8	28.5	0	0	22.7	10.0	10-Sep-24 06:19:37.254	
0	0	0	1	1	0	0	18	0	0	0	19.8	28.5	0	0	22.7	10.0	10-Sep-24 06:19:37.300	
0	0	0	0	1	0	0	22	0	0	0	19.8	28.5	0	0	22.7	10.0	10-Sep-24 06:19:37.344	
0	0	0	2	1	0	0	26	0	0	0	19.8	28.5	0	0	22.7	10.0	10-Sep-24 06:19:37.388	
0	0	0	1	2	0	0	18	0	0	0	19.8	28.5	0	0	22.7	10.0	10-Sep-24 06:19:37.431	
0	0	0	2	1	0	0	33	0	0	0	19.8	28.5	0	0	22.7	10.0	10-Sep-24 06:19:37.476	
0	0	0	0	1	0	0	14	0	0	0	19.8	28.5	0	0	22.7	10.0	10-Sep-24 06:19:37.519	
0	0	0	2	2	0	0	30	0	0	0	19.8	28.5	0	0	22.7	10.0	10-Sep-24 06:19:37.564	
0	0	0	0	3	0	0	23	0	0	0	19.8	28.5	0	0	22.7	10.0	10-Sep-24 06:19:37.607	
0	0	0	1	4	0	0	25	0	0	0	19.8	28.5	0	0	22.7	10.0	10-Sep-24 06:19:37.652	
0	0	0	1	4	0	0	26	0	0	0	19.8	28.5	0	0	22.7	10.0	10-Sep-24 06:19:37.695	
0	0	0	0	1	0	0	23	0	0	0	19.8	28.5	0	0	22.7	10.0	10-Sep-24 06:19:37.745	
0	0	0	1	2	0	0	23	0	0	0	19.8	28.5	0	0	22.7	10.0	10-Sep-24 06:19:37.793	
0	0	0	1	4	0	0	22	0	0	0	19.8	28.5	0	0	22.7	10.0	10-Sep-24 06:19:37.835	
0	0	0	3	1	0	0	32	0	0	0	19.8	28.5	0	0	22.7	10.0	10-Sep-24 06:19:37.880	
0	0	0	2	2	0	0	18	0	0	0	19.8	28.5	0	0	22.7	10.0	10-Sep-24 06:19:37.923	
0	0	0	1	2	0	0	16	0	0	0	19.8	28.5	0	0	22.7	10.0	10-Sep-24 06:19:38.027	
0	0	0	1	1	0	0	20	0	0	0	19.8	28.5	0	0	22.7	10.0	10-Sep-24 06:19:38.071	
0	0	0	1	1	0	0	19	0	0	0	19.8	28.5	0	0	22.7	10.0	10-Sep-24 06:19:38.116	
0	0	0	2	2	0	0	26	0	0	0	19.8	28.5	0	0	22.7	10.0	10-Sep-24 06:19:38.160	
0	0	0	0	3	0	0	24	0	0	0	19.8	28.5	0	0	22.7	10.0	10-Sep-24 06:19:38.204	
0	0	0	3	2	0	0	15	0	0	0	19.8	28.5	0	0	22.7	10.0	10-Sep-24 06:19:38.246	
0	0	0	2	2	0	0	20	0	0	0	19.8	28.5	0	0	22.7	10.0	10-Sep-24 06:19:38.287	
0	0	0	1	2	0	0	14	0	0	0	19.8	28.5	0	0	22.7	10.0	10-Sep-24 06:19:38.332	
0	0	0	1	2	0	0	20	0	0	0	19.8	28.5	0	0	22.7	10.0	10-Sep-24 06:19:38.376	
0	0	0	0	2	0	0	15	0	0	0	19.8	28.5	0	0	22.7	10.0	10-Sep-24 06:19:38.420	
0	0	0	1	1	0	0	20	0	0	0	19.8	28.5	0	0	22.7	10.0	10-Sep-24 06:19:38.463	
0	0	0	1	2	0	0	27	0	0	0	19.8	28.5	0	0	22.7	10.0	10-Sep-24 06:19:38.507	
0	0	0	0	3	0	0	20	0	0	0	19.8	28.5	0	0	22.7	10.0	10-Sep-24 06:19:38.551	
0	0	0	1	1	0	0	20	0	0	0	19.8	28.5	0	0	22.7	10.0	10-Sep-24 06:19:38.587	
0	0	0	0	1	0	0	16	0	0	0	19.8	28.5	0	0	22.7	10.0	10-Sep-24 06:19:38.631	
0	0	0	1	1	0	0	34	0	0	0	19.8	28.5	0	0	22.7	10.0	10-Sep-24 06:19:38.675	
0	0	0	1	1	0	0	22	0	0	0	19.8	28.5	0	0	22.7	10.0	10-Sep-24 06:19:38.720	
0	0	0	1	4	0	0	20	0	0	0	19.8	28.5	0	0	22.7	10.0	10-Sep-24 06:19:38.768	
0	0	0	0	1	0	0	25	0	0	0	19.8	28.5	0	0	22.7	10.0	10-Sep-24 06:19:38.816	
0	0	0	0	1	0	0	25	0	0	0	19.8	28.5	0	0	22.7	10.0	10-Sep-24 06:19:38.858	
0	0	0	0	2	0	0	38	0	0	0	19.8	28.5	0	0	22.7	10.0	10-Sep-24 06:19:38.899	
0	0	0	1	4	0	0	17	0	0	0	19.8	28.5	0	0	22.7	10.0	10-Sep-24 06:19:38.944	
0	0	0	1	2	0	0	16	0	0	0	19.8	28.5	0	0	22.7	10.0	10-Sep-24 06:19:38.988	
0	0	0	0	1	0	0	18	0	0	0	19.8	28.5	0	0	22.7	10.0	10-Sep-24 06:19:39.089	
0	0	0	2	3	0	0	20	0	0	0	19.8	28.5	0	0	22.7	10.0	10-Sep-24 06:19:39.136	
0	0	0	1	2	0	0	17	0	0	0	19.8	28.5	0	0	22.7	10.0	10-Sep-24 06:19:39.180	
0	0	0	1	1	0	0	17	0	0	0	19.8	28.5	0	0	22.7	10.0	10-Sep-24 06:19:39.223	
0	0	0	0	3	0	0	23	0	0	0	19.8	28.5	0	0	22.7	10.0	10-Sep-24 06:19:39.274	
0	0	0	2	1	0	0	19	0	0	0	19.8	28.5	0	0	22.7	10.0	10-Sep-24 06:19:39.320	
0	0	0	0	2	0	0	32	0	0	0	19.8	28.5	0	0	22.7	10.0	10-Sep-24 06:19:39.364	
0	0	0	1	1	0	0	24	0	0	0	19.8	28.5	0	0	22.7	10.0	10-Sep-24 06:19:39.408	
0	0	0	0	1	0	0	21	0	0	0	19.8	28.5	0	0	22.7	10.0	10-Sep-24 06:19:39.452	
0	0	0	1	3	0	0	27	0	0	0	19.8	28.5	0	0	22.7	10.0	10-Sep-24 06:19:39.496	
0	0	0	1	2	0	0	29	0	0	0	19.8	28.5	0	0	22.7	10.0	10-Sep-24 06:19:39.539	
0	0	0	1	2	0	0	26	0	0	0	19.8	28.5	0	0	22.7	10.0	10-Sep-24 06:19:39.584	
0	0	0	1	3	0	0	27	0	0	0	19.8	28.5	0	0	22.7	10.0	10-Sep-24 06:19:39.628	
0	0	0	2	5	0	0	18	0	0	0	19.8	28.5	0	0	22.7	10.0	10-Sep-24 06:19:39.671	
0	0	0	1	1	0	0	15	0	0	0	19.8	28.5	0	0	22.7	10.0	10-Sep-24 06:19:39.715	
0	0	0	3	1	0	0	20	0	0	0	19.8	28.5	0	0	22.7	10.0	10-Sep-24 06:19:39.765	
0	0	0	0	1	0	0	21	0	0	0	19.8	28.5	0	0	22.7	10.0	10-Sep-24 06:19:39.813	
0	0	0	0	2	0	0	25	0	0	0	19.8	28.5	0	0	22.7	10.0	10-Sep-24 06:19:39.855	
0	0	0	1	1	0	0	17	0	0	0	19.8	28.5	0	0	22.7	10.0	10-Sep-24 06:19:39.899	
0	0	0	1	3	0	0	32	0	0	0	19.8	28.5	0	0	22.7	10.0	10-Sep-24 06:19:39.943	
0	0	0	2	1	0	0	26	0	0	0	19.8	28.5	0	0	22.7	10.0	10-Sep-24 06:19:39.987	
0	0	0	1	2	0	0	23	0	0	0	19.8	28.5	0	0	22.7	10.0	10-Sep-24 06:19:40.032	
0	0	0	1	3	0	0	19	0	0	0	19.8	28.5	0	0	22.7	10.0	10-Sep-24 06:19:40.075	
0	0	0	0	4	0	0	19	0	0	0	19.8	28.5	0	0	22.7	10.0	10-Sep-24 06:19:40.178	
0	0	0	1	3	0	0	15	0	0	0	19.8	28.5	0	0	22.7	10.0	10-Sep-24 06:19:40.224	
0	0	0	1	1	0	0	17	0	0	0	19.8	28.5	0	0	22.7	10.0	10-Sep-24 06:19:40.275	
0	0	0	2	2	0	0	20	0	0	0	19.8	28.5	0	0	22.7	10.0	10-Sep-24 06:19:40.320	
0	0	0	1	1	0	0	16	0	0	0	19.8	28.5	0	0	22.7	10.0	10-Sep-24 06:19:40.363	
0	0	0	2	2	0	0	20	0	0	0	19.8	28.5	0	0	22.7	10.0	10-Sep-24 06:19:40.408	
0	0	0	2	2	0	0	28	0	0	0	19.8	28.5	0	0	22.7	10.0	10-Sep-24 06:19:40.452	
0	0	0	1	3	0	0	18	0	0	0	19.8	28.5	0	0	22.7	10.0	10-Sep-24 06:19:40.495	
0	0	0	1	2	0	0	30	0	0	0	19.8	28.5	0	0	22.7	10.0	10-Sep-24 06:19:40.539	
0	0	0	0	3	0	0	28	0	0	0	19.8	28.5	0	0	22.7	10.0	10-Sep-24 06:19:40.583	
0	0	0	2	1	0	0	25	0	0	0	19.8	28.5	0	0	22.7	10.0	10-Sep-24 06:19:40.628	
0	0	0	2	2	0	0	16	0	0	0	19.8	28.5	0	0	22.7	10.0	10-Sep-24 06:19:40.672	
0	0	0	1	3	0	0	18	0	0	0	19.8	28.5	0	0	22.7	10.0	10-Sep-24 06:19:40.715	
0	0	0	1	3	0	0	22	0	0	0	19.8	28.5	0	0	22.7	10.0	10-Sep-24 06:19:40.759	
0	0	0	2	4	0	0	16	0	0	0	19.8	28.5	0	0	22.7	10.0	10-Sep-24 06:19:40.810	
0	0	0	0	1	0	0	24	0	0	0	19.8	28.5	0	0	22.7	10.0	10-Sep-24 06:19:40.851	
0	0	0	1	1	0	0	30	0	0	0	19.8	28.5	0	0	22.7	10.0	10-Sep-24 06:19:40.894	
0	0	0	0	5	0	0	18	0	0	0	19.8	28.5	0	0	22.7	10.0	10-Sep-24 06:19:40.936	
0	0	0	0	6	0	0	29	0	0	0	19.8	28.5	0	0	22.7	10.0	10-Sep-24 06:19:40.973	
0	0	0	0	1	0	0	25	0	0	0	19.8	28.5	0	0	22.7	10.0	10-Sep-24 06:19:41.015	
0	0	0	0	1	0	0	20	0	0	0	19.8	28.5	0	0	22.7	10.0	10-Sep-24 06:19:41.059	
0	0	0	2	2	0	0	26	0	0	0	19.8	28.5	0	0	22.7	10.0	10-Sep-24 06:19:41.103	
0	0	0	1	3	0	0	19	0	0	0	19.8	28.5	0	0	22.7	10.0	10-Sep-24 06:19:41.148	
0	0	0	1	1	0	0	14	0	0	0	19.8	28.5	0	0	22.7	10.0	10-Sep-24 06:19:41.250	
0	0	0	2	2	0	0	29	0	0	0	19.8	28.5	0	0	22.7	10.0	10-Sep-24 06:19:41.303	
0	0	0	1	2	0	0	18	0	0	0	19.8	28.5	0	0	22.7	10.0	10-Sep-24 06:19:41.348	
0	0	0	1	1	0	0	26	0	0	0	19.8	28.5	0	0	22.7	10.0	10-Sep-24 06:19:41.391	
0	0	0	0	2	0	0	28	0	0	0	19.8	28.5	0	0	22.7	10.0	10-Sep-24 06:19:41.435	
0	0	0	0	2	0	0	18	0	0	0	19.8	28.5	0	0	22.7	10.0	10-Sep-24 06:19:41.480	
0	0	0	1	1	0	0	25	0	0	0	19.8	28.5	0	0	22.7	10.0	10-Sep-24 06:19:41.523	
0	0	0	1	4	0	0	20	0	0	0	19.8	28.5	0	0	22.7	10.0	10-Sep-24 06:19:41.568	
0	0	0	0	3	0	0	20	0	0	0	19.8	28.5	0	0	22.7	10.0	10-Sep-24 06:19:41.611	
0	0	0	0	2	0	0	16	0	0	0	19.8	28.5	0	0	22.7	10.0	10-Sep-24 06:19:41.655	
0	0	0	0	2	0	0	11	0	0	0	19.8	28.5	0	0	22.7	10.0	10-Sep-24 06:19:41.700	
0	0	0	2	3	0	0	25	0	0	0	19.8	28.5	0	0	22.7	10.0	10-Sep-24 06:19:41.743	
0	0	0	1	1	0	0	23	0	0	0	19.8	28.5	0	0	22.7	10.0	10-Sep-24 06:19:41.788	
0	0	0	1	1	0	0	18	0	0	0	19.8	28.5	0	0	22.7	10.0	10-Sep-24 06:19:41.837	
0	0	0	0	2	0	0	15	0	0	0	19.8	28.5	0	0	22.7	10.0	10-Sep-24 06:19:41.880	
0	0	0	0	1	0	0	25	0	0	0	19.8	28.5	0	0	22.7	10.0	10-Sep-24 06:19:41.923	
0	0	0	1	2	0	0	26	0	0	0	19.8	28.5	0	0	22.7	10.0	10-Sep-24 06:19:41.968	
0	0	0	2	1	0	0	20	0	0	0	19.8	28.5	0	0	22.7	10.0	10-Sep-24 06:19:42.012	
0	0	0	1	2	0	0	24	0	0	0	19.8	28.5	0	0	22.7	10.0	10-Sep-24 06:19:42.055	
0	0	0	1	3	0	0	28	0	0	0	19.8	28.5	0	0	22.7	10.0	10-Sep-24 06:19:42.100	
0	0	0	1	2	0	0	16	0	0	0	19.8	28.5	0	0	22.7	10.0	10-Sep-24 06:19:42.158	
0	0	0	1	5	0	0	15	0	0	0	19.8	28.5	0	0	22.7	10.0	10-Sep-24 06:19:42.242	
0	0	0	1	1	0	0	22	0	0	0	19.8	28.5	0	0	22.7	10.0	10-Sep-24 06:19:42.386	
0	0	0	2	1	0	0	14	0	0	0	19.8	28.5	0	0	22.7	10.0	10-Sep-24 06:19:42.428	
0	0	0	1	1	0	0	24	0	0	0	19.8	28.5	0	0	22.7	10.0	10-Sep-24 06:19:42.471	
0	0	0	2	2	0	0	25	0	0	0	19.8	28.5	0	0	22.7	10.0	10-Sep-24 06:19:42.516	
0	0	0	1	2	0	0	19	0	0	0	19.8	28.5	0	0	22.7	10.0	10-Sep-24 06:19:42.560	
0	0	0	1	3	0	0	20	0	0	0	19.8	28.5	0	0	22.7	10.0	10-Sep-24 06:19:42.604	
0	0	0	2	1	0	0	16	0	0	0	19.8	28.5	0	0	22.7	10.0	10-Sep-24 06:19:42.647	
0	0	0	1	3	0	0	29	0	0	0	19.8	28.5	0	0	22.7	10.0	10-Sep-24 06:19:42.691	
0	0	0	1	2	0	0	27	0	0	0	19.8	28.5	0	0	22.7	10.0	10-Sep-24 06:19:42.737	
0	0	0	2	1	0	0	18	0	0	0	19.8	28.5	0	0	22.7	10.0	10-Sep-24 06:19:42.780	
0	0	0	0	3	0	0	24	0	0	0	19.8	28.5	0	0	22.7	10.0	10-Sep-24 06:19:42.831	
0	0	0	1	2	0	0	16	0	0	0	19.8	28.5	0	0	22.7	10.0	10-Sep-24 06:19:42.876	
0	0	0	1	2	0	0	20	0	0	0	19.8	28.5	0	0	22.7	10.0	10-Sep-24 06:19:42.919	
0	0	0	0	2	0	0	25	0	0	0	19.8	28.5	0	0	22.7	10.0	10-Sep-24 06:19:42.964	
0	0	0	0	2	0	0	27	0	0	0	19.8	28.5	0	0	22.7	10.0	10-Sep-24 06:19:43.008	
0	0	0	1	1	0	0	19	0	0	0	19.8	28.5	0	0	22.7	10.0	10-Sep-24 06:19:43.052	
0	0	0	0	2	0	0	18	0	0	0	19.8	28.5	0	0	22.7	10.0	10-Sep-24 06:19:43.095	
0	0	0	0	2	0	0	29	0	0	0	19.8	28.5	0	0	22.7	10.0	10-Sep-24 06:19:43.140	
0	0	0	2	2	0	0	11	0	0	0	19.8	28.5	0	0	22.7	10.0	10-Sep-24 06:19:43.183	
0	0	0	0	3	0	0	22	0	0	0	19.8	28.5	0	0	22.7	10.0	10-Sep-24 06:19:43.228	
0	0	0	0	1	0	0	15	0	0	0	19.8	28.5	0	0	22.7	10.0	10-Sep-24 06:19:43.272	
0	0	0	1	2	0	0	18	0	0	0	19.8	28.5	0	0	22.7	10.0	10-Sep-24 06:19:43.320	
0	0	0	1	2	0	0	21	0	0	0	19.8	28.5	0	0	22.7	10.0	10-Sep-24 06:19:43.370	
0	0	0	2	1	0	0	19	0	0	0	19.8	28.5	0	0	22.7	10.0	10-Sep-24 06:19:43.466	
0	0	0	2	1	0	0	14	0	0	0	19.8	28.5	0	0	22.7	10.0	10-Sep-24 06:19:43.507	
0	0	0	0	4	0	0	18	0	0	0	19.8	28.5	0	0	22.7	10.0	10-Sep-24 06:19:43.552	
0	0	0	1	1	0	0	18	0	0	0	19.8	28.5	0	0	22.7	10.0	10-Sep-24 06:19:43.596	
0	0	0	1	3	0	0	22	0	0	0	19.8	28.5	0	0	22.7	10.0	10-Sep-24 06:19:43.639	
0	0	0	1	2	0	0	23	0	0	0	19.8	28.5	0	0	22.7	10.0	10-Sep-24 06:19:43.684	
0	0	0	2	2	0	0	27	0	0	0	19.8	28.5	0	0	22.7	10.0	10-Sep-24 06:19:43.727	
0	0	0	1	4	0	0	21	0	0	0	19.8	28.5	0	0	22.7	10.0	10-Sep-24 06:19:43.771	
0	0	0	2	4	0	0	15	0	0	0	19.8	28.5	0	0	22.7	10.0	10-Sep-24 06:19:43.815	
0	0	0	0	5	0	0	19	0	0	0	19.8	28.5	0	0	22.7	10.0	10-Sep-24 06:19:43.867	
0	0	0	1	1	0	0	19	0	0	0	19.8	28.5	0	0	22.7	10.0	10-Sep-24 06:19:43.912	
0	0	0	1	2	0	0	21	0	0	0	19.8	28.5	0	0	22.7	10.0	10-Sep-24 06:19:43.956	
0	0	0	0	2	0	0	20	0	0	0	19.8	28.5	0	0	22.7	10.0	10-Sep-24 06:19:43.999	
0	0	0	1	1	0	0	20	0	0	0	19.8	28.5	0	0	22.7	10.0	10-Sep-24 06:19:44.043	
0	0	0	1	2	0	0	18	0	0	0	19.8	28.5	0	0	22.7	10.0	10-Sep-24 06:19:44.087	
0	0	0	1	2	0	0	25	0	0	0	19.8	28.5	0	0	22.7	10.0	10-Sep-24 06:19:44.131	
0	0	0	0	4	0	0	24	0	0	0	19.8	28.5	0	0	22.7	10.0	10-Sep-24 06:19:44.175	
0	0	0	1	2	0	0	19	0	0	0	19.8	28.5	0	0	22.7	10.0	10-Sep-24 06:19:44.220	
0	0	0	1	3	0	0	17	0	0	0	19.8	28.5	0	0	22.7	10.0	10-Sep-24 06:19:44.263	
0	0	0	3	3	0	0	24	0	0	0	19.8	28.5	0	0	22.7	10.0	10-Sep-24 06:19:44.308	
0	0	0	0	1	0	0	19	0	0	0	19.8	28.5	0	0	22.7	10.0	10-Sep-24 06:19:44.355	
0	0	0	1	1	0	0	24	0	0	0	19.8	28.5	0	0	22.7	10.0	10-Sep-24 06:19:44.399	
0	0	0	2	3	0	0	27	0	0	0	19.8	28.5	0	0	22.7	10.0	10-Sep-24 06:19:44.444	
0	0	0	0	1	0	0	24	0	0	0	19.8	28.5	0	0	22.7	10.0	10-Sep-24 06:19:44.547	
0	0	0	1	2	0	0	28	0	0	0	19.8	28.5	0	0	22.7	10.0	10-Sep-24 06:19:44.591	
0	0	0	1	2	0	0	18	0	0	0	19.8	28.5	0	0	22.7	10.0	10-Sep-24 06:19:44.636	
0	0	0	1	1	0	0	24	0	0	0	19.8	28.5	0	0	22.7	10.0	10-Sep-24 06:19:44.679	
0	0	0	0	2	0	0	24	0	0	0	19.8	28.5	0	0	22.7	10.0	10-Sep-24 06:19:44.724	
0	0	0	1	3	0	0	20	0	0	0	19.8	28.5	0	0	22.7	10.0	10-Sep-24 06:19:44.768	
0	0	0	1	4	0	0	25	0	0	0	19.8	28.5	0	0	22.7	10.0	10-Sep-24 06:19:44.812	
0	0	0	1	3	0	0	18	0	0	0	19.8	28.5	0	0	22.7	10.0	10-Sep-24 06:19:44.860	
0	0	0	1	1	0	0	24	0	0	0	19.8	28.5	0	0	22.7	10.0	10-Sep-24 06:19:44.907	
0	0	0	2	2	0	0	21	0	0	0	19.8	28.5	0	0	22.7	10.0	10-Sep-24 06:19:44.952	
0	0	0	1	2	0	0	30	0	0	0	19.8	28.5	0	0	22.7	10.0	10-Sep-24 06:19:44.995	
0	0	0	1	2	0	0	27	0	0	0	19.8	28.5	0	0	22.7	10.0	10-Sep-24 06:19:45.040	
0	0	0	2	2	0	0	25	0	0	0	19.8	28.5	0	0	22.7	10.0	10-Sep-24 06:19:45.083	
0	0	0	0	1	0	0	24	0	0	0	19.8	28.5	0	0	22.7	10.0	10-Sep-24 06:19:45.128	
0	0	0	1	1	0	0	16	0	0	0	19.8	28.5	0	0	22.7	10.0	10-Sep-24 06:19:45.172	
0	0	0	2	3	0	0	16	0	0	0	19.8	28.5	0	0	22.7	10.0	10-Sep-24 06:19:45.215	
0	0	0	1	2	0	0	21	0	0	0	19.8	28.5	0	0	22.7	10.0	10-Sep-24 06:19:45.260	
0	0	0	1	3	0	0	25	0	0	0	19.8	28.5	0	0	22.7	10.0	10-Sep-24 06:19:45.303	
0	0	0	2	1	0	0	20	0	0	0	19.8	28.5	0	0	22.7	10.0	10-Sep-24 06:19:45.348	
0	0	0	0	1	0	0	24	0	0	0	19.8	28.5	0	0	22.7	10.0	10-Sep-24 06:19:45.403	
0	0	0	1	4	0	0	19	0	0	0	19.8	28.5	0	0	22.7	10.0	10-Sep-24 06:19:45.446	
0	0	0	0	3	0	0	19	0	0	0	19.8	28.5	0	0	22.7	10.0	10-Sep-24 06:19:45.482	
0	0	0	1	3	0	0	21	0	0	0	19.8	28.5	0	0	22.7	10.0	10-Sep-24 06:19:45.519	
0	0	0	0	1	0	0	16	0	0	0	19.8	28.5	0	0	22.7	10.0	10-Sep-24 06:19:45.623	
0	0	0	2	3	0	0	24	0	0	0	19.8	28.5	0	0	22.7	10.0	10-Sep-24 06:19:45.668	
0	0	0	1	4	0	0	13	0	0	0	19.8	28.5	0	0	22.7	10.0	10-Sep-24 06:19:45.711	
0	0	0	1	3	0	0	27	0	0	0	19.8	28.5	0	0	22.7	10.0	10-Sep-24 06:19:45.756	
0	0	0	0	3	0	0	24	0	0	0	19.8	28.5	0	0	22.7	10.0	10-Sep-24 06:19:45.800	
0	0	0	3	2	0	0	26	0	0	0	19.8	28.5	0	0	22.7	10.0	10-Sep-24 06:19:45.843	
0	0	0	1	1	0	0	16	0	0	0	19.8	28.5	0	0	22.7	10.0	10-Sep-24 06:19:45.895	
0	0	0	1	1	0	0	18	0	0	0	19.8	28.5	0	0	22.7	10.0	10-Sep-24 06:19:45.940	
0	0	0	2	2	0	0	25	0	0	0	19.8	28.5	0	0	22.7	10.0	10-Sep-24 06:19:45.984	
0	0	0	1	3	0	0	25	0	0	0	19.8	28.5	0	0	22.7	10.0	10-Sep-24 06:19:46.027	
0	0	0	1	3	0	0	18	0	0	0	19.8	28.5	0	0	22.7	10.0	10-Sep-24 06:19:46.072	
0	0	0	0	1	0	0	23	0	0	0	19.8	28.5	0	0	22.7	10.0	10-Sep-24 06:19:46.115	
0	0	0	2	1	0	0	19	0	0	0	19.8	28.5	0	0	22.7	10.0	10-Sep-24 06:19:46.159	
0	0	0	1	1	0	0	20	0	0	0	19.8	28.5	0	0	22.7	10.0	10-Sep-24 06:19:46.204	
0	0	0	0	3	0	0	15	0	0	0	19.8	28.5	0	0	22.7	10.0	10-Sep-24 06:19:46.247	
0	0	0	1	2	0	0	20	0	0	0	19.8	28.5	0	0	22.7	10.0	10-Sep-24 06:19:46.292	
0	0	0	1	1	0	0	26	0	0	0	19.8	28.5	0	0	22.7	10.0	10-Sep-24 06:19:46.335	
0	0	0	0	1	0	0	19	0	0	0	19.8	28.5	0	0	22.7	10.0	10-Sep-24 06:19:46.380	
0	0	0	1	1	0	0	19	0	0	0	19.8	28.5	0	0	22.7	10.0	10-Sep-24 06:19:46.434	
0	0	0	1	1	0	0	25	0	0	0	19.8	28.5	0	0	22.7	10.0	10-Sep-24 06:19:46.470	
0	0	0	1	1	0	0	19	0	0	0	19.8	28.5	0	0	22.7	10.0	10-Sep-24 06:19:46.511	
0	0	0	0	1	0	0	19	0	0	0	19.8	28.5	0	0	22.7	10.0	10-Sep-24 06:19:46.556	
0	0	0	0	1	0	0	21	0	0	0	19.8	28.5	0	0	22.7	10.0	10-Sep-24 06:19:46.600	
0	0	0	0	1	0	0	27	0	0	0	19.8	28.5	0	0	22.7	10.0	10-Sep-24 06:19:46.702	
0	0	0	2	2	0	0	18	0	0	0	19.8	28.5	0	0	22.7	10.0	10-Sep-24 06:19:46.739	
0	0	0	1	2	0	0	28	0	0	0	19.8	28.5	0	0	22.7	10.0	10-Sep-24 06:19:46.783	
0	0	0	3	3	0	0	26	0	0	0	19.8	28.5	0	0	22.7	10.0	10-Sep-24 06:19:46.828	
0	0	0	1	2	0	0	30	0	0	0	19.8	28.5	0	0	22.7	10.0	10-Sep-24 06:19:46.871	
0	0	0	1	1	0	0	23	0	0	0	19.8	28.5	0	0	22.7	10.0	10-Sep-24 06:19:46.920	
0	0	0	1	3	0	0	15	0	0	0	19.8	28.5	0	0	22.7	10.0	10-Sep-24 06:19:46.967	
0	0	0	0	2	0	0	16	0	0	0	19.8	28.5	0	0	22.7	10.0	10-Sep-24 06:19:47.012	
0	0	0	0	1	0	0	24	0	0	0	19.8	28.5	0	0	22.7	10.0	10-Sep-24 06:19:47.056	
0	0	0	1	2	0	0	17	0	0	0	19.8	28.5	0	0	22.7	10.0	10-Sep-24 06:19:47.099	
0	0	0	1	2	0	0	30	0	0	0	19.8	28.5	0	0	22.7	10.0	10-Sep-24 06:19:47.143	
0	0	0	0	1	0	0	21	0	0	0	19.8	28.5	0	0	22.7	10.0	10-Sep-24 06:19:47.186	
0	0	0	1	0	0	0	24	0	0	0	19.8	28.5	0	0	22.7	10.0	10-Sep-24 06:19:47.224	
0	0	0	1	3	0	0	22	0	0	0	19.8	28.5	0	0	22.7	10.0	10-Sep-24 06:19:47.267	
0	0	0	0	1	0	0	30	0	0	0	19.8	28.5	0	0	22.7	10.0	10-Sep-24 06:19:47.312	
0	0	0	0	2	0	0	23	0	0	0	19.8	28.5	0	0	22.7	10.0	10-Sep-24 06:19:47.389	
0	0	0	0	1	0	0	21	0	0	0	19.8	28.5	0	0	22.7	10.0	10-Sep-24 06:19:47.494	
0	0	0	1	2	0	0	20	0	0	0	19.8	28.5	0	0	22.7	10.0	10-Sep-24 06:19:47.553	
0	0	0	0	2	0	0	20	0	0	0	19.8	28.5	0	0	22.7	10.0	10-Sep-24 06:19:47.596	
0	0	0	1	2	0	0	32	0	0	0	19.8	28.5	0	0	22.7	10.0	10-Sep-24 06:19:47.639	
0	0	0	1	2	0	0	22	0	0	0	19.8	28.5	0	0	22.7	10.0	10-Sep-24 06:19:47.683	
0	0	0	2	4	0	0	29	0	0	0	19.8	28.5	0	0	22.7	10.0	10-Sep-24 06:19:47.786	
0	0	0	2	3	0	0	21	0	0	0	19.8	28.5	0	0	22.7	10.0	10-Sep-24 06:19:47.823	
0	0	0	2	2	0	0	27	0	0	0	19.8	28.5	0	0	22.7	10.0	10-Sep-24 06:19:47.867	
0	0	0	1	2	0	0	18	0	0	0	19.8	28.5	0	0	22.7	10.0	10-Sep-24 06:19:47.912	
0	0	0	1	3	0	0	22	0	0	0	19.8	28.5	0	0	22.7	10.0	10-Sep-24 06:19:47.964	
0	0	0	0	1	0	0	24	0	0	0	19.8	28.5	0	0	22.7	10.0	10-Sep-24 06:19:48.009	
0	0	0	1	2	0	0	19	0	0	0	19.8	28.5	0	0	22.7	10.0	10-Sep-24 06:19:48.052	
0	0	0	1	2	0	0	14	0	0	0	19.8	28.5	0	0	22.7	10.0	10-Sep-24 06:19:48.095	
0	0	0	1	2	0	0	18	0	0	0	19.8	28.5	0	0	22.7	10.0	10-Sep-24 06:19:48.139	
0	0	0	1	2	0	0	29	0	0	0	19.8	28.5	0	0	22.7	10.0	10-Sep-24 06:19:48.183	
0	0	0	2	3	0	0	26	0	0	0	19.8	28.5	0	0	22.7	10.0	10-Sep-24 06:19:48.228	
0	0	0	1	1	0	0	19	0	0	0	19.8	28.5	0	0	22.7	10.0	10-Sep-24 06:19:48.272	
0	0	0	0	2	0	0	20	0	0	0	19.8	28.5	0	0	22.7	10.0	10-Sep-24 06:19:48.315	
0	0	0	0	1	0	0	20	0	0	0	19.8	28.5	0	0	22.7	10.0	10-Sep-24 06:19:48.359	
0	0	0	2	1	0	0	28	0	0	0	19.8	28.5	0	0	22.7	10.0	10-Sep-24 06:19:48.403	
0	0	0	1	2	0	0	25	0	0	0	19.8	28.5	0	0	22.7	10.0	10-Sep-24 06:19:48.455	
0	0	0	1	2	0	0	33	0	0	0	19.8	28.5	0	0	22.7	10.0	10-Sep-24 06:19:48.495	
0	0	0	2	1	0	0	22	0	0	0	19.8	28.5	0	0	22.7	10.0	10-Sep-24 06:19:48.540	
0	0	0	0	3	0	0	24	0	0	0	19.8	28.5	0	0	22.7	10.0	10-Sep-24 06:19:48.583	
0	0	0	1	2	0	0	28	0	0	0	19.8	28.5	0	0	22.7	10.0	10-Sep-24 06:19:48.628	
0	0	0	1	3	0	0	21	0	0	0	19.8	28.5	0	0	22.7	10.0	10-Sep-24 06:19:48.672	
0	0	0	0	2	0	0	19	0	0	0	19.8	28.5	0	0	22.7	10.0	10-Sep-24 06:19:48.715	
0	0	0	2	1	0	0	21	0	0	0	19.8	28.5	0	0	22.7	10.0	10-Sep-24 06:19:48.759	
0	0	0	1	2	0	0	23	0	0	0	19.8	28.5	0	0	22.7	10.0	10-Sep-24 06:19:48.851	
0	0	0	1	1	0	0	24	0	0	0	19.8	28.5	0	0	22.7	10.0	10-Sep-24 06:19:48.895	
0	0	0	1	2	0	0	25	0	0	0	19.8	28.5	0	0	22.7	10.0	10-Sep-24 06:19:48.940	
0	0	0	2	2	0	0	25	0	0	0	19.8	28.5	0	0	22.7	10.0	10-Sep-24 06:19:48.991	
0	0	0	1	3	0	0	23	0	0	0	19.8	28.5	0	0	22.7	10.0	10-Sep-24 06:19:49.034	
0	0	0	1	1	0	0	19	0	0	0	19.8	28.5	0	0	22.7	10.0	10-Sep-24 06:19:49.080	
0	0	0	0	1	0	0	14	0	0	0	19.8	28.5	0	0	22.7	10.0	10-Sep-24 06:19:49.123	
0	0	0	1	1	0	0	14	0	0	0	19.8	28.5	0	0	22.7	10.0	10-Sep-24 06:19:49.168	
0	0	0	1	2	0	0	25	0	0	0	19.8	28.5	0	0	22.7	10.0	10-Sep-24 06:19:49.211	
0	0	0	2	2	0	0	16	0	0	0	19.8	28.5	0	0	22.7	10.0	10-Sep-24 06:19:49.255	
0	0	0	2	1	0	0	21	0	0	0	19.8	28.5	0	0	22.7	10.0	10-Sep-24 06:19:49.300	
0	0	0	1	2	0	0	16	0	0	0	19.8	28.5	0	0	22.7	10.0	10-Sep-24 06:19:49.343	
0	0	0	0	2	0	0	15	0	0	0	19.8	28.5	0	0	22.7	10.0	10-Sep-24 06:19:49.387	
0	0	0	1	4	0	0	27	0	0	0	19.8	28.5	0	0	22.7	10.0	10-Sep-24 06:19:49.432	
0	0	0	1	2	0	0	14	0	0	0	19.8	28.5	0	0	22.7	10.0	10-Sep-24 06:19:49.482	
0	0	0	1	2	0	0	27	0	0	0	19.8	28.5	0	0	22.7	10.0	10-Sep-24 06:19:49.528	
0	0	0	2	1	0	0	26	0	0	0	19.8	28.5	0	0	22.7	10.0	10-Sep-24 06:19:49.572	
0	0	0	2	2	0	0	27	0	0	0	19.8	28.5	0	0	22.7	10.0	10-Sep-24 06:19:49.615	
0	0	0	1	2	0	0	24	0	0	0	19.8	28.5	0	0	22.7	10.0	10-Sep-24 06:19:49.659	
0	0	0	1	1	0	0	20	0	0	0	19.8	28.5	0	0	22.7	10.0	10-Sep-24 06:19:49.704	
0	0	0	0	1	0	0	30	0	0	0	19.8	28.5	0	0	22.7	10.0	10-Sep-24 06:19:49.747	
0	0	0	0	2	0	0	18	0	0	0	19.8	28.5	0	0	22.7	10.0	10-Sep-24 06:19:49.792	
0	0	0	1	2	0	0	24	0	0	0	19.8	28.5	0	0	22.7	10.0	10-Sep-24 06:19:49.836	
0	0	0	0	2	0	0	21	0	0	0	19.8	28.5	0	0	22.7	10.0	10-Sep-24 06:19:49.927	
0	0	0	2	2	0	0	23	0	0	0	19.8	28.5	0	0	22.7	10.0	10-Sep-24 06:19:49.978	
0	0	0	2	2	0	0	22	0	0	0	19.8	28.5	0	0	22.7	10.0	10-Sep-24 06:19:50.024	
0	0	0	0	3	0	0	16	0	0	0	19.8	28.5	0	0	22.7	10.0	10-Sep-24 06:19:50.067	
0	0	0	0	2	0	0	24	0	0	0	19.8	28.5	0	0	22.7	10.0	10-Sep-24 06:19:50.112	
0	0	0	0	1	0	0	10	0	0	0	19.8	28.5	0	0	22.7	10.0	10-Sep-24 06:19:50.155	
0	0	0	1	1	0	0	16	0	0	0	19.8	28.5	0	0	22.7	10.0	10-Sep-24 06:19:50.200	
0	0	0	2	1	0	0	17	0	0	0	19.8	28.5	0	0	22.7	10.0	10-Sep-24 06:19:50.243	
0	0	0	0	3	0	0	29	0	0	0	19.8	28.5	0	0	22.7	10.0	10-Sep-24 06:19:50.287	
0	0	0	0	1	0	0	29	0	0	0	19.8	28.5	0	0	22.7	10.0	10-Sep-24 06:19:50.331	
0	0	0	0	2	0	0	25	0	0	0	19.8	28.5	0	0	22.7	10.0	10-Sep-24 06:19:50.375	
0	0	0	1	4	0	0	17	0	0	0	19.8	28.5	0	0	22.7	10.0	10-Sep-24 06:19:50.419	
0	0	0	1	2	0	0	15	0	0	0	19.8	28.5	0	0	22.7	10.0	10-Sep-24 06:19:50.464	
0	0	0	1	2	0	0	25	0	0	0	19.8	28.5	0	0	22.7	10.0	10-Sep-24 06:19:50.516	
0	0	0	2	2	0	0	20	0	0	0	19.8	28.5	0	0	22.7	10.0	10-Sep-24 06:19:50.564	
0	0	0	1	4	0	0	20	0	0	0	19.8	28.5	0	0	22.7	10.0	10-Sep-24 06:19:50.608	
0	0	0	0	1	0	0	17	0	0	0	19.8	28.5	0	0	22.7	10.0	10-Sep-24 06:19:50.651	
0	0	0	1	3	0	0	25	0	0	0	19.8	28.5	0	0	22.7	10.0	10-Sep-24 06:19:50.695	
0	0	0	0	2	0	0	35	0	0	0	19.8	28.5	0	0	22.7	10.0	10-Sep-24 06:19:50.739	
0	0	0	2	3	0	0	22	0	0	0	19.8	28.5	0	0	22.7	10.0	10-Sep-24 06:19:50.783	
0	0	0	0	1	0	0	24	0	0	0	19.8	28.5	0	0	22.7	10.0	10-Sep-24 06:19:50.828	
0	0	0	3	1	0	0	16	0	0	0	19.8	28.5	0	0	22.7	10.0	10-Sep-24 06:19:50.871	
0	0	0	2	2	0	0	20	0	0	0	19.8	28.5	0	0	22.7	10.0	10-Sep-24 06:19:50.915	
0	0	0	2	1	0	0	18	0	0	0	19.8	28.5	0	0	22.7	10.0	10-Sep-24 06:19:51.026	
0	0	0	1	1	0	0	25	0	0	0	19.8	28.5	0	0	22.7	10.0	10-Sep-24 06:19:51.067	
0	0	0	0	1	0	0	24	0	0	0	19.8	28.5	0	0	22.7	10.0	10-Sep-24 06:19:51.111	
0	0	0	1	2	0	0	22	0	0	0	19.8	28.5	0	0	22.7	10.0	10-Sep-24 06:19:51.155	
0	0	0	0	2	0	0	22	0	0	0	19.8	28.5	0	0	22.7	10.0	10-Sep-24 06:19:51.200	
0	0	0	2	1	0	0	17	0	0	0	19.8	28.5	0	0	22.7	10.0	10-Sep-24 06:19:51.244	
0	0	0	0	2	0	0	20	0	0	0	19.8	28.5	0	0	22.7	10.0	10-Sep-24 06:19:51.287	
0	0	0	1	2	0	0	27	0	0	0	19.8	28.5	0	0	22.7	10.0	10-Sep-24 06:19:51.332	
0	0	0	2	4	0	0	19	0	0	0	19.8	28.5	0	0	22.7	10.0	10-Sep-24 06:19:51.375	
0	0	0	1	3	0	0	23	0	0	0	19.8	28.5	0	0	22.7	10.0	10-Sep-24 06:19:51.419	
0	0	0	1	4	0	0	21	0	0	0	19.8	28.5	0	0	22.7	10.0	10-Sep-24 06:19:51.463	
0	0	0	1	1	0	0	26	0	0	0	19.8	28.5	0	0	22.7	10.0	10-Sep-24 06:19:51.514	
0	0	0	1	2	0	0	17	0	0	0	19.8	28.5	0	0	22.7	10.0	10-Sep-24 06:19:51.560	
0	0	0	1	1	0	0	19	0	0	0	19.8	28.5	0	0	22.7	10.0	10-Sep-24 06:19:51.603	
0	0	0	0	1	0	0	24	0	0	0	19.8	28.5	0	0	22.7	10.0	10-Sep-24 06:19:51.648	
0	0	0	0	3	0	0	24	0	0	0	19.8	28.5	0	0	22.7	10.0	10-Sep-24 06:19:51.692	
0	0	0	1	2	0	0	24	0	0	0	19.8	28.5	0	0	22.7	10.0	10-Sep-24 06:19:51.736	
0	0	0	0	3	0	0	22	0	0	0	19.8	28.5	0	0	22.7	10.0	10-Sep-24 06:19:51.779	
0	0	0	0	3	0	0	25	0	0	0	19.8	28.5	0	0	22.7	10.0	10-Sep-24 06:19:51.823	
0	0	0	1	3	0	0	25	0	0	0	19.8	28.5	0	0	22.7	10.0	10-Sep-24 06:19:51.867	
0	0	0	0	1	0	0	19	0	0	0	19.8	28.5	0	0	22.7	10.0	10-Sep-24 06:19:51.911	
0	0	0	1	1	0	0	17	0	0	0	19.8	28.5	0	0	22.7	10.0	10-Sep-24 06:19:51.956	
0	0	0	1	1	0	0	24	0	0	0	19.8	28.5	0	0	22.7	10.0	10-Sep-24 06:19:52.006	
0	0	0	1	3	0	0	24	0	0	0	19.8	28.5	0	0	22.7	10.0	10-Sep-24 06:19:52.110	
0	0	0	1	2	0	0	24	0	0	0	19.8	28.5	0	0	22.7	10.0	10-Sep-24 06:19:52.146	
0	0	0	0	2	0	0	24	0	0	0	19.8	28.5	0	0	22.7	10.0	10-Sep-24 06:19:52.192	
0	0	0	0	3	0	0	17	0	0	0	19.8	28.5	0	0	22.7	10.0	10-Sep-24 06:19:52.235	
0	0	0	1	2	0	0	17	0	0	0	19.8	28.5	0	0	22.7	10.0	10-Sep-24 06:19:52.279	
0	0	0	0	1	0	0	17	0	0	0	19.8	28.5	0	0	22.7	10.0	10-Sep-24 06:19:52.323	
0	0	0	2	2	0	0	21	0	0	0	19.8	28.5	0	0	22.7	10.0	10-Sep-24 06:19:52.367	
0	0	0	0	3	0	0	21	0	0	0	19.8	28.5	0	0	22.7	10.0	10-Sep-24 06:19:52.412	
0	0	0	1	2	0	0	22	0	0	0	19.8	28.5	0	0	22.7	10.0	10-Sep-24 06:19:52.455	
0	0	0	2	3	0	0	19	0	0	0	19.8	28.5	0	0	22.7	10.0	10-Sep-24 06:19:52.500	
0	0	0	1	2	0	0	19	0	0	0	19.8	28.5	0	0	22.7	10.0	10-Sep-24 06:19:52.582	
0	0	0	1	1	0	0	19	0	0	0	19.8	28.5	0	0	22.7	10.0	10-Sep-24 06:19:52.679	
0	0	0	2	2	0	0	25	0	0	0	19.8	28.5	0	0	22.7	10.0	10-Sep-24 06:19:52.758	
0	0	0	1	1	0	0	24	0	0	0	19.8	28.5	0	0	22.7	10.0	10-Sep-24 06:19:52.794	
0	0	0	2	1	0	0	22	0	0	0	19.8	28.5	0	0	22.7	10.0	10-Sep-24 06:19:52.840	
0	0	0	2	1	0	0	25	0	0	0	19.8	28.5	0	0	22.7	10.0	10-Sep-24 06:19:52.883	
0	0	0	1	2	0	0	18	0	0	0	19.8	28.5	0	0	22.7	10.0	10-Sep-24 06:19:52.927	
0	0	0	0	1	0	0	22	0	0	0	19.8	28.5	0	0	22.7	10.0	10-Sep-24 06:19:52.972	
0	0	0	1	2	0	0	25	0	0	0	19.8	28.5	0	0	22.7	10.0	10-Sep-24 06:19:53.016	
0	0	0	2	1	0	0	19	0	0	0	19.8	28.5	0	0	22.7	10.0	10-Sep-24 06:19:53.068	
0	0	0	1	1	0	0	23	0	0	0	19.8	28.5	0	0	22.7	10.0	10-Sep-24 06:19:53.172	
0	0	0	2	1	0	0	20	0	0	0	19.8	28.5	0	0	22.7	10.0	10-Sep-24 06:19:53.216	
0	0	0	1	1	0	0	25	0	0	0	19.8	28.5	0	0	22.7	10.0	10-Sep-24 06:19:53.260	
0	0	0	1	1	0	0	28	0	0	0	19.8	28.5	0	0	22.7	10.0	10-Sep-24 06:19:53.303	
0	0	0	0	3	0	0	18	0	0	0	19.8	28.5	0	0	22.7	10.0	10-Sep-24 06:19:53.347	
0	0	0	1	1	0	0	21	0	0	0	19.8	28.5	0	0	22.7	10.0	10-Sep-24 06:19:53.392	
0	0	0	1	2	0	0	28	0	0	0	19.8	28.5	0	0	22.7	10.0	10-Sep-24 06:19:53.435	
0	0	0	1	2	0	0	24	0	0	0	19.8	28.5	0	0	22.7	10.0	10-Sep-24 06:19:53.480	
0	0	0	1	1	0	0	23	0	0	0	19.8	28.5	0	0	22.7	10.0	10-Sep-24 06:19:53.523	
0	0	0	0	1	0	0	22	0	0	0	19.8	28.5	0	0	22.7	10.0	10-Sep-24 06:19:53.564	
0	0	0	2	4	0	0	26	0	0	0	19.8	28.5	0	0	22.7	10.0	10-Sep-24 06:19:53.607	
0	0	0	1	3	0	0	25	0	0	0	19.8	28.5	0	0	22.7	10.0	10-Sep-24 06:19:53.646	
0	0	0	1	1	0	0	16	0	0	0	19.8	28.5	0	0	22.7	10.0	10-Sep-24 06:19:53.683	
0	0	0	0	2	0	0	23	0	0	0	19.8	28.5	0	0	22.7	10.0	10-Sep-24 06:19:53.728	
0	0	0	1	3	0	0	18	0	0	0	19.8	28.5	0	0	22.7	10.0	10-Sep-24 06:19:53.772	
0	0	0	3	3	0	0	23	0	0	0	19.8	28.5	0	0	22.7	10.0	10-Sep-24 06:19:53.815	
0	0	0	2	2	0	0	20	0	0	0	19.8	28.5	0	0	22.7	10.0	10-Sep-24 06:19:53.859	
0	0	0	0	2	0	0	31	0	0	0	19.8	28.5	0	0	22.7	10.0	10-Sep-24 06:19:53.903	
0	0	0	2	2	0	0	18	0	0	0	19.8	28.5	0	0	22.7	10.0	10-Sep-24 06:19:53.947	
0	0	0	1	3	0	0	13	0	0	0	19.8	28.5	0	0	22.7	10.0	10-Sep-24 06:19:53.992	
0	0	0	0	1	0	0	30	0	0	0	19.8	28.5	0	0	22.7	10.0	10-Sep-24 06:19:54.028	
0	0	0	0	1	0	0	22	0	0	0	19.8	28.5	0	0	22.7	10.0	10-Sep-24 06:19:54.078	
0	0	0	2	2	0	0	20	0	0	0	19.8	28.5	0	0	22.7	10.0	10-Sep-24 06:19:54.120	
0	0	0	0	2	0	0	17	0	0	0	19.8	28.5	0	0	22.7	10.0	10-Sep-24 06:19:54.223	
0	0	0	1	1	0	0	27	0	0	0	19.8	28.5	0	0	22.7	10.0	10-Sep-24 06:19:54.267	
0	0	0	1	1	0	0	19	0	0	0	19.8	28.5	0	0	22.7	10.0	10-Sep-24 06:19:54.312	
0	0	0	1	2	0	0	14	0	0	0	19.8	28.5	0	0	22.7	10.0	10-Sep-24 06:19:54.355	
0	0	0	1	2	0	0	29	0	0	0	19.8	28.5	0	0	22.7	10.0	10-Sep-24 06:19:54.400	
0	0	0	1	1	0	0	23	0	0	0	19.8	28.5	0	0	22.7	10.0	10-Sep-24 06:19:54.443	
0	0	0	1	1	0	0	23	0	0	0	19.8	28.5	0	0	22.7	10.0	10-Sep-24 06:19:54.488	
0	0	0	1	1	0	0	21	0	0	0	19.8	28.5	0	0	22.7	10.0	10-Sep-24 06:19:54.532	
0	0	0	2	2	0	0	27	0	0	0	19.8	28.5	0	0	22.7	10.0	10-Sep-24 06:19:54.583	
0	0	0	1	2	0	0	17	0	0	0	19.8	28.5	0	0	22.7	10.0	10-Sep-24 06:19:54.628	
0	0	0	1	3	0	0	14	0	0	0	19.8	28.5	0	0	22.7	10.0	10-Sep-24 06:19:54.667	
0	0	0	1	2	0	0	20	0	0	0	19.8	28.5	0	0	22.7	10.0	10-Sep-24 06:19:54.712	
0	0	0	1	1	0	0	28	0	0	0	19.8	28.5	0	0	22.7	10.0	10-Sep-24 06:19:54.755	
0	0	0	0	3	0	0	22	0	0	0	19.8	28.5	0	0	22.7	10.0	10-Sep-24 06:19:54.799	
0	0	0	1	1	0	0	24	0	0	0	19.8	28.5	0	0	22.7	10.0	10-Sep-24 06:19:54.845	
0	0	0	1	3	0	0	21	0	0	0	19.8	28.5	0	0	22.7	10.0	10-Sep-24 06:19:54.887	
0	0	0	2	0	0	0	22	0	0	0	19.8	28.5	0	0	22.7	10.0	10-Sep-24 06:19:54.931	
0	0	0	0	1	0	0	21	0	0	0	19.8	28.5	0	0	22.7	10.0	10-Sep-24 06:19:54.976	
0	0	0	1	2	0	0	21	0	0	0	19.8	28.5	0	0	22.7	10.0	10-Sep-24 06:19:55.020	
0	0	0	1	2	0	0	27	0	0	0	19.8	28.5	0	0	22.7	10.0	10-Sep-24 06:19:55.071	
0	0	0	0	4	0	0	25	0	0	0	19.8	28.5	0	0	22.7	10.0	10-Sep-24 06:19:55.115	
0	0	0	0	1	0	0	20	0	0	0	19.8	28.5	0	0	22.7	10.0	10-Sep-24 06:19:55.160	
0	0	0	0	2	0	0	20	0	0	0	19.8	28.5	0	0	22.7	10.0	10-Sep-24 06:19:55.203	
0	0	0	1	3	0	0	20	0	0	0	19.8	28.5	0	0	22.7	10.0	10-Sep-24 06:19:55.296	
0	0	0	0	2	0	0	28	0	0	0	19.8	28.5	0	0	22.7	10.0	10-Sep-24 06:19:55.339	
0	0	0	0	2	0	0	28	0	0	0	19.8	28.5	0	0	22.7	10.0	10-Sep-24 06:19:55.384	
0	0	0	0	3	0	0	17	0	0	0	19.8	28.5	0	0	22.7	10.0	10-Sep-24 06:19:55.428	
0	0	0	0	2	0	0	22	0	0	0	19.8	28.5	0	0	22.7	10.0	10-Sep-24 06:19:55.471	
0	0	0	1	2	0	0	23	0	0	0	19.8	28.5	0	0	22.7	10.0	10-Sep-24 06:19:55.515	
0	0	0	1	2	0	0	18	0	0	0	19.8	28.5	0	0	22.7	10.0	10-Sep-24 06:19:55.559	
0	0	0	1	2	0	0	18	0	0	0	19.8	28.5	0	0	22.7	10.0	10-Sep-24 06:19:55.610	
0	0	0	1	1	0	0	28	0	0	0	19.8	28.5	0	0	22.7	10.0	10-Sep-24 06:19:55.647	
0	0	0	0	2	0	0	18	0	0	0	19.8	28.5	0	0	22.7	10.0	10-Sep-24 06:19:55.692	
0	0	0	1	2	0	0	24	0	0	0	19.8	28.5	0	0	22.7	10.0	10-Sep-24 06:19:55.736	
0	0	0	2	4	0	0	21	0	0	0	19.8	28.5	0	0	22.7	10.0	10-Sep-24 06:19:55.779	
0	0	0	0	3	0	0	30	0	0	0	19.8	28.5	0	0	22.7	10.0	10-Sep-24 06:19:55.824	
0	0	0	1	4	0	0	26	0	0	0	19.8	28.5	0	0	22.7	10.0	10-Sep-24 06:19:55.867	
0	0	0	1	1	0	0	20	0	0	0	19.8	28.5	0	0	22.7	10.0	10-Sep-24 06:19:55.912	
0	0	0	1	1	0	0	23	0	0	0	19.8	28.5	0	0	22.7	10.0	10-Sep-24 06:19:55.955	
0	0	0	0	2	0	0	23	0	0	0	19.8	28.5	0	0	22.7	10.0	10-Sep-24 06:19:56.000	
0	0	0	1	4	0	0	28	0	0	0	19.8	28.5	0	0	22.7	10.0	10-Sep-24 06:19:56.044	
0	0	0	0	3	0	0	27	0	0	0	19.8	28.5	0	0	22.7	10.0	10-Sep-24 06:19:56.095	
0	0	0	1	3	0	0	27	0	0	0	19.8	28.5	0	0	22.7	10.0	10-Sep-24 06:19:56.140	
0	0	0	0	3	0	0	36	0	0	0	19.8	28.5	0	0	22.7	10.0	10-Sep-24 06:19:56.183	
0	0	0	1	2	0	0	34	0	0	0	19.8	28.5	0	0	22.7	10.0	10-Sep-24 06:19:56.228	
0	0	0	2	2	0	0	19	0	0	0	19.8	28.5	0	0	22.7	10.0	10-Sep-24 06:19:56.271	
0	0	0	2	2	0	0	19	0	0	0	19.8	28.5	0	0	22.7	10.0	10-Sep-24 06:19:56.374	
0	0	0	1	1	0	0	28	0	0	0	19.8	28.5	0	0	22.7	10.0	10-Sep-24 06:19:56.415	
0	0	0	0	2	0	0	23	0	0	0	19.8	28.5	0	0	22.7	10.0	10-Sep-24 06:19:56.460	
0	0	0	1	3	0	0	19	0	0	0	19.8	28.5	0	0	22.7	10.0	10-Sep-24 06:19:56.504	
0	0	0	0	3	0	0	15	0	0	0	19.8	28.5	0	0	22.7	10.0	10-Sep-24 06:19:56.547	
0	0	0	1	3	0	0	18	0	0	0	19.8	28.5	0	0	22.7	10.0	10-Sep-24 06:19:56.600	
0	0	0	1	2	0	0	21	0	0	0	19.8	28.5	0	0	22.7	10.0	10-Sep-24 06:19:56.644	
0	0	0	0	1	0	0	23	0	0	0	19.8	28.5	0	0	22.7	10.0	10-Sep-24 06:19:56.687	
0	0	0	2	3	0	0	25	0	0	0	19.8	28.5	0	0	22.7	10.0	10-Sep-24 06:19:56.731	
0	0	0	0	3	0	0	25	0	0	0	19.8	28.5	0	0	22.7	10.0	10-Sep-24 06:19:56.776	
0	0	0	2	1	0	0	20	0	0	0	19.8	28.5	0	0	22.7	10.0	10-Sep-24 06:19:56.819	
0	0	0	0	2	0	0	22	0	0	0	19.8	28.5	0	0	22.7	10.0	10-Sep-24 06:19:56.865	
0	0	0	0	3	0	0	22	0	0	0	19.8	28.5	0	0	22.7	10.0	10-Sep-24 06:19:56.907	
0	0	0	1	1	0	0	13	0	0	0	19.8	28.5	0	0	22.7	10.0	10-Sep-24 06:19:56.951	
0	0	0	0	2	0	0	21	0	0	0	19.8	28.5	0	0	22.7	10.0	10-Sep-24 06:19:56.995	
0	0	0	0	1	0	0	29	0	0	0	19.8	28.5	0	0	22.7	10.0	10-Sep-24 06:19:57.039	
0	0	0	1	1	0	0	16	0	0	0	19.8	28.5	0	0	22.7	10.0	10-Sep-24 06:19:57.084	
0	0	0	0	1	0	0	15	0	0	0	19.8	28.5	0	0	22.7	10.0	10-Sep-24 06:19:57.130	
0	0	0	0	4	0	0	24	0	0	0	19.8	28.5	0	0	22.7	10.0	10-Sep-24 06:19:57.176	
0	0	0	1	2	0	0	13	0	0	0	19.8	28.5	0	0	22.7	10.0	10-Sep-24 06:19:57.219	
0	0	0	1	4	0	0	22	0	0	0	19.8	28.5	0	0	22.7	10.0	10-Sep-24 06:19:57.264	
0	0	0	1	1	0	0	21	0	0	0	19.8	28.5	0	0	22.7	10.0	10-Sep-24 06:19:57.307	
0	0	0	1	2	0	0	27	0	0	0	19.8	28.5	0	0	22.7	10.0	10-Sep-24 06:19:57.351	
0	0	0	0	3	0	0	31	0	0	0	19.8	28.5	0	0	22.7	10.0	10-Sep-24 06:19:57.454	
0	0	0	1	2	0	0	25	0	0	0	19.8	28.5	0	0	22.7	10.0	10-Sep-24 06:19:57.497	
0	0	0	1	2	0	0	17	0	0	0	19.8	28.5	0	0	22.7	10.0	10-Sep-24 06:19:57.539	
0	0	0	1	2	0	0	18	0	0	0	19.8	28.5	0	0	22.7	10.0	10-Sep-24 06:19:57.583	
0	0	0	1	2	0	0	23	0	0	0	19.8	28.5	0	0	22.7	10.0	10-Sep-24 06:19:57.634	
0	0	0	1	1	0	0	27	0	0	0	19.8	28.5	0	0	22.7	10.0	10-Sep-24 06:19:57.680	
0	0	0	1	2	0	0	20	0	0	0	19.8	28.5	0	0	22.7	10.0	10-Sep-24 06:19:57.723	
0	0	0	1	1	0	0	22	0	0	0	19.8	28.5	0	0	22.7	10.0	10-Sep-24 06:19:57.801	
0	0	0	1	3	0	0	14	0	0	0	19.8	28.5	0	0	22.7	10.0	10-Sep-24 06:19:57.893	
0	0	0	1	2	0	0	24	0	0	0	19.8	28.5	0	0	22.7	10.0	10-Sep-24 06:19:57.951	
0	0	0	0	3	0	0	17	0	0	0	19.8	28.5	0	0	22.7	10.0	10-Sep-24 06:19:57.996	
0	0	0	1	2	0	0	18	0	0	0	19.8	28.5	0	0	22.7	10.0	10-Sep-24 06:19:58.040	
0	0	0	1	3	0	0	19	0	0	0	19.8	28.5	0	0	22.7	10.0	10-Sep-24 06:19:58.084	
0	0	0	2	1	0	0	24	0	0	0	19.8	28.5	0	0	22.7	10.0	10-Sep-24 06:19:58.136	
0	0	0	2	2	0	0	25	0	0	0	19.8	28.5	0	0	22.7	10.0	10-Sep-24 06:19:58.180	
0	0	0	0	3	0	0	13	0	0	0	19.8	28.5	0	0	22.7	10.0	10-Sep-24 06:19:58.223	
0	0	0	0	2	0	0	20	0	0	0	19.8	28.5	0	0	22.7	10.0	10-Sep-24 06:19:58.267	
0	0	0	0	2	0	0	18	0	0	0	19.8	28.5	0	0	22.7	10.0	10-Sep-24 06:19:58.312	
0	0	0	1	1	0	0	18	0	0	0	19.8	28.5	0	0	22.7	10.0	10-Sep-24 06:19:58.355	
0	0	0	2	1	0	0	14	0	0	0	19.8	28.5	0	0	22.7	10.0	10-Sep-24 06:19:58.399	
0	0	0	1	1	0	0	21	0	0	0	19.8	28.5	0	0	22.7	10.0	10-Sep-24 06:19:58.503	
0	0	0	3	1	0	0	20	0	0	0	19.8	28.5	0	0	22.7	10.0	10-Sep-24 06:19:58.548	
0	0	0	1	2	0	0	18	0	0	0	19.8	28.5	0	0	22.7	10.0	10-Sep-24 06:19:58.591	
0	0	0	2	1	0	0	25	0	0	0	19.8	28.5	0	0	22.7	10.0	10-Sep-24 06:19:58.643	
0	0	0	1	3	0	0	20	0	0	0	19.8	28.5	0	0	22.7	10.0	10-Sep-24 06:19:58.688	
0	0	0	2	2	0	0	23	0	0	0	19.8	28.5	0	0	22.7	10.0	10-Sep-24 06:19:58.732	
0	0	0	2	2	0	0	18	0	0	0	19.8	28.5	0	0	22.7	10.0	10-Sep-24 06:19:58.779	
0	0	0	0	1	0	0	24	0	0	0	19.8	28.5	0	0	22.7	10.0	10-Sep-24 06:19:58.823	
0	0	0	1	2	0	0	16	0	0	0	19.8	28.5	0	0	22.7	10.0	10-Sep-24 06:19:58.867	
0	0	0	2	2	0	0	32	0	0	0	19.8	28.5	0	0	22.7	10.0	10-Sep-24 06:19:58.903	
0	0	0	0	1	0	0	27	0	0	0	19.8	28.5	0	0	22.7	10.0	10-Sep-24 06:19:58.948	
0	0	0	2	2	0	0	12	0	0	0	19.8	28.5	0	0	22.7	10.0	10-Sep-24 06:19:58.991	
0	0	0	1	2	0	0	25	0	0	0	19.8	28.5	0	0	22.7	10.0	10-Sep-24 06:19:59.035	
0	0	0	1	1	0	0	14	0	0	0	19.8	28.5	0	0	22.7	10.0	10-Sep-24 06:19:59.080	
0	0	0	1	2	0	0	23	0	0	0	19.8	28.5	0	0	22.7	10.0	10-Sep-24 06:19:59.124	
0	0	0	2	1	0	0	32	0	0	0	19.8	28.5	0	0	22.7	10.0	10-Sep-24 06:19:59.174	
0	0	0	0	1	0	0	26	0	0	0	19.8	28.5	0	0	22.7	10.0	10-Sep-24 06:19:59.220	
0	0	0	0	1	0	0	24	0	0	0	19.8	28.5	0	0	22.7	10.0	10-Sep-24 06:19:59.264	
0	0	0	1	1	0	0	27	0	0	0	19.8	28.5	0	0	22.7	10.0	10-Sep-24 06:19:59.307	
0	0	0	1	1	0	0	22	0	0	0	19.8	28.5	0	0	22.7	10.0	10-Sep-24 06:19:59.351	
0	0	0	1	3	0	0	20	0	0	0	19.8	28.5	0	0	22.7	10.0	10-Sep-24 06:19:59.396	
0	0	0	2	2	0	0	26	0	0	0	19.8	28.5	0	0	22.7	10.0	10-Sep-24 06:19:59.439	
0	0	0	2	2	0	0	27	0	0	0	19.8	28.5	0	0	22.7	10.0	10-Sep-24 06:19:59.484	
0	0	0	1	1	0	0	12	0	0	0	19.8	28.5	0	0	22.7	10.0	10-Sep-24 06:19:59.587	
0	0	0	2	4	0	0	24	0	0	0	19.8	28.5	0	0	22.7	10.0	10-Sep-24 06:19:59.631	
0	0	0	0	1	0	0	23	0	0	0	19.8	28.5	0	0	22.7	10.0	10-Sep-24 06:19:59.682	
0	0	0	1	1	0	0	26	0	0	0	19.8	28.5	0	0	22.7	10.0	10-Sep-24 06:19:59.728	
0	0	0	1	2	0	0	25	0	0	0	19.8	28.5	0	0	22.7	10.0	10-Sep-24 06:19:59.771	
0	0	0	1	3	0	0	24	0	0	0	19.8	28.5	0	0	22.7	10.0	10-Sep-24 06:19:59.815	
0	0	0	1	1	0	0	23	0	0	0	19.8	28.5	0	0	22.7	10.0	10-Sep-24 06:19:59.859	
0	0	0	1	2	0	0	19	0	0	0	19.8	28.5	0	0	22.7	10.0	10-Sep-24 06:19:59.903	
0	0	0	0	1	0	0	16	0	0	0	19.8	28.5	0	0	22.7	10.0	10-Sep-24 06:19:59.946	
0	0	0	0	2	0	0	20	0	0	0	19.8	28.5	0	0	22.7	10.0	10-Sep-24 06:19:59.991	
0	0	0	1	2	0	0	19	0	0	0	19.8	28.5	0	0	22.7	10.0	10-Sep-24 06:20:00.036	
0	0	0	1	2	0	0	28	0	0	0	19.8	28.5	0	0	22.7	10.0	10-Sep-24 06:20:00.079	
0	0	0	1	2	0	0	21	0	0	0	19.8	28.5	0	0	22.7	10.0	10-Sep-24 06:20:00.124	
0	0	0	3	5	0	0	15	0	0	0	19.8	28.5	0	0	22.7	10.0	10-Sep-24 06:20:00.173	
0	0	0	1	3	0	0	22	0	0	0	19.8	28.5	0	0	22.7	10.0	10-Sep-24 06:20:00.219	
0	0	0	0	3	0	0	20	0	0	0	19.8	28.5	0	0	22.7	10.0	10-Sep-24 06:20:00.264	
0	0	0	0	2	0	0	22	0	0	0	19.8	28.5	0	0	22.7	10.0	10-Sep-24 06:20:00.307	
0	0	0	1	1	0	0	24	0	0	0	19.8	28.5	0	0	22.7	10.0	10-Sep-24 06:20:00.351	
0	0	0	0	2	0	0	27	0	0	0	19.8	28.5	0	0	22.7	10.0	10-Sep-24 06:20:00.395	
0	0	0	2	1	0	0	19	0	0	0	19.8	28.5	0	0	22.7	10.0	10-Sep-24 06:20:00.439	
0	0	0	2	2	0	0	19	0	0	0	19.8	28.5	0	0	22.7	10.0	10-Sep-24 06:20:00.484	
0	0	0	2	1	0	0	23	0	0	0	19.8	28.5	0	0	22.7	10.0	10-Sep-24 06:20:00.528	
0	0	0	1	3	0	0	13	0	0	0	19.8	28.5	0	0	22.7	10.0	10-Sep-24 06:20:00.572	
0	0	0	2	3	0	0	19	0	0	0	19.8	28.5	0	0	22.7	10.0	10-Sep-24 06:20:00.674	
0	0	0	1	2	0	0	24	0	0	0	19.8	28.5	0	0	22.7	10.0	10-Sep-24 06:20:00.726	
