C1	C2	C3	C4	C5	C6	C7	C8	BC1	BC2	BC3	BC4	BC5	BC6	BC7	BC8	IT	T

0	0	0	3	4	0	0	32	0	0	0	19.8	28.5	0	0	22.7	10.0	10-Sep-24 06:11:08.624	
0	0	0	1	4	0	0	43	0	0	0	19.8	28.5	0	0	22.7	10.0	10-Sep-24 06:11:08.667	
0	0	0	1	4	0	0	40	0	0	0	19.8	28.5	0	0	22.7	10.0	10-Sep-24 06:11:08.712	
0	0	0	1	3	0	0	48	0	0	0	19.8	28.5	0	0	22.7	10.0	10-Sep-24 06:11:08.755	
0	0	0	2	5	0	0	43	0	0	0	19.8	28.5	0	0	22.7	10.0	10-Sep-24 06:11:08.799	
0	0	0	1	1	0	0	43	0	0	0	19.8	28.5	0	0	22.7	10.0	10-Sep-24 06:11:08.843	
0	0	0	1	2	0	0	51	0	0	0	19.8	28.5	0	0	22.7	10.0	10-Sep-24 06:11:08.887	
0	0	0	1	3	0	0	52	0	0	0	19.8	28.5	0	0	22.7	10.0	10-Sep-24 06:11:08.978	
0	0	0	1	4	0	0	57	0	0	0	19.8	28.5	0	0	22.7	10.0	10-Sep-24 06:11:09.023	
0	0	0	0	2	0	0	54	0	0	0	19.8	28.5	0	0	22.7	10.0	10-Sep-24 06:11:09.068	
0	0	0	2	4	0	0	49	0	0	0	19.8	28.5	0	0	22.7	10.0	10-Sep-24 06:11:09.112	
0	0	0	0	3	0	0	61	0	0	0	19.8	28.5	0	0	22.7	10.0	10-Sep-24 06:11:09.163	
0	0	0	1	1	0	0	38	0	0	0	19.8	28.5	0	0	22.7	10.0	10-Sep-24 06:11:09.207	
0	0	0	2	5	0	0	66	0	0	0	19.8	28.5	0	0	22.7	10.0	10-Sep-24 06:11:09.251	
0	0	0	1	2	0	0	49	0	0	0	19.8	28.5	0	0	22.7	10.0	10-Sep-24 06:11:09.295	
0	0	0	2	2	0	0	43	0	0	0	19.8	28.5	0	0	22.7	10.0	10-Sep-24 06:11:09.340	
0	0	0	3	3	0	0	42	0	0	0	19.8	28.5	0	0	22.7	10.0	10-Sep-24 06:11:09.383	
0	0	0	1	1	0	0	41	0	0	0	19.8	28.5	0	0	22.7	10.0	10-Sep-24 06:11:09.427	
0	0	0	3	1	0	0	42	0	0	0	19.8	28.5	0	0	22.7	10.0	10-Sep-24 06:11:09.471	
0	0	0	2	2	0	0	42	0	0	0	19.8	28.5	0	0	22.7	10.0	10-Sep-24 06:11:09.516	
0	0	0	0	3	0	0	44	0	0	0	19.8	28.5	0	0	22.7	10.0	10-Sep-24 06:11:09.559	
0	0	0	1	2	0	0	39	0	0	0	19.8	28.5	0	0	22.7	10.0	10-Sep-24 06:11:09.604	
0	0	0	1	2	0	0	50	0	0	0	19.8	28.5	0	0	22.7	10.0	10-Sep-24 06:11:09.652	
0	0	0	1	7	0	0	36	0	0	0	19.8	28.5	0	0	22.7	10.0	10-Sep-24 06:11:09.697	
0	0	0	2	2	0	0	39	0	0	0	19.8	28.5	0	0	22.7	10.0	10-Sep-24 06:11:09.740	
0	0	0	1	6	0	0	53	0	0	0	19.8	28.5	0	0	22.7	10.0	10-Sep-24 06:11:09.783	
0	0	0	2	2	0	0	40	0	0	0	19.8	28.5	0	0	22.7	10.0	10-Sep-24 06:11:09.827	
0	0	0	1	3	0	0	36	0	0	0	19.8	28.5	0	0	22.7	10.0	10-Sep-24 06:11:09.871	
0	0	0	1	4	0	0	50	0	0	0	19.8	28.5	0	0	22.7	10.0	10-Sep-24 06:11:09.915	
0	0	0	1	4	0	0	43	0	0	0	19.8	28.5	0	0	22.7	10.0	10-Sep-24 06:11:09.960	
0	0	0	2	4	0	0	44	0	0	0	19.8	28.5	0	0	22.7	10.0	10-Sep-24 06:11:10.058	
0	0	0	1	5	0	0	53	0	0	0	19.8	28.5	0	0	22.7	10.0	10-Sep-24 06:11:10.097	
0	0	0	1	3	0	0	54	0	0	0	19.8	28.5	0	0	22.7	10.0	10-Sep-24 06:11:10.140	
0	0	0	2	4	0	0	55	0	0	0	19.8	28.5	0	0	22.7	10.0	10-Sep-24 06:11:10.190	
0	0	0	1	1	0	0	38	0	0	0	19.8	28.5	0	0	22.7	10.0	10-Sep-24 06:11:10.226	
0	0	0	1	1	0	0	48	0	0	0	19.8	28.5	0	0	22.7	10.0	10-Sep-24 06:11:10.272	
0	0	0	1	2	0	0	47	0	0	0	19.8	28.5	0	0	22.7	10.0	10-Sep-24 06:11:10.315	
0	0	0	2	4	0	0	44	0	0	0	19.8	28.5	0	0	22.7	10.0	10-Sep-24 06:11:10.360	
0	0	0	2	4	0	0	45	0	0	0	19.8	28.5	0	0	22.7	10.0	10-Sep-24 06:11:10.403	
0	0	0	1	2	0	0	32	0	0	0	19.8	28.5	0	0	22.7	10.0	10-Sep-24 06:11:10.447	
0	0	0	1	3	0	0	35	0	0	0	19.8	28.5	0	0	22.7	10.0	10-Sep-24 06:11:10.491	
0	0	0	2	2	0	0	52	0	0	0	19.8	28.5	0	0	22.7	10.0	10-Sep-24 06:11:10.536	
0	0	0	1	2	0	0	37	0	0	0	19.8	28.5	0	0	22.7	10.0	10-Sep-24 06:11:10.580	
0	0	0	1	5	0	0	42	0	0	0	19.8	28.5	0	0	22.7	10.0	10-Sep-24 06:11:10.616	
0	0	0	0	4	0	0	49	0	0	0	19.8	28.5	0	0	22.7	10.0	10-Sep-24 06:11:10.668	
0	0	0	1	6	0	0	51	0	0	0	19.8	28.5	0	0	22.7	10.0	10-Sep-24 06:11:10.712	
0	0	0	2	4	0	0	29	0	0	0	19.8	28.5	0	0	22.7	10.0	10-Sep-24 06:11:10.755	
0	0	0	0	5	0	0	52	0	0	0	19.8	28.5	0	0	22.7	10.0	10-Sep-24 06:11:10.800	
0	0	0	2	3	0	0	39	0	0	0	19.8	28.5	0	0	22.7	10.0	10-Sep-24 06:11:10.843	
0	0	0	1	2	0	0	48	0	0	0	19.8	28.5	0	0	22.7	10.0	10-Sep-24 06:11:10.880	
0	0	0	2	4	0	0	44	0	0	0	19.8	28.5	0	0	22.7	10.0	10-Sep-24 06:11:10.923	
0	0	0	0	4	0	0	51	0	0	0	19.8	28.5	0	0	22.7	10.0	10-Sep-24 06:11:10.967	
0	0	0	1	2	0	0	44	0	0	0	19.8	28.5	0	0	22.7	10.0	10-Sep-24 06:11:11.012	
0	0	0	2	2	0	0	49	0	0	0	19.8	28.5	0	0	22.7	10.0	10-Sep-24 06:11:11.114	
0	0	0	1	6	0	0	49	0	0	0	19.8	28.5	0	0	22.7	10.0	10-Sep-24 06:11:11.160	
0	0	0	1	2	0	0	53	0	0	0	19.8	28.5	0	0	22.7	10.0	10-Sep-24 06:11:11.212	
0	0	0	1	9	0	0	45	0	0	0	19.8	28.5	0	0	22.7	10.0	10-Sep-24 06:11:11.256	
0	0	0	4	4	0	0	51	0	0	0	19.8	28.5	0	0	22.7	10.0	10-Sep-24 06:11:11.299	
0	0	0	1	5	0	0	41	0	0	0	19.8	28.5	0	0	22.7	10.0	10-Sep-24 06:11:11.377	
0	0	0	1	5	0	0	41	0	0	0	19.8	28.5	0	0	22.7	10.0	10-Sep-24 06:11:11.457	
0	0	0	1	4	0	0	45	0	0	0	19.8	28.5	0	0	22.7	10.0	10-Sep-24 06:11:11.527	
0	0	0	1	1	0	0	39	0	0	0	19.8	28.5	0	0	22.7	10.0	10-Sep-24 06:11:11.571	
0	0	0	2	3	0	0	40	0	0	0	19.8	28.5	0	0	22.7	10.0	10-Sep-24 06:11:11.616	
0	0	0	1	3	0	0	50	0	0	0	19.8	28.5	0	0	22.7	10.0	10-Sep-24 06:11:11.659	
0	0	0	1	3	0	0	38	0	0	0	19.8	28.5	0	0	22.7	10.0	10-Sep-24 06:11:11.710	
0	0	0	1	3	0	0	45	0	0	0	19.8	28.5	0	0	22.7	10.0	10-Sep-24 06:11:11.756	
0	0	0	1	2	0	0	36	0	0	0	19.8	28.5	0	0	22.7	10.0	10-Sep-24 06:11:11.799	
0	0	0	1	6	0	0	57	0	0	0	19.8	28.5	0	0	22.7	10.0	10-Sep-24 06:11:11.844	
0	0	0	3	3	0	0	47	0	0	0	19.8	28.5	0	0	22.7	10.0	10-Sep-24 06:11:11.887	
0	0	0	1	1	0	0	51	0	0	0	19.8	28.5	0	0	22.7	10.0	10-Sep-24 06:11:11.931	
0	0	0	1	3	0	0	58	0	0	0	19.8	28.5	0	0	22.7	10.0	10-Sep-24 06:11:11.976	
0	0	0	3	6	0	0	47	0	0	0	19.8	28.5	0	0	22.7	10.0	10-Sep-24 06:11:12.020	
0	0	0	2	1	0	0	45	0	0	0	19.8	28.5	0	0	22.7	10.0	10-Sep-24 06:11:12.063	
0	0	0	1	3	0	0	43	0	0	0	19.8	28.5	0	0	22.7	10.0	10-Sep-24 06:11:12.167	
0	0	0	2	2	0	0	50	0	0	0	19.8	28.5	0	0	22.7	10.0	10-Sep-24 06:11:12.220	
0	0	0	1	3	0	0	43	0	0	0	19.8	28.5	0	0	22.7	10.0	10-Sep-24 06:11:12.255	
0	0	0	1	3	0	0	43	0	0	0	19.8	28.5	0	0	22.7	10.0	10-Sep-24 06:11:12.299	
0	0	0	1	2	0	0	49	0	0	0	19.8	28.5	0	0	22.7	10.0	10-Sep-24 06:11:12.343	
0	0	0	4	5	0	0	45	0	0	0	19.8	28.5	0	0	22.7	10.0	10-Sep-24 06:11:12.387	
0	0	0	3	5	0	0	35	0	0	0	19.8	28.5	0	0	22.7	10.0	10-Sep-24 06:11:12.432	
0	0	0	2	6	0	0	47	0	0	0	19.8	28.5	0	0	22.7	10.0	10-Sep-24 06:11:12.477	
0	0	0	1	3	0	0	41	0	0	0	19.8	28.5	0	0	22.7	10.0	10-Sep-24 06:11:12.519	
0	0	0	1	1	0	0	42	0	0	0	19.8	28.5	0	0	22.7	10.0	10-Sep-24 06:11:12.582	
0	0	0	1	3	0	0	38	0	0	0	19.8	28.5	0	0	22.7	10.0	10-Sep-24 06:11:12.646	
0	0	0	1	2	0	0	56	0	0	0	19.8	28.5	0	0	22.7	10.0	10-Sep-24 06:11:12.705	
0	0	0	2	3	0	0	51	0	0	0	19.8	28.5	0	0	22.7	10.0	10-Sep-24 06:11:12.763	
0	0	0	2	1	0	0	43	0	0	0	19.8	28.5	0	0	22.7	10.0	10-Sep-24 06:11:12.829	
0	0	0	1	5	0	0	33	0	0	0	19.8	28.5	0	0	22.7	10.0	10-Sep-24 06:11:12.880	
0	0	0	2	3	0	0	50	0	0	0	19.8	28.5	0	0	22.7	10.0	10-Sep-24 06:11:12.923	
0	0	0	2	8	0	0	39	0	0	0	19.8	28.5	0	0	22.7	10.0	10-Sep-24 06:11:12.967	
0	0	0	2	4	0	0	44	0	0	0	19.8	28.5	0	0	22.7	10.0	10-Sep-24 06:11:13.011	
0	0	0	1	5	0	0	40	0	0	0	19.8	28.5	0	0	22.7	10.0	10-Sep-24 06:11:13.054	
0	0	0	2	2	0	0	42	0	0	0	19.8	28.5	0	0	22.7	10.0	10-Sep-24 06:11:13.095	
0	0	0	2	4	0	0	47	0	0	0	19.8	28.5	0	0	22.7	10.0	10-Sep-24 06:11:13.140	
0	0	0	2	3	0	0	45	0	0	0	19.8	28.5	0	0	22.7	10.0	10-Sep-24 06:11:13.249	
0	0	0	1	4	0	0	38	0	0	0	19.8	28.5	0	0	22.7	10.0	10-Sep-24 06:11:13.295	
0	0	0	1	7	0	0	49	0	0	0	19.8	28.5	0	0	22.7	10.0	10-Sep-24 06:11:13.339	
0	0	0	1	2	0	0	36	0	0	0	19.8	28.5	0	0	22.7	10.0	10-Sep-24 06:11:13.383	
0	0	0	1	1	0	0	36	0	0	0	19.8	28.5	0	0	22.7	10.0	10-Sep-24 06:11:13.428	
0	0	0	2	1	0	0	47	0	0	0	19.8	28.5	0	0	22.7	10.0	10-Sep-24 06:11:13.471	
0	0	0	1	1	0	0	46	0	0	0	19.8	28.5	0	0	22.7	10.0	10-Sep-24 06:11:13.514	
0	0	0	1	2	0	0	41	0	0	0	19.8	28.5	0	0	22.7	10.0	10-Sep-24 06:11:13.555	
0	0	0	2	5	0	0	48	0	0	0	19.8	28.5	0	0	22.7	10.0	10-Sep-24 06:11:13.600	
0	0	0	2	2	0	0	37	0	0	0	19.8	28.5	0	0	22.7	10.0	10-Sep-24 06:11:13.643	
0	0	0	1	3	0	0	61	0	0	0	19.8	28.5	0	0	22.7	10.0	10-Sep-24 06:11:13.688	
0	0	0	1	5	0	0	45	0	0	0	19.8	28.5	0	0	22.7	10.0	10-Sep-24 06:11:13.739	
0	0	0	2	1	0	0	50	0	0	0	19.8	28.5	0	0	22.7	10.0	10-Sep-24 06:11:13.783	
0	0	0	1	5	0	0	39	0	0	0	19.8	28.5	0	0	22.7	10.0	10-Sep-24 06:11:13.829	
0	0	0	0	3	0	0	44	0	0	0	19.8	28.5	0	0	22.7	10.0	10-Sep-24 06:11:13.872	
0	0	0	0	1	0	0	33	0	0	0	19.8	28.5	0	0	22.7	10.0	10-Sep-24 06:11:13.915	
0	0	0	1	4	0	0	49	0	0	0	19.8	28.5	0	0	22.7	10.0	10-Sep-24 06:11:13.959	
0	0	0	1	6	0	0	50	0	0	0	19.8	28.5	0	0	22.7	10.0	10-Sep-24 06:11:14.003	
0	0	0	3	2	0	0	50	0	0	0	19.8	28.5	0	0	22.7	10.0	10-Sep-24 06:11:14.047	
0	0	0	1	3	0	0	39	0	0	0	19.8	28.5	0	0	22.7	10.0	10-Sep-24 06:11:14.084	
0	0	0	1	4	0	0	49	0	0	0	19.8	28.5	0	0	22.7	10.0	10-Sep-24 06:11:14.128	
0	0	0	1	3	0	0	55	0	0	0	19.8	28.5	0	0	22.7	10.0	10-Sep-24 06:11:14.171	
0	0	0	1	3	0	0	45	0	0	0	19.8	28.5	0	0	22.7	10.0	10-Sep-24 06:11:14.215	
0	0	0	1	4	0	0	38	0	0	0	19.8	28.5	0	0	22.7	10.0	10-Sep-24 06:11:14.326	
0	0	0	1	5	0	0	54	0	0	0	19.8	28.5	0	0	22.7	10.0	10-Sep-24 06:11:14.371	
0	0	0	1	3	0	0	38	0	0	0	19.8	28.5	0	0	22.7	10.0	10-Sep-24 06:11:14.415	
0	0	0	2	1	0	0	38	0	0	0	19.8	28.5	0	0	22.7	10.0	10-Sep-24 06:11:14.460	
0	0	0	1	2	0	0	38	0	0	0	19.8	28.5	0	0	22.7	10.0	10-Sep-24 06:11:14.504	
0	0	0	1	3	0	0	51	0	0	0	19.8	28.5	0	0	22.7	10.0	10-Sep-24 06:11:14.547	
0	0	0	1	4	0	0	53	0	0	0	19.8	28.5	0	0	22.7	10.0	10-Sep-24 06:11:14.591	
0	0	0	1	5	0	0	39	0	0	0	19.8	28.5	0	0	22.7	10.0	10-Sep-24 06:11:14.636	
0	0	0	1	4	0	0	46	0	0	0	19.8	28.5	0	0	22.7	10.0	10-Sep-24 06:11:14.680	
0	0	0	2	4	0	0	42	0	0	0	19.8	28.5	0	0	22.7	10.0	10-Sep-24 06:11:14.724	
0	0	0	2	2	0	0	39	0	0	0	19.8	28.5	0	0	22.7	10.0	10-Sep-24 06:11:14.769	
0	0	0	1	5	0	0	36	0	0	0	19.8	28.5	0	0	22.7	10.0	10-Sep-24 06:11:14.811	
0	0	0	1	6	0	0	47	0	0	0	19.8	28.5	0	0	22.7	10.0	10-Sep-24 06:11:14.855	
0	0	0	1	2	0	0	62	0	0	0	19.8	28.5	0	0	22.7	10.0	10-Sep-24 06:11:14.899	
0	0	0	1	5	0	0	48	0	0	0	19.8	28.5	0	0	22.7	10.0	10-Sep-24 06:11:14.943	
0	0	0	1	6	0	0	62	0	0	0	19.8	28.5	0	0	22.7	10.0	10-Sep-24 06:11:14.988	
0	0	0	1	5	0	0	42	0	0	0	19.8	28.5	0	0	22.7	10.0	10-Sep-24 06:11:15.031	
0	0	0	2	4	0	0	55	0	0	0	19.8	28.5	0	0	22.7	10.0	10-Sep-24 06:11:15.075	
0	0	0	1	2	0	0	39	0	0	0	19.8	28.5	0	0	22.7	10.0	10-Sep-24 06:11:15.119	
0	0	0	3	7	0	0	41	0	0	0	19.8	28.5	0	0	22.7	10.0	10-Sep-24 06:11:15.163	
0	0	0	0	5	0	0	48	0	0	0	19.8	28.5	0	0	22.7	10.0	10-Sep-24 06:11:15.207	
0	0	0	2	3	0	0	30	0	0	0	19.8	28.5	0	0	22.7	10.0	10-Sep-24 06:11:15.256	
0	0	0	1	3	0	0	39	0	0	0	19.8	28.5	0	0	22.7	10.0	10-Sep-24 06:11:15.304	
0	0	0	2	6	0	0	29	0	0	0	19.8	28.5	0	0	22.7	10.0	10-Sep-24 06:11:15.406	
0	0	0	1	3	0	0	46	0	0	0	19.8	28.5	0	0	22.7	10.0	10-Sep-24 06:11:15.451	
0	0	0	1	4	0	0	52	0	0	0	19.8	28.5	0	0	22.7	10.0	10-Sep-24 06:11:15.500	
0	0	0	1	5	0	0	49	0	0	0	19.8	28.5	0	0	22.7	10.0	10-Sep-24 06:11:15.544	
0	0	0	1	3	0	0	53	0	0	0	19.8	28.5	0	0	22.7	10.0	10-Sep-24 06:11:15.587	
0	0	0	1	5	0	0	60	0	0	0	19.8	28.5	0	0	22.7	10.0	10-Sep-24 06:11:15.631	
0	0	0	1	5	0	0	43	0	0	0	19.8	28.5	0	0	22.7	10.0	10-Sep-24 06:11:15.675	
0	0	0	2	4	0	0	58	0	0	0	19.8	28.5	0	0	22.7	10.0	10-Sep-24 06:11:15.719	
0	0	0	1	4	0	0	43	0	0	0	19.8	28.5	0	0	22.7	10.0	10-Sep-24 06:11:15.769	
0	0	0	1	2	0	0	33	0	0	0	19.8	28.5	0	0	22.7	10.0	10-Sep-24 06:11:15.817	
0	0	0	2	2	0	0	50	0	0	0	19.8	28.5	0	0	22.7	10.0	10-Sep-24 06:11:15.860	
0	0	0	2	5	0	0	45	0	0	0	19.8	28.5	0	0	22.7	10.0	10-Sep-24 06:11:15.903	
0	0	0	1	4	0	0	50	0	0	0	19.8	28.5	0	0	22.7	10.0	10-Sep-24 06:11:15.948	
0	0	0	0	7	0	0	42	0	0	0	19.8	28.5	0	0	22.7	10.0	10-Sep-24 06:11:15.991	
0	0	0	1	2	0	0	56	0	0	0	19.8	28.5	0	0	22.7	10.0	10-Sep-24 06:11:16.028	
0	0	0	1	3	0	0	47	0	0	0	19.8	28.5	0	0	22.7	10.0	10-Sep-24 06:11:16.071	
0	0	0	1	4	0	0	35	0	0	0	19.8	28.5	0	0	22.7	10.0	10-Sep-24 06:11:16.115	
0	0	0	2	2	0	0	43	0	0	0	19.8	28.5	0	0	22.7	10.0	10-Sep-24 06:11:16.161	
0	0	0	0	2	0	0	48	0	0	0	19.8	28.5	0	0	22.7	10.0	10-Sep-24 06:11:16.203	
0	0	0	1	4	0	0	57	0	0	0	19.8	28.5	0	0	22.7	10.0	10-Sep-24 06:11:16.247	
0	0	0	1	5	0	0	39	0	0	0	19.8	28.5	0	0	22.7	10.0	10-Sep-24 06:11:16.298	
0	0	0	1	4	0	0	43	0	0	0	19.8	28.5	0	0	22.7	10.0	10-Sep-24 06:11:16.344	
0	0	0	1	5	0	0	49	0	0	0	19.8	28.5	0	0	22.7	10.0	10-Sep-24 06:11:16.387	
0	0	0	1	6	0	0	35	0	0	0	19.8	28.5	0	0	22.7	10.0	10-Sep-24 06:11:16.491	
0	0	0	1	4	0	0	54	0	0	0	19.8	28.5	0	0	22.7	10.0	10-Sep-24 06:11:16.569	
0	0	0	3	1	0	0	41	0	0	0	19.8	28.5	0	0	22.7	10.0	10-Sep-24 06:11:16.668	
0	0	0	2	5	0	0	42	0	0	0	19.8	28.5	0	0	22.7	10.0	10-Sep-24 06:11:16.735	
0	0	0	2	3	0	0	41	0	0	0	19.8	28.5	0	0	22.7	10.0	10-Sep-24 06:11:16.786	
0	0	0	2	3	0	0	51	0	0	0	19.8	28.5	0	0	22.7	10.0	10-Sep-24 06:11:16.833	
0	0	0	1	3	0	0	47	0	0	0	19.8	28.5	0	0	22.7	10.0	10-Sep-24 06:11:16.876	
0	0	0	1	1	0	0	46	0	0	0	19.8	28.5	0	0	22.7	10.0	10-Sep-24 06:11:16.920	
0	0	0	1	2	0	0	45	0	0	0	19.8	28.5	0	0	22.7	10.0	10-Sep-24 06:11:16.963	
0	0	0	1	3	0	0	41	0	0	0	19.8	28.5	0	0	22.7	10.0	10-Sep-24 06:11:17.007	
0	0	0	0	4	0	0	41	0	0	0	19.8	28.5	0	0	22.7	10.0	10-Sep-24 06:11:17.051	
0	0	0	1	4	0	0	46	0	0	0	19.8	28.5	0	0	22.7	10.0	10-Sep-24 06:11:17.096	
0	0	0	1	5	0	0	40	0	0	0	19.8	28.5	0	0	22.7	10.0	10-Sep-24 06:11:17.140	
0	0	0	2	7	0	0	29	0	0	0	19.8	28.5	0	0	22.7	10.0	10-Sep-24 06:11:17.184	
0	0	0	1	4	0	0	45	0	0	0	19.8	28.5	0	0	22.7	10.0	10-Sep-24 06:11:17.227	
0	0	0	0	4	0	0	40	0	0	0	19.8	28.5	0	0	22.7	10.0	10-Sep-24 06:11:17.271	
0	0	0	1	5	0	0	54	0	0	0	19.8	28.5	0	0	22.7	10.0	10-Sep-24 06:11:17.322	
0	0	0	2	3	0	0	36	0	0	0	19.8	28.5	0	0	22.7	10.0	10-Sep-24 06:11:17.368	
0	0	0	1	4	0	0	41	0	0	0	19.8	28.5	0	0	22.7	10.0	10-Sep-24 06:11:17.412	
0	0	0	1	2	0	0	50	0	0	0	19.8	28.5	0	0	22.7	10.0	10-Sep-24 06:11:17.455	
0	0	0	0	5	0	0	42	0	0	0	19.8	28.5	0	0	22.7	10.0	10-Sep-24 06:11:17.544	
0	0	0	1	6	0	0	50	0	0	0	19.8	28.5	0	0	22.7	10.0	10-Sep-24 06:11:17.592	
0	0	0	1	3	0	0	43	0	0	0	19.8	28.5	0	0	22.7	10.0	10-Sep-24 06:11:17.636	
0	0	0	1	4	0	0	44	0	0	0	19.8	28.5	0	0	22.7	10.0	10-Sep-24 06:11:17.679	
0	0	0	2	5	0	0	38	0	0	0	19.8	28.5	0	0	22.7	10.0	10-Sep-24 06:11:17.724	
0	0	0	2	2	0	0	39	0	0	0	19.8	28.5	0	0	22.7	10.0	10-Sep-24 06:11:17.767	
0	0	0	0	3	0	0	42	0	0	0	19.8	28.5	0	0	22.7	10.0	10-Sep-24 06:11:17.819	
0	0	0	1	3	0	0	46	0	0	0	19.8	28.5	0	0	22.7	10.0	10-Sep-24 06:11:17.864	
0	0	0	1	1	0	0	47	0	0	0	19.8	28.5	0	0	22.7	10.0	10-Sep-24 06:11:17.907	
0	0	0	2	4	0	0	48	0	0	0	19.8	28.5	0	0	22.7	10.0	10-Sep-24 06:11:17.951	
0	0	0	1	2	0	0	34	0	0	0	19.8	28.5	0	0	22.7	10.0	10-Sep-24 06:11:17.996	
0	0	0	1	3	0	0	48	0	0	0	19.8	28.5	0	0	22.7	10.0	10-Sep-24 06:11:18.039	
0	0	0	1	4	0	0	41	0	0	0	19.8	28.5	0	0	22.7	10.0	10-Sep-24 06:11:18.083	
0	0	0	2	7	0	0	43	0	0	0	19.8	28.5	0	0	22.7	10.0	10-Sep-24 06:11:18.127	
0	0	0	1	6	0	0	45	0	0	0	19.8	28.5	0	0	22.7	10.0	10-Sep-24 06:11:18.172	
0	0	0	2	2	0	0	49	0	0	0	19.8	28.5	0	0	22.7	10.0	10-Sep-24 06:11:18.215	
0	0	0	1	6	0	0	49	0	0	0	19.8	28.5	0	0	22.7	10.0	10-Sep-24 06:11:18.260	
0	0	0	1	3	0	0	42	0	0	0	19.8	28.5	0	0	22.7	10.0	10-Sep-24 06:11:18.303	
0	0	0	0	3	0	0	37	0	0	0	19.8	28.5	0	0	22.7	10.0	10-Sep-24 06:11:18.353	
0	0	0	1	3	0	0	43	0	0	0	19.8	28.5	0	0	22.7	10.0	10-Sep-24 06:11:18.399	
0	0	0	1	6	0	0	46	0	0	0	19.8	28.5	0	0	22.7	10.0	10-Sep-24 06:11:18.443	
0	0	0	1	1	0	0	37	0	0	0	19.8	28.5	0	0	22.7	10.0	10-Sep-24 06:11:18.487	
0	0	0	1	2	0	0	51	0	0	0	19.8	28.5	0	0	22.7	10.0	10-Sep-24 06:11:18.531	
0	0	0	1	3	0	0	47	0	0	0	19.8	28.5	0	0	22.7	10.0	10-Sep-24 06:11:18.635	
0	0	0	1	1	0	0	50	0	0	0	19.8	28.5	0	0	22.7	10.0	10-Sep-24 06:11:18.680	
0	0	0	1	5	0	0	39	0	0	0	19.8	28.5	0	0	22.7	10.0	10-Sep-24 06:11:18.724	
0	0	0	2	1	0	0	45	0	0	0	19.8	28.5	0	0	22.7	10.0	10-Sep-24 06:11:18.767	
0	0	0	2	4	0	0	36	0	0	0	19.8	28.5	0	0	22.7	10.0	10-Sep-24 06:11:18.813	
0	0	0	1	3	0	0	56	0	0	0	19.8	28.5	0	0	22.7	10.0	10-Sep-24 06:11:18.865	
0	0	0	1	5	0	0	39	0	0	0	19.8	28.5	0	0	22.7	10.0	10-Sep-24 06:11:18.908	
0	0	0	1	2	0	0	56	0	0	0	19.8	28.5	0	0	22.7	10.0	10-Sep-24 06:11:18.951	
0	0	0	0	2	0	0	45	0	0	0	19.8	28.5	0	0	22.7	10.0	10-Sep-24 06:11:18.995	
0	0	0	2	5	0	0	49	0	0	0	19.8	28.5	0	0	22.7	10.0	10-Sep-24 06:11:19.040	
0	0	0	2	1	0	0	47	0	0	0	19.8	28.5	0	0	22.7	10.0	10-Sep-24 06:11:19.082	
0	0	0	2	6	0	0	47	0	0	0	19.8	28.5	0	0	22.7	10.0	10-Sep-24 06:11:19.128	
0	0	0	2	2	0	0	43	0	0	0	19.8	28.5	0	0	22.7	10.0	10-Sep-24 06:11:19.171	
0	0	0	1	3	0	0	42	0	0	0	19.8	28.5	0	0	22.7	10.0	10-Sep-24 06:11:19.215	
0	0	0	1	1	0	0	36	0	0	0	19.8	28.5	0	0	22.7	10.0	10-Sep-24 06:11:19.260	
0	0	0	1	4	0	0	47	0	0	0	19.8	28.5	0	0	22.7	10.0	10-Sep-24 06:11:19.303	
0	0	0	1	3	0	0	61	0	0	0	19.8	28.5	0	0	22.7	10.0	10-Sep-24 06:11:19.355	
0	0	0	1	4	0	0	57	0	0	0	19.8	28.5	0	0	22.7	10.0	10-Sep-24 06:11:19.399	
0	0	0	2	1	0	0	37	0	0	0	19.8	28.5	0	0	22.7	10.0	10-Sep-24 06:11:19.444	
0	0	0	2	4	0	0	54	0	0	0	19.8	28.5	0	0	22.7	10.0	10-Sep-24 06:11:19.487	
0	0	0	1	6	0	0	41	0	0	0	19.8	28.5	0	0	22.7	10.0	10-Sep-24 06:11:19.531	
0	0	0	2	2	0	0	34	0	0	0	19.8	28.5	0	0	22.7	10.0	10-Sep-24 06:11:19.575	
0	0	0	1	3	0	0	43	0	0	0	19.8	28.5	0	0	22.7	10.0	10-Sep-24 06:11:19.619	
0	0	0	2	10	0	0	54	0	0	0	19.8	28.5	0	0	22.7	10.0	10-Sep-24 06:11:19.722	
0	0	0	1	5	0	0	41	0	0	0	19.8	28.5	0	0	22.7	10.0	10-Sep-24 06:11:19.768	
0	0	0	1	3	0	0	37	0	0	0	19.8	28.5	0	0	22.7	10.0	10-Sep-24 06:11:19.811	
0	0	0	2	1	0	0	52	0	0	0	19.8	28.5	0	0	22.7	10.0	10-Sep-24 06:11:19.861	
0	0	0	0	4	0	0	47	0	0	0	19.8	28.5	0	0	22.7	10.0	10-Sep-24 06:11:19.907	
0	0	0	0	2	0	0	51	0	0	0	19.8	28.5	0	0	22.7	10.0	10-Sep-24 06:11:19.951	
0	0	0	1	4	0	0	47	0	0	0	19.8	28.5	0	0	22.7	10.0	10-Sep-24 06:11:19.995	
0	0	0	1	1	0	0	39	0	0	0	19.8	28.5	0	0	22.7	10.0	10-Sep-24 06:11:20.039	
0	0	0	0	3	0	0	45	0	0	0	19.8	28.5	0	0	22.7	10.0	10-Sep-24 06:11:20.084	
0	0	0	0	4	0	0	48	0	0	0	19.8	28.5	0	0	22.7	10.0	10-Sep-24 06:11:20.127	
0	0	0	1	3	0	0	59	0	0	0	19.8	28.5	0	0	22.7	10.0	10-Sep-24 06:11:20.171	
0	0	0	1	3	0	0	51	0	0	0	19.8	28.5	0	0	22.7	10.0	10-Sep-24 06:11:20.215	
0	0	0	1	5	0	0	44	0	0	0	19.8	28.5	0	0	22.7	10.0	10-Sep-24 06:11:20.260	
0	0	0	1	4	0	0	42	0	0	0	19.8	28.5	0	0	22.7	10.0	10-Sep-24 06:11:20.303	
0	0	0	0	5	0	0	49	0	0	0	19.8	28.5	0	0	22.7	10.0	10-Sep-24 06:11:20.347	
0	0	0	2	3	0	0	56	0	0	0	19.8	28.5	0	0	22.7	10.0	10-Sep-24 06:11:20.399	
0	0	0	2	5	0	0	48	0	0	0	19.8	28.5	0	0	22.7	10.0	10-Sep-24 06:11:20.444	
0	0	0	4	5	0	0	41	0	0	0	19.8	28.5	0	0	22.7	10.0	10-Sep-24 06:11:20.487	
0	0	0	1	4	0	0	32	0	0	0	19.8	28.5	0	0	22.7	10.0	10-Sep-24 06:11:20.531	
0	0	0	1	7	0	0	50	0	0	0	19.8	28.5	0	0	22.7	10.0	10-Sep-24 06:11:20.575	
0	0	0	1	2	0	0	49	0	0	0	19.8	28.5	0	0	22.7	10.0	10-Sep-24 06:11:20.619	
0	0	0	2	1	0	0	50	0	0	0	19.8	28.5	0	0	22.7	10.0	10-Sep-24 06:11:20.662	
0	0	0	1	4	0	0	37	0	0	0	19.8	28.5	0	0	22.7	10.0	10-Sep-24 06:11:20.703	
0	0	0	1	1	0	0	46	0	0	0	19.8	28.5	0	0	22.7	10.0	10-Sep-24 06:11:20.796	
0	0	0	2	2	0	0	54	0	0	0	19.8	28.5	0	0	22.7	10.0	10-Sep-24 06:11:20.840	
0	0	0	2	4	0	0	41	0	0	0	19.8	28.5	0	0	22.7	10.0	10-Sep-24 06:11:20.891	
0	0	0	1	3	0	0	48	0	0	0	19.8	28.5	0	0	22.7	10.0	10-Sep-24 06:11:20.936	
0	0	0	1	3	0	0	57	0	0	0	19.8	28.5	0	0	22.7	10.0	10-Sep-24 06:11:20.979	
0	0	0	1	2	0	0	39	0	0	0	19.8	28.5	0	0	22.7	10.0	10-Sep-24 06:11:21.023	
0	0	0	2	4	0	0	39	0	0	0	19.8	28.5	0	0	22.7	10.0	10-Sep-24 06:11:21.067	
0	0	0	1	2	0	0	43	0	0	0	19.8	28.5	0	0	22.7	10.0	10-Sep-24 06:11:21.112	
0	0	0	0	4	0	0	55	0	0	0	19.8	28.5	0	0	22.7	10.0	10-Sep-24 06:11:21.156	
0	0	0	0	2	0	0	50	0	0	0	19.8	28.5	0	0	22.7	10.0	10-Sep-24 06:11:21.199	
0	0	0	1	4	0	0	43	0	0	0	19.8	28.5	0	0	22.7	10.0	10-Sep-24 06:11:21.243	
0	0	0	1	2	0	0	48	0	0	0	19.8	28.5	0	0	22.7	10.0	10-Sep-24 06:11:21.287	
0	0	0	2	1	0	0	33	0	0	0	19.8	28.5	0	0	22.7	10.0	10-Sep-24 06:11:21.331	
0	0	0	1	3	0	0	60	0	0	0	19.8	28.5	0	0	22.7	10.0	10-Sep-24 06:11:21.382	
0	0	0	2	4	0	0	34	0	0	0	19.8	28.5	0	0	22.7	10.0	10-Sep-24 06:11:21.428	
0	0	0	0	3	0	0	45	0	0	0	19.8	28.5	0	0	22.7	10.0	10-Sep-24 06:11:21.472	
0	0	0	3	2	0	0	41	0	0	0	19.8	28.5	0	0	22.7	10.0	10-Sep-24 06:11:21.516	
0	0	0	1	3	0	0	51	0	0	0	19.8	28.5	0	0	22.7	10.0	10-Sep-24 06:11:21.559	
0	0	0	1	1	0	0	50	0	0	0	19.8	28.5	0	0	22.7	10.0	10-Sep-24 06:11:21.603	
0	0	0	1	4	0	0	30	0	0	0	19.8	28.5	0	0	22.7	10.0	10-Sep-24 06:11:21.647	
0	0	0	0	3	0	0	45	0	0	0	19.8	28.5	0	0	22.7	10.0	10-Sep-24 06:11:21.693	
0	0	0	0	3	0	0	43	0	0	0	19.8	28.5	0	0	22.7	10.0	10-Sep-24 06:11:21.759	
0	0	0	1	2	0	0	38	0	0	0	19.8	28.5	0	0	22.7	10.0	10-Sep-24 06:11:21.935	
0	0	0	1	1	0	0	51	0	0	0	19.8	28.5	0	0	22.7	10.0	10-Sep-24 06:11:21.975	
0	0	0	1	6	0	0	39	0	0	0	19.8	28.5	0	0	22.7	10.0	10-Sep-24 06:11:22.020	
0	0	0	2	5	0	0	42	0	0	0	19.8	28.5	0	0	22.7	10.0	10-Sep-24 06:11:22.063	
0	0	0	2	3	0	0	49	0	0	0	19.8	28.5	0	0	22.7	10.0	10-Sep-24 06:11:22.108	
0	0	0	0	2	0	0	46	0	0	0	19.8	28.5	0	0	22.7	10.0	10-Sep-24 06:11:22.152	
0	0	0	0	5	0	0	50	0	0	0	19.8	28.5	0	0	22.7	10.0	10-Sep-24 06:11:22.195	
0	0	0	2	1	0	0	41	0	0	0	19.8	28.5	0	0	22.7	10.0	10-Sep-24 06:11:22.239	
0	0	0	2	5	0	0	44	0	0	0	19.8	28.5	0	0	22.7	10.0	10-Sep-24 06:11:22.284	
0	0	0	2	5	0	0	42	0	0	0	19.8	28.5	0	0	22.7	10.0	10-Sep-24 06:11:22.328	
0	0	0	1	5	0	0	40	0	0	0	19.8	28.5	0	0	22.7	10.0	10-Sep-24 06:11:22.372	
0	0	0	1	3	0	0	49	0	0	0	19.8	28.5	0	0	22.7	10.0	10-Sep-24 06:11:22.423	
0	0	0	1	2	0	0	41	0	0	0	19.8	28.5	0	0	22.7	10.0	10-Sep-24 06:11:22.467	
0	0	0	1	3	0	0	42	0	0	0	19.8	28.5	0	0	22.7	10.0	10-Sep-24 06:11:22.512	
0	0	0	0	3	0	0	36	0	0	0	19.8	28.5	0	0	22.7	10.0	10-Sep-24 06:11:22.555	
0	0	0	2	6	0	0	51	0	0	0	19.8	28.5	0	0	22.7	10.0	10-Sep-24 06:11:22.599	
0	0	0	1	3	0	0	40	0	0	0	19.8	28.5	0	0	22.7	10.0	10-Sep-24 06:11:22.643	
0	0	0	1	2	0	0	44	0	0	0	19.8	28.5	0	0	22.7	10.0	10-Sep-24 06:11:22.688	
0	0	0	1	3	0	0	38	0	0	0	19.8	28.5	0	0	22.7	10.0	10-Sep-24 06:11:22.731	
0	0	0	2	1	0	0	40	0	0	0	19.8	28.5	0	0	22.7	10.0	10-Sep-24 06:11:22.776	
0	0	0	2	4	0	0	41	0	0	0	19.8	28.5	0	0	22.7	10.0	10-Sep-24 06:11:22.820	
0	0	0	0	4	0	0	51	0	0	0	19.8	28.5	0	0	22.7	10.0	10-Sep-24 06:11:22.864	
0	0	0	1	5	0	0	39	0	0	0	19.8	28.5	0	0	22.7	10.0	10-Sep-24 06:11:22.914	
0	0	0	2	3	0	0	63	0	0	0	19.8	28.5	0	0	22.7	10.0	10-Sep-24 06:11:23.016	
0	0	0	1	3	0	0	45	0	0	0	19.8	28.5	0	0	22.7	10.0	10-Sep-24 06:11:23.063	
0	0	0	1	6	0	0	57	0	0	0	19.8	28.5	0	0	22.7	10.0	10-Sep-24 06:11:23.107	
0	0	0	2	5	0	0	47	0	0	0	19.8	28.5	0	0	22.7	10.0	10-Sep-24 06:11:23.152	
0	0	0	2	3	0	0	55	0	0	0	19.8	28.5	0	0	22.7	10.0	10-Sep-24 06:11:23.196	
0	0	0	1	2	0	0	50	0	0	0	19.8	28.5	0	0	22.7	10.0	10-Sep-24 06:11:23.239	
0	0	0	1	5	0	0	35	0	0	0	19.8	28.5	0	0	22.7	10.0	10-Sep-24 06:11:23.283	
0	0	0	1	4	0	0	41	0	0	0	19.8	28.5	0	0	22.7	10.0	10-Sep-24 06:11:23.328	
0	0	0	1	3	0	0	49	0	0	0	19.8	28.5	0	0	22.7	10.0	10-Sep-24 06:11:23.371	
0	0	0	2	4	0	0	46	0	0	0	19.8	28.5	0	0	22.7	10.0	10-Sep-24 06:11:23.415	
0	0	0	1	3	0	0	58	0	0	0	19.8	28.5	0	0	22.7	10.0	10-Sep-24 06:11:23.467	
0	0	0	2	2	0	0	40	0	0	0	19.8	28.5	0	0	22.7	10.0	10-Sep-24 06:11:23.512	
0	0	0	2	2	0	0	46	0	0	0	19.8	28.5	0	0	22.7	10.0	10-Sep-24 06:11:23.555	
0	0	0	1	3	0	0	45	0	0	0	19.8	28.5	0	0	22.7	10.0	10-Sep-24 06:11:23.600	
0	0	0	2	3	0	0	46	0	0	0	19.8	28.5	0	0	22.7	10.0	10-Sep-24 06:11:23.643	
0	0	0	1	4	0	0	49	0	0	0	19.8	28.5	0	0	22.7	10.0	10-Sep-24 06:11:23.688	
0	0	0	2	4	0	0	47	0	0	0	19.8	28.5	0	0	22.7	10.0	10-Sep-24 06:11:23.732	
0	0	0	3	6	0	0	50	0	0	0	19.8	28.5	0	0	22.7	10.0	10-Sep-24 06:11:23.769	
0	0	0	1	2	0	0	44	0	0	0	19.8	28.5	0	0	22.7	10.0	10-Sep-24 06:11:23.812	
0	0	0	1	4	0	0	37	0	0	0	19.8	28.5	0	0	22.7	10.0	10-Sep-24 06:11:23.856	
0	0	0	1	2	0	0	37	0	0	0	19.8	28.5	0	0	22.7	10.0	10-Sep-24 06:11:23.899	
0	0	0	1	3	0	0	45	0	0	0	19.8	28.5	0	0	22.7	10.0	10-Sep-24 06:11:23.950	
0	0	0	0	5	0	0	41	0	0	0	19.8	28.5	0	0	22.7	10.0	10-Sep-24 06:11:23.997	
0	0	0	1	4	0	0	27	0	0	0	19.8	28.5	0	0	22.7	10.0	10-Sep-24 06:11:24.099	
0	0	0	1	4	0	0	49	0	0	0	19.8	28.5	0	0	22.7	10.0	10-Sep-24 06:11:24.143	
0	0	0	2	5	0	0	33	0	0	0	19.8	28.5	0	0	22.7	10.0	10-Sep-24 06:11:24.188	
0	0	0	1	2	0	0	47	0	0	0	19.8	28.5	0	0	22.7	10.0	10-Sep-24 06:11:24.231	
0	0	0	1	3	0	0	40	0	0	0	19.8	28.5	0	0	22.7	10.0	10-Sep-24 06:11:24.275	
0	0	0	2	2	0	0	53	0	0	0	19.8	28.5	0	0	22.7	10.0	10-Sep-24 06:11:24.319	
0	0	0	0	2	0	0	36	0	0	0	19.8	28.5	0	0	22.7	10.0	10-Sep-24 06:11:24.364	
0	0	0	1	3	0	0	40	0	0	0	19.8	28.5	0	0	22.7	10.0	10-Sep-24 06:11:24.408	
0	0	0	1	4	0	0	41	0	0	0	19.8	28.5	0	0	22.7	10.0	10-Sep-24 06:11:24.459	
0	0	0	1	2	0	0	47	0	0	0	19.8	28.5	0	0	22.7	10.0	10-Sep-24 06:11:24.504	
0	0	0	1	1	0	0	39	0	0	0	19.8	28.5	0	0	22.7	10.0	10-Sep-24 06:11:24.547	
0	0	0	1	5	0	0	36	0	0	0	19.8	28.5	0	0	22.7	10.0	10-Sep-24 06:11:24.591	
0	0	0	1	5	0	0	42	0	0	0	19.8	28.5	0	0	22.7	10.0	10-Sep-24 06:11:24.636	
0	0	0	2	5	0	0	37	0	0	0	19.8	28.5	0	0	22.7	10.0	10-Sep-24 06:11:24.679	
0	0	0	2	3	0	0	44	0	0	0	19.8	28.5	0	0	22.7	10.0	10-Sep-24 06:11:24.724	
0	0	0	1	1	0	0	42	0	0	0	19.8	28.5	0	0	22.7	10.0	10-Sep-24 06:11:24.768	
0	0	0	4	6	0	0	49	0	0	0	19.8	28.5	0	0	22.7	10.0	10-Sep-24 06:11:24.811	
0	0	0	1	2	0	0	42	0	0	0	19.8	28.5	0	0	22.7	10.0	10-Sep-24 06:11:24.855	
0	0	0	1	3	0	0	54	0	0	0	19.8	28.5	0	0	22.7	10.0	10-Sep-24 06:11:24.899	
0	0	0	2	1	0	0	48	0	0	0	19.8	28.5	0	0	22.7	10.0	10-Sep-24 06:11:24.944	
0	0	0	1	3	0	0	51	0	0	0	19.8	28.5	0	0	22.7	10.0	10-Sep-24 06:11:24.994	
0	0	0	1	4	0	0	44	0	0	0	19.8	28.5	0	0	22.7	10.0	10-Sep-24 06:11:25.030	
0	0	0	1	2	0	0	47	0	0	0	19.8	28.5	0	0	22.7	10.0	10-Sep-24 06:11:25.074	
0	0	0	1	3	0	0	47	0	0	0	19.8	28.5	0	0	22.7	10.0	10-Sep-24 06:11:25.178	
0	0	0	1	4	0	0	36	0	0	0	19.8	28.5	0	0	22.7	10.0	10-Sep-24 06:11:25.223	
0	0	0	1	2	0	0	44	0	0	0	19.8	28.5	0	0	22.7	10.0	10-Sep-24 06:11:25.268	
0	0	0	1	4	0	0	40	0	0	0	19.8	28.5	0	0	22.7	10.0	10-Sep-24 06:11:25.312	
0	0	0	1	1	0	0	43	0	0	0	19.8	28.5	0	0	22.7	10.0	10-Sep-24 06:11:25.356	
0	0	0	1	2	0	0	61	0	0	0	19.8	28.5	0	0	22.7	10.0	10-Sep-24 06:11:25.399	
0	0	0	1	2	0	0	36	0	0	0	19.8	28.5	0	0	22.7	10.0	10-Sep-24 06:11:25.444	
0	0	0	1	6	0	0	45	0	0	0	19.8	28.5	0	0	22.7	10.0	10-Sep-24 06:11:25.492	
0	0	0	1	3	0	0	43	0	0	0	19.8	28.5	0	0	22.7	10.0	10-Sep-24 06:11:25.537	
0	0	0	1	3	0	0	44	0	0	0	19.8	28.5	0	0	22.7	10.0	10-Sep-24 06:11:25.580	
0	0	0	1	4	0	0	45	0	0	0	19.8	28.5	0	0	22.7	10.0	10-Sep-24 06:11:25.623	
0	0	0	0	3	0	0	42	0	0	0	19.8	28.5	0	0	22.7	10.0	10-Sep-24 06:11:25.668	
0	0	0	1	3	0	0	44	0	0	0	19.8	28.5	0	0	22.7	10.0	10-Sep-24 06:11:25.712	
0	0	0	0	3	0	0	40	0	0	0	19.8	28.5	0	0	22.7	10.0	10-Sep-24 06:11:25.756	
0	0	0	1	7	0	0	39	0	0	0	19.8	28.5	0	0	22.7	10.0	10-Sep-24 06:11:25.800	
0	0	0	1	7	0	0	48	0	0	0	19.8	28.5	0	0	22.7	10.0	10-Sep-24 06:11:25.844	
0	0	0	1	3	0	0	44	0	0	0	19.8	28.5	0	0	22.7	10.0	10-Sep-24 06:11:25.888	
0	0	0	0	3	0	0	30	0	0	0	19.8	28.5	0	0	22.7	10.0	10-Sep-24 06:11:25.931	
0	0	0	0	4	0	0	36	0	0	0	19.8	28.5	0	0	22.7	10.0	10-Sep-24 06:11:25.982	
0	0	0	1	2	0	0	49	0	0	0	19.8	28.5	0	0	22.7	10.0	10-Sep-24 06:11:26.027	
0	0	0	2	5	0	0	30	0	0	0	19.8	28.5	0	0	22.7	10.0	10-Sep-24 06:11:26.072	
0	0	0	3	2	0	0	57	0	0	0	19.8	28.5	0	0	22.7	10.0	10-Sep-24 06:11:26.116	
0	0	0	1	4	0	0	46	0	0	0	19.8	28.5	0	0	22.7	10.0	10-Sep-24 06:11:26.159	
0	0	0	0	8	0	0	34	0	0	0	19.8	28.5	0	0	22.7	10.0	10-Sep-24 06:11:26.261	
0	0	0	1	2	0	0	42	0	0	0	19.8	28.5	0	0	22.7	10.0	10-Sep-24 06:11:26.307	
0	0	0	2	4	0	0	45	0	0	0	19.8	28.5	0	0	22.7	10.0	10-Sep-24 06:11:26.351	
0	0	0	1	5	0	0	56	0	0	0	19.8	28.5	0	0	22.7	10.0	10-Sep-24 06:11:26.395	
0	0	0	2	4	0	0	41	0	0	0	19.8	28.5	0	0	22.7	10.0	10-Sep-24 06:11:26.440	
0	0	0	2	1	0	0	38	0	0	0	19.8	28.5	0	0	22.7	10.0	10-Sep-24 06:11:26.484	
0	0	0	2	2	0	0	39	0	0	0	19.8	28.5	0	0	22.7	10.0	10-Sep-24 06:11:26.534	
0	0	0	1	5	0	0	46	0	0	0	19.8	28.5	0	0	22.7	10.0	10-Sep-24 06:11:26.580	
0	0	0	1	4	0	0	42	0	0	0	19.8	28.5	0	0	22.7	10.0	10-Sep-24 06:11:26.623	
0	0	0	0	3	0	0	44	0	0	0	19.8	28.5	0	0	22.7	10.0	10-Sep-24 06:11:26.667	
0	0	0	1	8	0	0	37	0	0	0	19.8	28.5	0	0	22.7	10.0	10-Sep-24 06:11:26.712	
0	0	0	1	2	0	0	34	0	0	0	19.8	28.5	0	0	22.7	10.0	10-Sep-24 06:11:26.756	
0	0	0	2	6	0	0	40	0	0	0	19.8	28.5	0	0	22.7	10.0	10-Sep-24 06:11:26.799	
0	0	0	1	5	0	0	31	0	0	0	19.8	28.5	0	0	22.7	10.0	10-Sep-24 06:11:26.843	
0	0	0	2	4	0	0	47	0	0	0	19.8	28.5	0	0	22.7	10.0	10-Sep-24 06:11:26.887	
0	0	0	2	1	0	0	51	0	0	0	19.8	28.5	0	0	22.7	10.0	10-Sep-24 06:11:26.968	
0	0	0	2	3	0	0	38	0	0	0	19.8	28.5	0	0	22.7	10.0	10-Sep-24 06:11:27.068	
0	0	0	1	3	0	0	47	0	0	0	19.8	28.5	0	0	22.7	10.0	10-Sep-24 06:11:27.128	
0	0	0	2	5	0	0	47	0	0	0	19.8	28.5	0	0	22.7	10.0	10-Sep-24 06:11:27.172	
0	0	0	1	6	0	0	53	0	0	0	19.8	28.5	0	0	22.7	10.0	10-Sep-24 06:11:27.215	
0	0	0	1	3	0	0	41	0	0	0	19.8	28.5	0	0	22.7	10.0	10-Sep-24 06:11:27.306	
0	0	0	1	6	0	0	47	0	0	0	19.8	28.5	0	0	22.7	10.0	10-Sep-24 06:11:27.351	
0	0	0	1	2	0	0	45	0	0	0	19.8	28.5	0	0	22.7	10.0	10-Sep-24 06:11:27.396	
0	0	0	1	1	0	0	52	0	0	0	19.8	28.5	0	0	22.7	10.0	10-Sep-24 06:11:27.439	
0	0	0	1	2	0	0	43	0	0	0	19.8	28.5	0	0	22.7	10.0	10-Sep-24 06:11:27.484	
0	0	0	2	2	0	0	49	0	0	0	19.8	28.5	0	0	22.7	10.0	10-Sep-24 06:11:27.535	
0	0	0	1	3	0	0	44	0	0	0	19.8	28.5	0	0	22.7	10.0	10-Sep-24 06:11:27.579	
0	0	0	2	3	0	0	39	0	0	0	19.8	28.5	0	0	22.7	10.0	10-Sep-24 06:11:27.623	
0	0	0	1	3	0	0	36	0	0	0	19.8	28.5	0	0	22.7	10.0	10-Sep-24 06:11:27.667	
0	0	0	4	3	0	0	48	0	0	0	19.8	28.5	0	0	22.7	10.0	10-Sep-24 06:11:27.712	
0	0	0	1	4	0	0	48	0	0	0	19.8	28.5	0	0	22.7	10.0	10-Sep-24 06:11:27.756	
0	0	0	1	2	0	0	34	0	0	0	19.8	28.5	0	0	22.7	10.0	10-Sep-24 06:11:27.799	
0	0	0	1	1	0	0	36	0	0	0	19.8	28.5	0	0	22.7	10.0	10-Sep-24 06:11:27.843	
0	0	0	2	3	0	0	32	0	0	0	19.8	28.5	0	0	22.7	10.0	10-Sep-24 06:11:27.888	
0	0	0	1	3	0	0	53	0	0	0	19.8	28.5	0	0	22.7	10.0	10-Sep-24 06:11:27.932	
0	0	0	1	4	0	0	40	0	0	0	19.8	28.5	0	0	22.7	10.0	10-Sep-24 06:11:27.975	
0	0	0	1	3	0	0	39	0	0	0	19.8	28.5	0	0	22.7	10.0	10-Sep-24 06:11:28.028	
0	0	0	2	1	0	0	49	0	0	0	19.8	28.5	0	0	22.7	10.0	10-Sep-24 06:11:28.072	
0	0	0	1	2	0	0	47	0	0	0	19.8	28.5	0	0	22.7	10.0	10-Sep-24 06:11:28.116	
0	0	0	0	5	0	0	43	0	0	0	19.8	28.5	0	0	22.7	10.0	10-Sep-24 06:11:28.159	
0	0	0	1	4	0	0	48	0	0	0	19.8	28.5	0	0	22.7	10.0	10-Sep-24 06:11:28.203	
0	0	0	1	3	0	0	46	0	0	0	19.8	28.5	0	0	22.7	10.0	10-Sep-24 06:11:28.247	
0	0	0	0	6	0	0	48	0	0	0	19.8	28.5	0	0	22.7	10.0	10-Sep-24 06:11:28.291	
0	0	0	2	3	0	0	48	0	0	0	19.8	28.5	0	0	22.7	10.0	10-Sep-24 06:11:28.394	
0	0	0	1	3	0	0	45	0	0	0	19.8	28.5	0	0	22.7	10.0	10-Sep-24 06:11:28.440	
0	0	0	1	3	0	0	41	0	0	0	19.8	28.5	0	0	22.7	10.0	10-Sep-24 06:11:28.476	
0	0	0	1	3	0	0	51	0	0	0	19.8	28.5	0	0	22.7	10.0	10-Sep-24 06:11:28.524	
0	0	0	2	7	0	0	44	0	0	0	19.8	28.5	0	0	22.7	10.0	10-Sep-24 06:11:28.571	
0	0	0	1	1	0	0	50	0	0	0	19.8	28.5	0	0	22.7	10.0	10-Sep-24 06:11:28.615	
0	0	0	0	2	0	0	51	0	0	0	19.8	28.5	0	0	22.7	10.0	10-Sep-24 06:11:28.660	
0	0	0	1	1	0	0	42	0	0	0	19.8	28.5	0	0	22.7	10.0	10-Sep-24 06:11:28.703	
0	0	0	3	6	0	0	41	0	0	0	19.8	28.5	0	0	22.7	10.0	10-Sep-24 06:11:28.748	
0	0	0	1	5	0	0	44	0	0	0	19.8	28.5	0	0	22.7	10.0	10-Sep-24 06:11:28.791	
0	0	0	2	4	0	0	41	0	0	0	19.8	28.5	0	0	22.7	10.0	10-Sep-24 06:11:28.835	
0	0	0	3	5	0	0	50	0	0	0	19.8	28.5	0	0	22.7	10.0	10-Sep-24 06:11:28.880	
0	0	0	1	2	0	0	45	0	0	0	19.8	28.5	0	0	22.7	10.0	10-Sep-24 06:11:28.923	
0	0	0	2	3	0	0	50	0	0	0	19.8	28.5	0	0	22.7	10.0	10-Sep-24 06:11:28.968	
0	0	0	3	4	0	0	49	0	0	0	19.8	28.5	0	0	22.7	10.0	10-Sep-24 06:11:29.011	
0	0	0	1	3	0	0	46	0	0	0	19.8	28.5	0	0	22.7	10.0	10-Sep-24 06:11:29.058	
0	0	0	1	3	0	0	55	0	0	0	19.8	28.5	0	0	22.7	10.0	10-Sep-24 06:11:29.094	
0	0	0	2	7	0	0	42	0	0	0	19.8	28.5	0	0	22.7	10.0	10-Sep-24 06:11:29.139	
0	0	0	2	2	0	0	49	0	0	0	19.8	28.5	0	0	22.7	10.0	10-Sep-24 06:11:29.183	
0	0	0	0	2	0	0	42	0	0	0	19.8	28.5	0	0	22.7	10.0	10-Sep-24 06:11:29.227	
0	0	0	1	3	0	0	45	0	0	0	19.8	28.5	0	0	22.7	10.0	10-Sep-24 06:11:29.271	
0	0	0	1	6	0	0	48	0	0	0	19.8	28.5	0	0	22.7	10.0	10-Sep-24 06:11:29.315	
0	0	0	1	3	0	0	41	0	0	0	19.8	28.5	0	0	22.7	10.0	10-Sep-24 06:11:29.360	
0	0	0	1	4	0	0	37	0	0	0	19.8	28.5	0	0	22.7	10.0	10-Sep-24 06:11:29.462	
0	0	0	1	1	0	0	38	0	0	0	19.8	28.5	0	0	22.7	10.0	10-Sep-24 06:11:29.508	
0	0	0	1	3	0	0	45	0	0	0	19.8	28.5	0	0	22.7	10.0	10-Sep-24 06:11:29.559	
0	0	0	1	3	0	0	45	0	0	0	19.8	28.5	0	0	22.7	10.0	10-Sep-24 06:11:29.604	
0	0	0	1	2	0	0	41	0	0	0	19.8	28.5	0	0	22.7	10.0	10-Sep-24 06:11:29.647	
0	0	0	1	6	0	0	35	0	0	0	19.8	28.5	0	0	22.7	10.0	10-Sep-24 06:11:29.691	
0	0	0	2	2	0	0	55	0	0	0	19.8	28.5	0	0	22.7	10.0	10-Sep-24 06:11:29.735	
0	0	0	1	3	0	0	32	0	0	0	19.8	28.5	0	0	22.7	10.0	10-Sep-24 06:11:29.779	
0	0	0	2	2	0	0	40	0	0	0	19.8	28.5	0	0	22.7	10.0	10-Sep-24 06:11:29.823	
0	0	0	1	3	0	0	43	0	0	0	19.8	28.5	0	0	22.7	10.0	10-Sep-24 06:11:29.867	
0	0	0	1	2	0	0	38	0	0	0	19.8	28.5	0	0	22.7	10.0	10-Sep-24 06:11:29.912	
0	0	0	0	4	0	0	40	0	0	0	19.8	28.5	0	0	22.7	10.0	10-Sep-24 06:11:29.955	
0	0	0	2	2	0	0	56	0	0	0	19.8	28.5	0	0	22.7	10.0	10-Sep-24 06:11:29.999	
0	0	0	1	4	0	0	43	0	0	0	19.8	28.5	0	0	22.7	10.0	10-Sep-24 06:11:30.044	
0	0	0	2	3	0	0	40	0	0	0	19.8	28.5	0	0	22.7	10.0	10-Sep-24 06:11:30.094	
0	0	0	1	3	0	0	62	0	0	0	19.8	28.5	0	0	22.7	10.0	10-Sep-24 06:11:30.140	
0	0	0	1	3	0	0	53	0	0	0	19.8	28.5	0	0	22.7	10.0	10-Sep-24 06:11:30.183	
0	0	0	2	2	0	0	51	0	0	0	19.8	28.5	0	0	22.7	10.0	10-Sep-24 06:11:30.228	
0	0	0	2	4	0	0	41	0	0	0	19.8	28.5	0	0	22.7	10.0	10-Sep-24 06:11:30.271	
0	0	0	2	4	0	0	40	0	0	0	19.8	28.5	0	0	22.7	10.0	10-Sep-24 06:11:30.315	
0	0	0	1	5	0	0	35	0	0	0	19.8	28.5	0	0	22.7	10.0	10-Sep-24 06:11:30.359	
0	0	0	0	3	0	0	39	0	0	0	19.8	28.5	0	0	22.7	10.0	10-Sep-24 06:11:30.403	
0	0	0	0	2	0	0	39	0	0	0	19.8	28.5	0	0	22.7	10.0	10-Sep-24 06:11:30.448	
0	0	0	2	3	0	0	33	0	0	0	19.8	28.5	0	0	22.7	10.0	10-Sep-24 06:11:30.550	
0	0	0	3	3	0	0	49	0	0	0	19.8	28.5	0	0	22.7	10.0	10-Sep-24 06:11:30.600	
0	0	0	1	3	0	0	49	0	0	0	19.8	28.5	0	0	22.7	10.0	10-Sep-24 06:11:30.648	
0	0	0	2	5	0	0	44	0	0	0	19.8	28.5	0	0	22.7	10.0	10-Sep-24 06:11:30.691	
0	0	0	2	3	0	0	29	0	0	0	19.8	28.5	0	0	22.7	10.0	10-Sep-24 06:11:30.736	
0	0	0	1	4	0	0	54	0	0	0	19.8	28.5	0	0	22.7	10.0	10-Sep-24 06:11:30.779	
0	0	0	0	3	0	0	49	0	0	0	19.8	28.5	0	0	22.7	10.0	10-Sep-24 06:11:30.823	
0	0	0	3	6	0	0	52	0	0	0	19.8	28.5	0	0	22.7	10.0	10-Sep-24 06:11:30.868	
0	0	0	1	3	0	0	57	0	0	0	19.8	28.5	0	0	22.7	10.0	10-Sep-24 06:11:30.912	
0	0	0	1	5	0	0	46	0	0	0	19.8	28.5	0	0	22.7	10.0	10-Sep-24 06:11:30.956	
0	0	0	0	4	0	0	46	0	0	0	19.8	28.5	0	0	22.7	10.0	10-Sep-24 06:11:30.999	
0	0	0	3	3	0	0	36	0	0	0	19.8	28.5	0	0	22.7	10.0	10-Sep-24 06:11:31.043	
0	0	0	1	1	0	0	38	0	0	0	19.8	28.5	0	0	22.7	10.0	10-Sep-24 06:11:31.095	
0	0	0	1	6	0	0	40	0	0	0	19.8	28.5	0	0	22.7	10.0	10-Sep-24 06:11:31.139	
0	0	0	2	1	0	0	42	0	0	0	19.8	28.5	0	0	22.7	10.0	10-Sep-24 06:11:31.184	
0	0	0	1	3	0	0	51	0	0	0	19.8	28.5	0	0	22.7	10.0	10-Sep-24 06:11:31.228	
0	0	0	2	9	0	0	45	0	0	0	19.8	28.5	0	0	22.7	10.0	10-Sep-24 06:11:31.271	
0	0	0	2	1	0	0	38	0	0	0	19.8	28.5	0	0	22.7	10.0	10-Sep-24 06:11:31.308	
0	0	0	2	4	0	0	43	0	0	0	19.8	28.5	0	0	22.7	10.0	10-Sep-24 06:11:31.352	
0	0	0	2	3	0	0	38	0	0	0	19.8	28.5	0	0	22.7	10.0	10-Sep-24 06:11:31.395	
0	0	0	0	1	0	0	40	0	0	0	19.8	28.5	0	0	22.7	10.0	10-Sep-24 06:11:31.440	
0	0	0	1	2	0	0	54	0	0	0	19.8	28.5	0	0	22.7	10.0	10-Sep-24 06:11:31.483	
0	0	0	0	2	0	0	49	0	0	0	19.8	28.5	0	0	22.7	10.0	10-Sep-24 06:11:31.527	
0	0	0	1	4	0	0	43	0	0	0	19.8	28.5	0	0	22.7	10.0	10-Sep-24 06:11:31.638	
0	0	0	1	3	0	0	39	0	0	0	19.8	28.5	0	0	22.7	10.0	10-Sep-24 06:11:31.684	
0	0	0	3	4	0	0	45	0	0	0	19.8	28.5	0	0	22.7	10.0	10-Sep-24 06:11:31.727	
0	0	0	1	1	0	0	47	0	0	0	19.8	28.5	0	0	22.7	10.0	10-Sep-24 06:11:31.772	
0	0	0	0	4	0	0	44	0	0	0	19.8	28.5	0	0	22.7	10.0	10-Sep-24 06:11:31.815	
0	0	0	1	4	0	0	42	0	0	0	19.8	28.5	0	0	22.7	10.0	10-Sep-24 06:11:31.859	
0	0	0	1	2	0	0	58	0	0	0	19.8	28.5	0	0	22.7	10.0	10-Sep-24 06:11:31.904	
0	0	0	2	3	0	0	39	0	0	0	19.8	28.5	0	0	22.7	10.0	10-Sep-24 06:11:31.947	
0	0	0	1	3	0	0	51	0	0	0	19.8	28.5	0	0	22.7	10.0	10-Sep-24 06:11:31.991	
0	0	0	1	1	0	0	37	0	0	0	19.8	28.5	0	0	22.7	10.0	10-Sep-24 06:11:32.036	
0	0	0	0	3	0	0	48	0	0	0	19.8	28.5	0	0	22.7	10.0	10-Sep-24 06:11:32.079	
0	0	0	1	4	0	0	42	0	0	0	19.8	28.5	0	0	22.7	10.0	10-Sep-24 06:11:32.169	
0	0	0	2	4	0	0	42	0	0	0	19.8	28.5	0	0	22.7	10.0	10-Sep-24 06:11:32.229	
0	0	0	2	1	0	0	35	0	0	0	19.8	28.5	0	0	22.7	10.0	10-Sep-24 06:11:32.303	
0	0	0	0	2	0	0	47	0	0	0	19.8	28.5	0	0	22.7	10.0	10-Sep-24 06:11:32.362	
0	0	0	2	3	0	0	41	0	0	0	19.8	28.5	0	0	22.7	10.0	10-Sep-24 06:11:32.409	
0	0	0	1	2	0	0	56	0	0	0	19.8	28.5	0	0	22.7	10.0	10-Sep-24 06:11:32.452	
0	0	0	2	4	0	0	48	0	0	0	19.8	28.5	0	0	22.7	10.0	10-Sep-24 06:11:32.495	
0	0	0	0	4	0	0	40	0	0	0	19.8	28.5	0	0	22.7	10.0	10-Sep-24 06:11:32.540	
0	0	0	2	1	0	0	47	0	0	0	19.8	28.5	0	0	22.7	10.0	10-Sep-24 06:11:32.584	
0	0	0	2	2	0	0	41	0	0	0	19.8	28.5	0	0	22.7	10.0	10-Sep-24 06:11:32.695	
0	0	0	1	4	0	0	51	0	0	0	19.8	28.5	0	0	22.7	10.0	10-Sep-24 06:11:32.744	
0	0	0	1	5	0	0	41	0	0	0	19.8	28.5	0	0	22.7	10.0	10-Sep-24 06:11:32.787	
0	0	0	1	4	0	0	38	0	0	0	19.8	28.5	0	0	22.7	10.0	10-Sep-24 06:11:32.832	
0	0	0	2	3	0	0	38	0	0	0	19.8	28.5	0	0	22.7	10.0	10-Sep-24 06:11:32.876	
0	0	0	2	1	0	0	42	0	0	0	19.8	28.5	0	0	22.7	10.0	10-Sep-24 06:11:32.920	
0	0	0	1	1	0	0	47	0	0	0	19.8	28.5	0	0	22.7	10.0	10-Sep-24 06:11:32.963	
0	0	0	2	4	0	0	49	0	0	0	19.8	28.5	0	0	22.7	10.0	10-Sep-24 06:11:33.007	
0	0	0	0	1	0	0	60	0	0	0	19.8	28.5	0	0	22.7	10.0	10-Sep-24 06:11:33.051	
0	0	0	0	2	0	0	36	0	0	0	19.8	28.5	0	0	22.7	10.0	10-Sep-24 06:11:33.095	
0	0	0	2	2	0	0	38	0	0	0	19.8	28.5	0	0	22.7	10.0	10-Sep-24 06:11:33.147	
0	0	0	1	4	0	0	32	0	0	0	19.8	28.5	0	0	22.7	10.0	10-Sep-24 06:11:33.192	
0	0	0	2	4	0	0	48	0	0	0	19.8	28.5	0	0	22.7	10.0	10-Sep-24 06:11:33.236	
0	0	0	1	2	0	0	40	0	0	0	19.8	28.5	0	0	22.7	10.0	10-Sep-24 06:11:33.280	
0	0	0	1	5	0	0	39	0	0	0	19.8	28.5	0	0	22.7	10.0	10-Sep-24 06:11:33.323	
0	0	0	0	4	0	0	52	0	0	0	19.8	28.5	0	0	22.7	10.0	10-Sep-24 06:11:33.368	
0	0	0	1	4	0	0	38	0	0	0	19.8	28.5	0	0	22.7	10.0	10-Sep-24 06:11:33.411	
0	0	0	0	3	0	0	40	0	0	0	19.8	28.5	0	0	22.7	10.0	10-Sep-24 06:11:33.456	
0	0	0	2	2	0	0	51	0	0	0	19.8	28.5	0	0	22.7	10.0	10-Sep-24 06:11:33.500	
0	0	0	1	2	0	0	47	0	0	0	19.8	28.5	0	0	22.7	10.0	10-Sep-24 06:11:33.543	
0	0	0	1	3	0	0	41	0	0	0	19.8	28.5	0	0	22.7	10.0	10-Sep-24 06:11:33.580	
0	0	0	1	4	0	0	49	0	0	0	19.8	28.5	0	0	22.7	10.0	10-Sep-24 06:11:33.623	
0	0	0	1	3	0	0	37	0	0	0	19.8	28.5	0	0	22.7	10.0	10-Sep-24 06:11:33.676	
0	0	0	1	2	0	0	44	0	0	0	19.8	28.5	0	0	22.7	10.0	10-Sep-24 06:11:33.771	
0	0	0	1	5	0	0	46	0	0	0	19.8	28.5	0	0	22.7	10.0	10-Sep-24 06:11:33.815	
0	0	0	2	3	0	0	41	0	0	0	19.8	28.5	0	0	22.7	10.0	10-Sep-24 06:11:33.859	
0	0	0	2	4	0	0	59	0	0	0	19.8	28.5	0	0	22.7	10.0	10-Sep-24 06:11:33.904	
0	0	0	0	4	0	0	39	0	0	0	19.8	28.5	0	0	22.7	10.0	10-Sep-24 06:11:33.947	
0	0	0	4	3	0	0	48	0	0	0	19.8	28.5	0	0	22.7	10.0	10-Sep-24 06:11:33.992	
0	0	0	3	2	0	0	38	0	0	0	19.8	28.5	0	0	22.7	10.0	10-Sep-24 06:11:34.035	
0	0	0	1	3	0	0	44	0	0	0	19.8	28.5	0	0	22.7	10.0	10-Sep-24 06:11:34.080	
0	0	0	2	4	0	0	47	0	0	0	19.8	28.5	0	0	22.7	10.0	10-Sep-24 06:11:34.124	
0	0	0	1	2	0	0	44	0	0	0	19.8	28.5	0	0	22.7	10.0	10-Sep-24 06:11:34.169	
0	0	0	3	3	0	0	37	0	0	0	19.8	28.5	0	0	22.7	10.0	10-Sep-24 06:11:34.211	
0	0	0	1	3	0	0	43	0	0	0	19.8	28.5	0	0	22.7	10.0	10-Sep-24 06:11:34.255	
0	0	0	1	1	0	0	35	0	0	0	19.8	28.5	0	0	22.7	10.0	10-Sep-24 06:11:34.300	
0	0	0	2	2	0	0	52	0	0	0	19.8	28.5	0	0	22.7	10.0	10-Sep-24 06:11:34.343	
0	0	0	0	2	0	0	47	0	0	0	19.8	28.5	0	0	22.7	10.0	10-Sep-24 06:11:34.387	
0	0	0	0	5	0	0	44	0	0	0	19.8	28.5	0	0	22.7	10.0	10-Sep-24 06:11:34.431	
0	0	0	3	3	0	0	39	0	0	0	19.8	28.5	0	0	22.7	10.0	10-Sep-24 06:11:34.475	
0	0	0	1	3	0	0	44	0	0	0	19.8	28.5	0	0	22.7	10.0	10-Sep-24 06:11:34.520	
0	0	0	1	4	0	0	59	0	0	0	19.8	28.5	0	0	22.7	10.0	10-Sep-24 06:11:34.563	
0	0	0	2	2	0	0	50	0	0	0	19.8	28.5	0	0	22.7	10.0	10-Sep-24 06:11:34.608	
0	0	0	1	4	0	0	47	0	0	0	19.8	28.5	0	0	22.7	10.0	10-Sep-24 06:11:34.657	
0	0	0	1	1	0	0	47	0	0	0	19.8	28.5	0	0	22.7	10.0	10-Sep-24 06:11:34.703	
0	0	0	2	5	0	0	53	0	0	0	19.8	28.5	0	0	22.7	10.0	10-Sep-24 06:11:34.748	
0	0	0	2	2	0	0	46	0	0	0	19.8	28.5	0	0	22.7	10.0	10-Sep-24 06:11:34.850	
0	0	0	1	3	0	0	46	0	0	0	19.8	28.5	0	0	22.7	10.0	10-Sep-24 06:11:34.895	
0	0	0	1	4	0	0	46	0	0	0	19.8	28.5	0	0	22.7	10.0	10-Sep-24 06:11:34.941	
0	0	0	1	6	0	0	39	0	0	0	19.8	28.5	0	0	22.7	10.0	10-Sep-24 06:11:34.983	
0	0	0	0	1	0	0	49	0	0	0	19.8	28.5	0	0	22.7	10.0	10-Sep-24 06:11:35.027	
0	0	0	3	3	0	0	42	0	0	0	19.8	28.5	0	0	22.7	10.0	10-Sep-24 06:11:35.071	
0	0	0	2	3	0	0	38	0	0	0	19.8	28.5	0	0	22.7	10.0	10-Sep-24 06:11:35.115	
0	0	0	2	2	0	0	57	0	0	0	19.8	28.5	0	0	22.7	10.0	10-Sep-24 06:11:35.168	
0	0	0	2	2	0	0	48	0	0	0	19.8	28.5	0	0	22.7	10.0	10-Sep-24 06:11:35.212	
0	0	0	1	2	0	0	54	0	0	0	19.8	28.5	0	0	22.7	10.0	10-Sep-24 06:11:35.256	
0	0	0	1	2	0	0	40	0	0	0	19.8	28.5	0	0	22.7	10.0	10-Sep-24 06:11:35.299	
0	0	0	2	1	0	0	41	0	0	0	19.8	28.5	0	0	22.7	10.0	10-Sep-24 06:11:35.344	
0	0	0	0	3	0	0	40	0	0	0	19.8	28.5	0	0	22.7	10.0	10-Sep-24 06:11:35.387	
0	0	0	1	2	0	0	51	0	0	0	19.8	28.5	0	0	22.7	10.0	10-Sep-24 06:11:35.431	
0	0	0	2	2	0	0	44	0	0	0	19.8	28.5	0	0	22.7	10.0	10-Sep-24 06:11:35.476	
0	0	0	2	4	0	0	46	0	0	0	19.8	28.5	0	0	22.7	10.0	10-Sep-24 06:11:35.519	
0	0	0	0	4	0	0	44	0	0	0	19.8	28.5	0	0	22.7	10.0	10-Sep-24 06:11:35.564	
0	0	0	2	6	0	0	51	0	0	0	19.8	28.5	0	0	22.7	10.0	10-Sep-24 06:11:35.607	
0	0	0	1	4	0	0	37	0	0	0	19.8	28.5	0	0	22.7	10.0	10-Sep-24 06:11:35.651	
0	0	0	2	4	0	0	39	0	0	0	19.8	28.5	0	0	22.7	10.0	10-Sep-24 06:11:35.702	
0	0	0	3	2	0	0	44	0	0	0	19.8	28.5	0	0	22.7	10.0	10-Sep-24 06:11:35.749	
0	0	0	1	2	0	0	36	0	0	0	19.8	28.5	0	0	22.7	10.0	10-Sep-24 06:11:35.792	
0	0	0	3	3	0	0	51	0	0	0	19.8	28.5	0	0	22.7	10.0	10-Sep-24 06:11:35.835	
0	0	0	3	4	0	0	50	0	0	0	19.8	28.5	0	0	22.7	10.0	10-Sep-24 06:11:35.939	
0	0	0	1	2	0	0	47	0	0	0	19.8	28.5	0	0	22.7	10.0	10-Sep-24 06:11:35.983	
0	0	0	1	4	0	0	62	0	0	0	19.8	28.5	0	0	22.7	10.0	10-Sep-24 06:11:36.028	
0	0	0	2	4	0	0	52	0	0	0	19.8	28.5	0	0	22.7	10.0	10-Sep-24 06:11:36.072	
0	0	0	1	4	0	0	43	0	0	0	19.8	28.5	0	0	22.7	10.0	10-Sep-24 06:11:36.116	
0	0	0	1	2	0	0	40	0	0	0	19.8	28.5	0	0	22.7	10.0	10-Sep-24 06:11:36.160	
0	0	0	1	4	0	0	35	0	0	0	19.8	28.5	0	0	22.7	10.0	10-Sep-24 06:11:36.211	
0	0	0	1	4	0	0	36	0	0	0	19.8	28.5	0	0	22.7	10.0	10-Sep-24 06:11:36.255	
0	0	0	0	2	0	0	42	0	0	0	19.8	28.5	0	0	22.7	10.0	10-Sep-24 06:11:36.299	
0	0	0	1	5	0	0	45	0	0	0	19.8	28.5	0	0	22.7	10.0	10-Sep-24 06:11:36.336	
0	0	0	1	2	0	0	69	0	0	0	19.8	28.5	0	0	22.7	10.0	10-Sep-24 06:11:36.380	
0	0	0	1	3	0	0	49	0	0	0	19.8	28.5	0	0	22.7	10.0	10-Sep-24 06:11:36.424	
0	0	0	0	3	0	0	34	0	0	0	19.8	28.5	0	0	22.7	10.0	10-Sep-24 06:11:36.467	
0	0	0	1	5	0	0	44	0	0	0	19.8	28.5	0	0	22.7	10.0	10-Sep-24 06:11:36.511	
0	0	0	1	2	0	0	47	0	0	0	19.8	28.5	0	0	22.7	10.0	10-Sep-24 06:11:36.556	
0	0	0	0	5	0	0	39	0	0	0	19.8	28.5	0	0	22.7	10.0	10-Sep-24 06:11:36.599	
0	0	0	1	2	0	0	57	0	0	0	19.8	28.5	0	0	22.7	10.0	10-Sep-24 06:11:36.643	
0	0	0	4	5	0	0	35	0	0	0	19.8	28.5	0	0	22.7	10.0	10-Sep-24 06:11:36.688	
0	0	0	1	5	0	0	45	0	0	0	19.8	28.5	0	0	22.7	10.0	10-Sep-24 06:11:36.737	
0	0	0	3	1	0	0	40	0	0	0	19.8	28.5	0	0	22.7	10.0	10-Sep-24 06:11:36.785	
0	0	0	1	5	0	0	51	0	0	0	19.8	28.5	0	0	22.7	10.0	10-Sep-24 06:11:36.828	
0	0	0	1	5	0	0	61	0	0	0	19.8	28.5	0	0	22.7	10.0	10-Sep-24 06:11:36.872	
0	0	0	2	2	0	0	43	0	0	0	19.8	28.5	0	0	22.7	10.0	10-Sep-24 06:11:36.915	
0	0	0	1	5	0	0	50	0	0	0	19.8	28.5	0	0	22.7	10.0	10-Sep-24 06:11:37.018	
0	0	0	1	4	0	0	29	0	0	0	19.8	28.5	0	0	22.7	10.0	10-Sep-24 06:11:37.064	
0	0	0	0	5	0	0	33	0	0	0	19.8	28.5	0	0	22.7	10.0	10-Sep-24 06:11:37.107	
0	0	0	4	3	0	0	44	0	0	0	19.8	28.5	0	0	22.7	10.0	10-Sep-24 06:11:37.152	
0	0	0	1	4	0	0	45	0	0	0	19.8	28.5	0	0	22.7	10.0	10-Sep-24 06:11:37.196	
0	0	0	1	4	0	0	37	0	0	0	19.8	28.5	0	0	22.7	10.0	10-Sep-24 06:11:37.249	
0	0	0	2	4	0	0	41	0	0	0	19.8	28.5	0	0	22.7	10.0	10-Sep-24 06:11:37.292	
0	0	0	1	4	0	0	51	0	0	0	19.8	28.5	0	0	22.7	10.0	10-Sep-24 06:11:37.335	
0	0	0	1	3	0	0	52	0	0	0	19.8	28.5	0	0	22.7	10.0	10-Sep-24 06:11:37.413	
0	0	0	3	3	0	0	43	0	0	0	19.8	28.5	0	0	22.7	10.0	10-Sep-24 06:11:37.509	
0	0	0	2	1	0	0	44	0	0	0	19.8	28.5	0	0	22.7	10.0	10-Sep-24 06:11:37.581	
0	0	0	3	7	0	0	47	0	0	0	19.8	28.5	0	0	22.7	10.0	10-Sep-24 06:11:37.624	
0	0	0	1	2	0	0	31	0	0	0	19.8	28.5	0	0	22.7	10.0	10-Sep-24 06:11:37.667	
0	0	0	3	7	0	0	47	0	0	0	19.8	28.5	0	0	22.7	10.0	10-Sep-24 06:11:37.717	
0	0	0	3	5	0	0	39	0	0	0	19.8	28.5	0	0	22.7	10.0	10-Sep-24 06:11:37.765	
0	0	0	1	6	0	0	45	0	0	0	19.8	28.5	0	0	22.7	10.0	10-Sep-24 06:11:37.808	
0	0	0	1	4	0	0	43	0	0	0	19.8	28.5	0	0	22.7	10.0	10-Sep-24 06:11:37.851	
0	0	0	1	3	0	0	43	0	0	0	19.8	28.5	0	0	22.7	10.0	10-Sep-24 06:11:37.895	
0	0	0	1	4	0	0	51	0	0	0	19.8	28.5	0	0	22.7	10.0	10-Sep-24 06:11:37.939	
0	0	0	1	7	0	0	58	0	0	0	19.8	28.5	0	0	22.7	10.0	10-Sep-24 06:11:37.984	
0	0	0	1	2	0	0	51	0	0	0	19.8	28.5	0	0	22.7	10.0	10-Sep-24 06:11:38.087	
0	0	0	1	5	0	0	46	0	0	0	19.8	28.5	0	0	22.7	10.0	10-Sep-24 06:11:38.132	
0	0	0	0	2	0	0	54	0	0	0	19.8	28.5	0	0	22.7	10.0	10-Sep-24 06:11:38.176	
0	0	0	0	1	0	0	43	0	0	0	19.8	28.5	0	0	22.7	10.0	10-Sep-24 06:11:38.225	
0	0	0	1	4	0	0	52	0	0	0	19.8	28.5	0	0	22.7	10.0	10-Sep-24 06:11:38.264	
0	0	0	1	4	0	0	49	0	0	0	19.8	28.5	0	0	22.7	10.0	10-Sep-24 06:11:38.307	
0	0	0	1	2	0	0	42	0	0	0	19.8	28.5	0	0	22.7	10.0	10-Sep-24 06:11:38.351	
0	0	0	2	2	0	0	46	0	0	0	19.8	28.5	0	0	22.7	10.0	10-Sep-24 06:11:38.395	
0	0	0	1	3	0	0	56	0	0	0	19.8	28.5	0	0	22.7	10.0	10-Sep-24 06:11:38.440	
0	0	0	0	4	0	0	54	0	0	0	19.8	28.5	0	0	22.7	10.0	10-Sep-24 06:11:38.484	
0	0	0	3	10	0	0	41	0	0	0	19.8	28.5	0	0	22.7	10.0	10-Sep-24 06:11:38.527	
0	0	0	1	5	0	0	48	0	0	0	19.8	28.5	0	0	22.7	10.0	10-Sep-24 06:11:38.571	
0	0	0	1	5	0	0	47	0	0	0	19.8	28.5	0	0	22.7	10.0	10-Sep-24 06:11:38.615	
0	0	0	2	3	0	0	42	0	0	0	19.8	28.5	0	0	22.7	10.0	10-Sep-24 06:11:38.660	
0	0	0	1	3	0	0	56	0	0	0	19.8	28.5	0	0	22.7	10.0	10-Sep-24 06:11:38.703	
0	0	0	2	2	0	0	47	0	0	0	19.8	28.5	0	0	22.7	10.0	10-Sep-24 06:11:38.755	
0	0	0	2	1	0	0	52	0	0	0	19.8	28.5	0	0	22.7	10.0	10-Sep-24 06:11:38.799	
0	0	0	1	2	0	0	35	0	0	0	19.8	28.5	0	0	22.7	10.0	10-Sep-24 06:11:38.844	
0	0	0	1	1	0	0	40	0	0	0	19.8	28.5	0	0	22.7	10.0	10-Sep-24 06:11:38.888	
0	0	0	1	4	0	0	36	0	0	0	19.8	28.5	0	0	22.7	10.0	10-Sep-24 06:11:38.930	
0	0	0	2	1	0	0	50	0	0	0	19.8	28.5	0	0	22.7	10.0	10-Sep-24 06:11:38.976	
0	0	0	1	3	0	0	41	0	0	0	19.8	28.5	0	0	22.7	10.0	10-Sep-24 06:11:39.020	
0	0	0	1	2	0	0	48	0	0	0	19.8	28.5	0	0	22.7	10.0	10-Sep-24 06:11:39.064	
0	0	0	1	10	0	0	42	0	0	0	19.8	28.5	0	0	22.7	10.0	10-Sep-24 06:11:39.166	
0	0	0	1	6	0	0	36	0	0	0	19.8	28.5	0	0	22.7	10.0	10-Sep-24 06:11:39.212	
0	0	0	0	2	0	0	58	0	0	0	19.8	28.5	0	0	22.7	10.0	10-Sep-24 06:11:39.263	
0	0	0	0	1	0	0	42	0	0	0	19.8	28.5	0	0	22.7	10.0	10-Sep-24 06:11:39.308	
0	0	0	2	3	0	0	52	0	0	0	19.8	28.5	0	0	22.7	10.0	10-Sep-24 06:11:39.351	
0	0	0	2	2	0	0	39	0	0	0	19.8	28.5	0	0	22.7	10.0	10-Sep-24 06:11:39.396	
0	0	0	2	1	0	0	47	0	0	0	19.8	28.5	0	0	22.7	10.0	10-Sep-24 06:11:39.439	
0	0	0	1	5	0	0	50	0	0	0	19.8	28.5	0	0	22.7	10.0	10-Sep-24 06:11:39.484	
0	0	0	2	3	0	0	50	0	0	0	19.8	28.5	0	0	22.7	10.0	10-Sep-24 06:11:39.527	
0	0	0	0	4	0	0	45	0	0	0	19.8	28.5	0	0	22.7	10.0	10-Sep-24 06:11:39.572	
0	0	0	0	2	0	0	49	0	0	0	19.8	28.5	0	0	22.7	10.0	10-Sep-24 06:11:39.616	
0	0	0	1	2	0	0	47	0	0	0	19.8	28.5	0	0	22.7	10.0	10-Sep-24 06:11:39.659	
0	0	0	2	3	0	0	45	0	0	0	19.8	28.5	0	0	22.7	10.0	10-Sep-24 06:11:39.703	
0	0	0	3	5	0	0	31	0	0	0	19.8	28.5	0	0	22.7	10.0	10-Sep-24 06:11:39.748	
0	0	0	2	2	0	0	51	0	0	0	19.8	28.5	0	0	22.7	10.0	10-Sep-24 06:11:39.796	
0	0	0	1	4	0	0	49	0	0	0	19.8	28.5	0	0	22.7	10.0	10-Sep-24 06:11:39.840	
0	0	0	2	2	0	0	35	0	0	0	19.8	28.5	0	0	22.7	10.0	10-Sep-24 06:11:39.884	
0	0	0	1	2	0	0	27	0	0	0	19.8	28.5	0	0	22.7	10.0	10-Sep-24 06:11:39.927	
0	0	0	2	1	0	0	44	0	0	0	19.8	28.5	0	0	22.7	10.0	10-Sep-24 06:11:39.971	
0	0	0	2	3	0	0	38	0	0	0	19.8	28.5	0	0	22.7	10.0	10-Sep-24 06:11:40.015	
0	0	0	1	5	0	0	48	0	0	0	19.8	28.5	0	0	22.7	10.0	10-Sep-24 06:11:40.059	
0	0	0	1	5	0	0	35	0	0	0	19.8	28.5	0	0	22.7	10.0	10-Sep-24 06:11:40.102	
0	0	0	2	3	0	0	35	0	0	0	19.8	28.5	0	0	22.7	10.0	10-Sep-24 06:11:40.148	
0	0	0	0	3	0	0	45	0	0	0	19.8	28.5	0	0	22.7	10.0	10-Sep-24 06:11:40.251	
0	0	0	1	5	0	0	54	0	0	0	19.8	28.5	0	0	22.7	10.0	10-Sep-24 06:11:40.303	
0	0	0	2	5	0	0	39	0	0	0	19.8	28.5	0	0	22.7	10.0	10-Sep-24 06:11:40.348	
0	0	0	1	4	0	0	53	0	0	0	19.8	28.5	0	0	22.7	10.0	10-Sep-24 06:11:40.391	
0	0	0	2	2	0	0	55	0	0	0	19.8	28.5	0	0	22.7	10.0	10-Sep-24 06:11:40.435	
0	0	0	2	5	0	0	64	0	0	0	19.8	28.5	0	0	22.7	10.0	10-Sep-24 06:11:40.479	
0	0	0	1	3	0	0	40	0	0	0	19.8	28.5	0	0	22.7	10.0	10-Sep-24 06:11:40.524	
0	0	0	2	2	0	0	44	0	0	0	19.8	28.5	0	0	22.7	10.0	10-Sep-24 06:11:40.567	
0	0	0	2	4	0	0	34	0	0	0	19.8	28.5	0	0	22.7	10.0	10-Sep-24 06:11:40.612	
0	0	0	2	4	0	0	42	0	0	0	19.8	28.5	0	0	22.7	10.0	10-Sep-24 06:11:40.656	
0	0	0	2	2	0	0	46	0	0	0	19.8	28.5	0	0	22.7	10.0	10-Sep-24 06:11:40.699	
0	0	0	2	4	0	0	39	0	0	0	19.8	28.5	0	0	22.7	10.0	10-Sep-24 06:11:40.741	
0	0	0	2	1	0	0	42	0	0	0	19.8	28.5	0	0	22.7	10.0	10-Sep-24 06:11:40.783	
0	0	0	1	1	0	0	47	0	0	0	19.8	28.5	0	0	22.7	10.0	10-Sep-24 06:11:40.834	
0	0	0	1	3	0	0	52	0	0	0	19.8	28.5	0	0	22.7	10.0	10-Sep-24 06:11:40.879	
0	0	0	1	3	0	0	37	0	0	0	19.8	28.5	0	0	22.7	10.0	10-Sep-24 06:11:40.924	
0	0	0	1	4	0	0	53	0	0	0	19.8	28.5	0	0	22.7	10.0	10-Sep-24 06:11:40.968	
0	0	0	3	3	0	0	42	0	0	0	19.8	28.5	0	0	22.7	10.0	10-Sep-24 06:11:41.012	
0	0	0	1	2	0	0	46	0	0	0	19.8	28.5	0	0	22.7	10.0	10-Sep-24 06:11:41.055	
0	0	0	1	2	0	0	44	0	0	0	19.8	28.5	0	0	22.7	10.0	10-Sep-24 06:11:41.100	
0	0	0	2	1	0	0	46	0	0	0	19.8	28.5	0	0	22.7	10.0	10-Sep-24 06:11:41.144	
0	0	0	1	3	0	0	30	0	0	0	19.8	28.5	0	0	22.7	10.0	10-Sep-24 06:11:41.188	
0	0	0	2	2	0	0	46	0	0	0	19.8	28.5	0	0	22.7	10.0	10-Sep-24 06:11:41.231	
0	0	0	1	4	0	0	63	0	0	0	19.8	28.5	0	0	22.7	10.0	10-Sep-24 06:11:41.342	
0	0	0	1	4	0	0	44	0	0	0	19.8	28.5	0	0	22.7	10.0	10-Sep-24 06:11:41.387	
0	0	0	1	4	0	0	46	0	0	0	19.8	28.5	0	0	22.7	10.0	10-Sep-24 06:11:41.431	
0	0	0	3	1	0	0	41	0	0	0	19.8	28.5	0	0	22.7	10.0	10-Sep-24 06:11:41.475	
0	0	0	2	5	0	0	51	0	0	0	19.8	28.5	0	0	22.7	10.0	10-Sep-24 06:11:41.512	
0	0	0	1	5	0	0	54	0	0	0	19.8	28.5	0	0	22.7	10.0	10-Sep-24 06:11:41.556	
0	0	0	2	3	0	0	44	0	0	0	19.8	28.5	0	0	22.7	10.0	10-Sep-24 06:11:41.600	
0	0	0	1	3	0	0	55	0	0	0	19.8	28.5	0	0	22.7	10.0	10-Sep-24 06:11:41.643	
0	0	0	1	3	0	0	48	0	0	0	19.8	28.5	0	0	22.7	10.0	10-Sep-24 06:11:41.687	
0	0	0	1	1	0	0	50	0	0	0	19.8	28.5	0	0	22.7	10.0	10-Sep-24 06:11:41.732	
0	0	0	3	6	0	0	27	0	0	0	19.8	28.5	0	0	22.7	10.0	10-Sep-24 06:11:41.776	
0	0	0	1	3	0	0	50	0	0	0	19.8	28.5	0	0	22.7	10.0	10-Sep-24 06:11:41.825	
0	0	0	2	5	0	0	54	0	0	0	19.8	28.5	0	0	22.7	10.0	10-Sep-24 06:11:41.872	
0	0	0	0	1	0	0	36	0	0	0	19.8	28.5	0	0	22.7	10.0	10-Sep-24 06:11:41.915	
0	0	0	2	4	0	0	51	0	0	0	19.8	28.5	0	0	22.7	10.0	10-Sep-24 06:11:41.960	
0	0	0	1	3	0	0	34	0	0	0	19.8	28.5	0	0	22.7	10.0	10-Sep-24 06:11:42.004	
0	0	0	1	2	0	0	43	0	0	0	19.8	28.5	0	0	22.7	10.0	10-Sep-24 06:11:42.048	
0	0	0	2	3	0	0	62	0	0	0	19.8	28.5	0	0	22.7	10.0	10-Sep-24 06:11:42.091	
0	0	0	1	1	0	0	49	0	0	0	19.8	28.5	0	0	22.7	10.0	10-Sep-24 06:11:42.135	
0	0	0	1	2	0	0	42	0	0	0	19.8	28.5	0	0	22.7	10.0	10-Sep-24 06:11:42.180	
0	0	0	0	3	0	0	37	0	0	0	19.8	28.5	0	0	22.7	10.0	10-Sep-24 06:11:42.223	
0	0	0	1	7	0	0	49	0	0	0	19.8	28.5	0	0	22.7	10.0	10-Sep-24 06:11:42.267	
0	0	0	1	3	0	0	36	0	0	0	19.8	28.5	0	0	22.7	10.0	10-Sep-24 06:11:42.311	
0	0	0	1	2	0	0	40	0	0	0	19.8	28.5	0	0	22.7	10.0	10-Sep-24 06:11:42.409	
0	0	0	1	2	0	0	39	0	0	0	19.8	28.5	0	0	22.7	10.0	10-Sep-24 06:11:42.456	
0	0	0	1	4	0	0	43	0	0	0	19.8	28.5	0	0	22.7	10.0	10-Sep-24 06:11:42.499	
0	0	0	3	3	0	0	53	0	0	0	19.8	28.5	0	0	22.7	10.0	10-Sep-24 06:11:42.543	
0	0	0	3	1	0	0	39	0	0	0	19.8	28.5	0	0	22.7	10.0	10-Sep-24 06:11:42.619	
0	0	0	1	4	0	0	52	0	0	0	19.8	28.5	0	0	22.7	10.0	10-Sep-24 06:11:42.710	
0	0	0	1	7	0	0	52	0	0	0	19.8	28.5	0	0	22.7	10.0	10-Sep-24 06:11:42.778	
0	0	0	4	2	0	0	45	0	0	0	19.8	28.5	0	0	22.7	10.0	10-Sep-24 06:11:42.816	
0	0	0	1	3	0	0	33	0	0	0	19.8	28.5	0	0	22.7	10.0	10-Sep-24 06:11:42.867	
0	0	0	1	2	0	0	41	0	0	0	19.8	28.5	0	0	22.7	10.0	10-Sep-24 06:11:42.912	
0	0	0	2	3	0	0	36	0	0	0	19.8	28.5	0	0	22.7	10.0	10-Sep-24 06:11:42.955	
0	0	0	1	1	0	0	52	0	0	0	19.8	28.5	0	0	22.7	10.0	10-Sep-24 06:11:43.000	
0	0	0	1	5	0	0	39	0	0	0	19.8	28.5	0	0	22.7	10.0	10-Sep-24 06:11:43.043	
0	0	0	3	3	0	0	36	0	0	0	19.8	28.5	0	0	22.7	10.0	10-Sep-24 06:11:43.088	
0	0	0	0	2	0	0	39	0	0	0	19.8	28.5	0	0	22.7	10.0	10-Sep-24 06:11:43.132	
0	0	0	1	2	0	0	49	0	0	0	19.8	28.5	0	0	22.7	10.0	10-Sep-24 06:11:43.175	
0	0	0	1	4	0	0	46	0	0	0	19.8	28.5	0	0	22.7	10.0	10-Sep-24 06:11:43.220	
0	0	0	0	3	0	0	54	0	0	0	19.8	28.5	0	0	22.7	10.0	10-Sep-24 06:11:43.263	
0	0	0	2	3	0	0	44	0	0	0	19.8	28.5	0	0	22.7	10.0	10-Sep-24 06:11:43.307	
0	0	0	2	3	0	0	47	0	0	0	19.8	28.5	0	0	22.7	10.0	10-Sep-24 06:11:43.358	
0	0	0	3	2	0	0	46	0	0	0	19.8	28.5	0	0	22.7	10.0	10-Sep-24 06:11:43.461	
0	0	0	1	4	0	0	47	0	0	0	19.8	28.5	0	0	22.7	10.0	10-Sep-24 06:11:43.508	
0	0	0	0	5	0	0	33	0	0	0	19.8	28.5	0	0	22.7	10.0	10-Sep-24 06:11:43.551	
0	0	0	0	4	0	0	52	0	0	0	19.8	28.5	0	0	22.7	10.0	10-Sep-24 06:11:43.595	
0	0	0	3	6	0	0	40	0	0	0	19.8	28.5	0	0	22.7	10.0	10-Sep-24 06:11:43.640	
0	0	0	3	3	0	0	49	0	0	0	19.8	28.5	0	0	22.7	10.0	10-Sep-24 06:11:43.683	
0	0	0	0	4	0	0	39	0	0	0	19.8	28.5	0	0	22.7	10.0	10-Sep-24 06:11:43.727	
0	0	0	0	2	0	0	41	0	0	0	19.8	28.5	0	0	22.7	10.0	10-Sep-24 06:11:43.772	
0	0	0	3	4	0	0	52	0	0	0	19.8	28.5	0	0	22.7	10.0	10-Sep-24 06:11:43.817	
0	0	0	2	3	0	0	43	0	0	0	19.8	28.5	0	0	22.7	10.0	10-Sep-24 06:11:43.868	
0	0	0	1	4	0	0	48	0	0	0	19.8	28.5	0	0	22.7	10.0	10-Sep-24 06:11:43.912	
0	0	0	1	3	0	0	64	0	0	0	19.8	28.5	0	0	22.7	10.0	10-Sep-24 06:11:43.956	
0	0	0	1	1	0	0	35	0	0	0	19.8	28.5	0	0	22.7	10.0	10-Sep-24 06:11:43.999	
0	0	0	1	2	0	0	41	0	0	0	19.8	28.5	0	0	22.7	10.0	10-Sep-24 06:11:44.043	
0	0	0	1	2	0	0	37	0	0	0	19.8	28.5	0	0	22.7	10.0	10-Sep-24 06:11:44.087	
0	0	0	3	6	0	0	50	0	0	0	19.8	28.5	0	0	22.7	10.0	10-Sep-24 06:11:44.124	
0	0	0	0	1	0	0	53	0	0	0	19.8	28.5	0	0	22.7	10.0	10-Sep-24 06:11:44.167	
0	0	0	1	2	0	0	40	0	0	0	19.8	28.5	0	0	22.7	10.0	10-Sep-24 06:11:44.212	
0	0	0	2	5	0	0	45	0	0	0	19.8	28.5	0	0	22.7	10.0	10-Sep-24 06:11:44.248	
0	0	0	0	1	0	0	42	0	0	0	19.8	28.5	0	0	22.7	10.0	10-Sep-24 06:11:44.292	
0	0	0	1	3	0	0	43	0	0	0	19.8	28.5	0	0	22.7	10.0	10-Sep-24 06:11:44.335	
0	0	0	0	2	0	0	47	0	0	0	19.8	28.5	0	0	22.7	10.0	10-Sep-24 06:11:44.386	
0	0	0	2	5	0	0	56	0	0	0	19.8	28.5	0	0	22.7	10.0	10-Sep-24 06:11:44.431	
0	0	0	3	3	0	0	54	0	0	0	19.8	28.5	0	0	22.7	10.0	10-Sep-24 06:11:44.535	
0	0	0	1	3	0	0	37	0	0	0	19.8	28.5	0	0	22.7	10.0	10-Sep-24 06:11:44.579	
0	0	0	3	3	0	0	55	0	0	0	19.8	28.5	0	0	22.7	10.0	10-Sep-24 06:11:44.624	
0	0	0	1	5	0	0	40	0	0	0	19.8	28.5	0	0	22.7	10.0	10-Sep-24 06:11:44.668	
0	0	0	2	4	0	0	43	0	0	0	19.8	28.5	0	0	22.7	10.0	10-Sep-24 06:11:44.711	
0	0	0	0	3	0	0	50	0	0	0	19.8	28.5	0	0	22.7	10.0	10-Sep-24 06:11:44.755	
0	0	0	0	2	0	0	42	0	0	0	19.8	28.5	0	0	22.7	10.0	10-Sep-24 06:11:44.799	
0	0	0	1	4	0	0	46	0	0	0	19.8	28.5	0	0	22.7	10.0	10-Sep-24 06:11:44.844	
0	0	0	1	5	0	0	49	0	0	0	19.8	28.5	0	0	22.7	10.0	10-Sep-24 06:11:44.895	
0	0	0	1	3	0	0	38	0	0	0	19.8	28.5	0	0	22.7	10.0	10-Sep-24 06:11:44.940	
0	0	0	2	2	0	0	39	0	0	0	19.8	28.5	0	0	22.7	10.0	10-Sep-24 06:11:44.983	
0	0	0	1	2	0	0	47	0	0	0	19.8	28.5	0	0	22.7	10.0	10-Sep-24 06:11:45.028	
0	0	0	4	4	0	0	50	0	0	0	19.8	28.5	0	0	22.7	10.0	10-Sep-24 06:11:45.071	
0	0	0	2	2	0	0	52	0	0	0	19.8	28.5	0	0	22.7	10.0	10-Sep-24 06:11:45.115	
0	0	0	1	4	0	0	47	0	0	0	19.8	28.5	0	0	22.7	10.0	10-Sep-24 06:11:45.160	
0	0	0	1	5	0	0	47	0	0	0	19.8	28.5	0	0	22.7	10.0	10-Sep-24 06:11:45.203	
0	0	0	2	6	0	0	40	0	0	0	19.8	28.5	0	0	22.7	10.0	10-Sep-24 06:11:45.248	
0	0	0	0	2	0	0	41	0	0	0	19.8	28.5	0	0	22.7	10.0	10-Sep-24 06:11:45.292	
0	0	0	1	1	0	0	53	0	0	0	19.8	28.5	0	0	22.7	10.0	10-Sep-24 06:11:45.335	
0	0	0	1	3	0	0	46	0	0	0	19.8	28.5	0	0	22.7	10.0	10-Sep-24 06:11:45.387	
0	0	0	2	6	0	0	36	0	0	0	19.8	28.5	0	0	22.7	10.0	10-Sep-24 06:11:45.432	
0	0	0	1	7	0	0	42	0	0	0	19.8	28.5	0	0	22.7	10.0	10-Sep-24 06:11:45.475	
0	0	0	2	4	0	0	50	0	0	0	19.8	28.5	0	0	22.7	10.0	10-Sep-24 06:11:45.519	
0	0	0	1	6	0	0	36	0	0	0	19.8	28.5	0	0	22.7	10.0	10-Sep-24 06:11:45.622	
0	0	0	1	3	0	0	53	0	0	0	19.8	28.5	0	0	22.7	10.0	10-Sep-24 06:11:45.668	
0	0	0	1	2	0	0	38	0	0	0	19.8	28.5	0	0	22.7	10.0	10-Sep-24 06:11:45.712	
0	0	0	1	4	0	0	41	0	0	0	19.8	28.5	0	0	22.7	10.0	10-Sep-24 06:11:45.755	
0	0	0	1	6	0	0	41	0	0	0	19.8	28.5	0	0	22.7	10.0	10-Sep-24 06:11:45.800	
0	0	0	1	2	0	0	36	0	0	0	19.8	28.5	0	0	22.7	10.0	10-Sep-24 06:11:45.844	
0	0	0	0	3	0	0	47	0	0	0	19.8	28.5	0	0	22.7	10.0	10-Sep-24 06:11:45.896	
0	0	0	1	1	0	0	50	0	0	0	19.8	28.5	0	0	22.7	10.0	10-Sep-24 06:11:45.940	
0	0	0	1	3	0	0	42	0	0	0	19.8	28.5	0	0	22.7	10.0	10-Sep-24 06:11:45.984	
0	0	0	1	3	0	0	48	0	0	0	19.8	28.5	0	0	22.7	10.0	10-Sep-24 06:11:46.028	
0	0	0	1	4	0	0	49	0	0	0	19.8	28.5	0	0	22.7	10.0	10-Sep-24 06:11:46.071	
0	0	0	1	1	0	0	28	0	0	0	19.8	28.5	0	0	22.7	10.0	10-Sep-24 06:11:46.116	
0	0	0	1	4	0	0	32	0	0	0	19.8	28.5	0	0	22.7	10.0	10-Sep-24 06:11:46.159	
0	0	0	2	2	0	0	33	0	0	0	19.8	28.5	0	0	22.7	10.0	10-Sep-24 06:11:46.203	
0	0	0	0	2	0	0	43	0	0	0	19.8	28.5	0	0	22.7	10.0	10-Sep-24 06:11:46.247	
0	0	0	2	8	0	0	39	0	0	0	19.8	28.5	0	0	22.7	10.0	10-Sep-24 06:11:46.292	
0	0	0	2	4	0	0	35	0	0	0	19.8	28.5	0	0	22.7	10.0	10-Sep-24 06:11:46.335	
0	0	0	3	3	0	0	51	0	0	0	19.8	28.5	0	0	22.7	10.0	10-Sep-24 06:11:46.379	
0	0	0	1	6	0	0	47	0	0	0	19.8	28.5	0	0	22.7	10.0	10-Sep-24 06:11:46.429	
0	0	0	3	3	0	0	46	0	0	0	19.8	28.5	0	0	22.7	10.0	10-Sep-24 06:11:46.466	
0	0	0	1	5	0	0	45	0	0	0	19.8	28.5	0	0	22.7	10.0	10-Sep-24 06:11:46.512	
0	0	0	1	3	0	0	52	0	0	0	19.8	28.5	0	0	22.7	10.0	10-Sep-24 06:11:46.555	
0	0	0	1	2	0	0	53	0	0	0	19.8	28.5	0	0	22.7	10.0	10-Sep-24 06:11:46.599	
0	0	0	2	6	0	0	52	0	0	0	19.8	28.5	0	0	22.7	10.0	10-Sep-24 06:11:46.702	
0	0	0	1	2	0	0	41	0	0	0	19.8	28.5	0	0	22.7	10.0	10-Sep-24 06:11:46.747	
0	0	0	1	5	0	0	47	0	0	0	19.8	28.5	0	0	22.7	10.0	10-Sep-24 06:11:46.791	
0	0	0	1	2	0	0	49	0	0	0	19.8	28.5	0	0	22.7	10.0	10-Sep-24 06:11:46.835	
0	0	0	3	2	0	0	36	0	0	0	19.8	28.5	0	0	22.7	10.0	10-Sep-24 06:11:46.879	
0	0	0	2	2	0	0	61	0	0	0	19.8	28.5	0	0	22.7	10.0	10-Sep-24 06:11:46.932	
0	0	0	1	4	0	0	39	0	0	0	19.8	28.5	0	0	22.7	10.0	10-Sep-24 06:11:46.976	
0	0	0	3	3	0	0	56	0	0	0	19.8	28.5	0	0	22.7	10.0	10-Sep-24 06:11:47.020	
0	0	0	1	1	0	0	41	0	0	0	19.8	28.5	0	0	22.7	10.0	10-Sep-24 06:11:47.063	
0	0	0	3	4	0	0	47	0	0	0	19.8	28.5	0	0	22.7	10.0	10-Sep-24 06:11:47.107	
0	0	0	1	1	0	0	41	0	0	0	19.8	28.5	0	0	22.7	10.0	10-Sep-24 06:11:47.151	
0	0	0	3	5	0	0	47	0	0	0	19.8	28.5	0	0	22.7	10.0	10-Sep-24 06:11:47.195	
0	0	0	1	3	0	0	47	0	0	0	19.8	28.5	0	0	22.7	10.0	10-Sep-24 06:11:47.240	
0	0	0	1	1	0	0	28	0	0	0	19.8	28.5	0	0	22.7	10.0	10-Sep-24 06:11:47.284	
0	0	0	0	3	0	0	47	0	0	0	19.8	28.5	0	0	22.7	10.0	10-Sep-24 06:11:47.327	
0	0	0	2	1	0	0	49	0	0	0	19.8	28.5	0	0	22.7	10.0	10-Sep-24 06:11:47.371	
0	0	0	3	3	0	0	42	0	0	0	19.8	28.5	0	0	22.7	10.0	10-Sep-24 06:11:47.416	
0	0	0	1	1	0	0	58	0	0	0	19.8	28.5	0	0	22.7	10.0	10-Sep-24 06:11:47.465	
0	0	0	0	3	0	0	43	0	0	0	19.8	28.5	0	0	22.7	10.0	10-Sep-24 06:11:47.510	
0	0	0	2	3	0	0	53	0	0	0	19.8	28.5	0	0	22.7	10.0	10-Sep-24 06:11:47.552	
0	0	0	0	3	0	0	39	0	0	0	19.8	28.5	0	0	22.7	10.0	10-Sep-24 06:11:47.595	
0	0	0	2	3	0	0	59	0	0	0	19.8	28.5	0	0	22.7	10.0	10-Sep-24 06:11:47.639	
0	0	0	0	3	0	0	49	0	0	0	19.8	28.5	0	0	22.7	10.0	10-Sep-24 06:11:47.683	
0	0	0	1	1	0	0	35	0	0	0	19.8	28.5	0	0	22.7	10.0	10-Sep-24 06:11:47.811	
0	0	0	1	8	0	0	40	0	0	0	19.8	28.5	0	0	22.7	10.0	10-Sep-24 06:11:47.903	
0	0	0	1	3	0	0	54	0	0	0	19.8	28.5	0	0	22.7	10.0	10-Sep-24 06:11:47.982	
0	0	0	3	1	0	0	45	0	0	0	19.8	28.5	0	0	22.7	10.0	10-Sep-24 06:11:48.030	
0	0	0	2	2	0	0	44	0	0	0	19.8	28.5	0	0	22.7	10.0	10-Sep-24 06:11:48.066	
0	0	0	1	4	0	0	46	0	0	0	19.8	28.5	0	0	22.7	10.0	10-Sep-24 06:11:48.112	
0	0	0	0	4	0	0	45	0	0	0	19.8	28.5	0	0	22.7	10.0	10-Sep-24 06:11:48.156	
0	0	0	1	4	0	0	45	0	0	0	19.8	28.5	0	0	22.7	10.0	10-Sep-24 06:11:48.199	
0	0	0	1	2	0	0	58	0	0	0	19.8	28.5	0	0	22.7	10.0	10-Sep-24 06:11:48.243	
0	0	0	1	5	0	0	47	0	0	0	19.8	28.5	0	0	22.7	10.0	10-Sep-24 06:11:48.287	
0	0	0	0	3	0	0	42	0	0	0	19.8	28.5	0	0	22.7	10.0	10-Sep-24 06:11:48.331	
0	0	0	1	5	0	0	41	0	0	0	19.8	28.5	0	0	22.7	10.0	10-Sep-24 06:11:48.377	
0	0	0	1	3	0	0	44	0	0	0	19.8	28.5	0	0	22.7	10.0	10-Sep-24 06:11:48.419	
0	0	0	2	4	0	0	35	0	0	0	19.8	28.5	0	0	22.7	10.0	10-Sep-24 06:11:48.470	
0	0	0	1	4	0	0	43	0	0	0	19.8	28.5	0	0	22.7	10.0	10-Sep-24 06:11:48.516	
0	0	0	1	1	0	0	39	0	0	0	19.8	28.5	0	0	22.7	10.0	10-Sep-24 06:11:48.559	
0	0	0	1	2	0	0	48	0	0	0	19.8	28.5	0	0	22.7	10.0	10-Sep-24 06:11:48.604	
0	0	0	1	1	0	0	34	0	0	0	19.8	28.5	0	0	22.7	10.0	10-Sep-24 06:11:48.647	
0	0	0	1	5	0	0	54	0	0	0	19.8	28.5	0	0	22.7	10.0	10-Sep-24 06:11:48.691	
0	0	0	0	5	0	0	45	0	0	0	19.8	28.5	0	0	22.7	10.0	10-Sep-24 06:11:48.735	
0	0	0	1	4	0	0	50	0	0	0	19.8	28.5	0	0	22.7	10.0	10-Sep-24 06:11:48.780	
0	0	0	1	3	0	0	46	0	0	0	19.8	28.5	0	0	22.7	10.0	10-Sep-24 06:11:48.882	
0	0	0	1	6	0	0	46	0	0	0	19.8	28.5	0	0	22.7	10.0	10-Sep-24 06:11:48.927	
0	0	0	1	6	0	0	42	0	0	0	19.8	28.5	0	0	22.7	10.0	10-Sep-24 06:11:48.979	
0	0	0	2	3	0	0	47	0	0	0	19.8	28.5	0	0	22.7	10.0	10-Sep-24 06:11:49.023	
0	0	0	3	2	0	0	52	0	0	0	19.8	28.5	0	0	22.7	10.0	10-Sep-24 06:11:49.067	
0	0	0	3	4	0	0	47	0	0	0	19.8	28.5	0	0	22.7	10.0	10-Sep-24 06:11:49.112	
0	0	0	2	4	0	0	48	0	0	0	19.8	28.5	0	0	22.7	10.0	10-Sep-24 06:11:49.156	
0	0	0	2	7	0	0	47	0	0	0	19.8	28.5	0	0	22.7	10.0	10-Sep-24 06:11:49.200	
0	0	0	1	3	0	0	59	0	0	0	19.8	28.5	0	0	22.7	10.0	10-Sep-24 06:11:49.243	
0	0	0	1	6	0	0	39	0	0	0	19.8	28.5	0	0	22.7	10.0	10-Sep-24 06:11:49.287	
0	0	0	1	4	0	0	45	0	0	0	19.8	28.5	0	0	22.7	10.0	10-Sep-24 06:11:49.331	
0	0	0	2	4	0	0	52	0	0	0	19.8	28.5	0	0	22.7	10.0	10-Sep-24 06:11:49.375	
0	0	0	2	7	0	0	46	0	0	0	19.8	28.5	0	0	22.7	10.0	10-Sep-24 06:11:49.420	
0	0	0	1	1	0	0	53	0	0	0	19.8	28.5	0	0	22.7	10.0	10-Sep-24 06:11:49.471	
0	0	0	1	4	0	0	41	0	0	0	19.8	28.5	0	0	22.7	10.0	10-Sep-24 06:11:49.516	
0	0	0	3	4	0	0	40	0	0	0	19.8	28.5	0	0	22.7	10.0	10-Sep-24 06:11:49.559	
0	0	0	1	7	0	0	42	0	0	0	19.8	28.5	0	0	22.7	10.0	10-Sep-24 06:11:49.604	
0	0	0	1	5	0	0	54	0	0	0	19.8	28.5	0	0	22.7	10.0	10-Sep-24 06:11:49.647	
0	0	0	2	2	0	0	46	0	0	0	19.8	28.5	0	0	22.7	10.0	10-Sep-24 06:11:49.691	
0	0	0	2	4	0	0	42	0	0	0	19.8	28.5	0	0	22.7	10.0	10-Sep-24 06:11:49.735	
0	0	0	1	1	0	0	47	0	0	0	19.8	28.5	0	0	22.7	10.0	10-Sep-24 06:11:49.779	
0	0	0	1	2	0	0	40	0	0	0	19.8	28.5	0	0	22.7	10.0	10-Sep-24 06:11:49.824	
0	0	0	0	2	0	0	56	0	0	0	19.8	28.5	0	0	22.7	10.0	10-Sep-24 06:11:49.867	
0	0	0	1	6	0	0	41	0	0	0	19.8	28.5	0	0	22.7	10.0	10-Sep-24 06:11:49.958	
0	0	0	2	2	0	0	36	0	0	0	19.8	28.5	0	0	22.7	10.0	10-Sep-24 06:11:50.010	
0	0	0	1	6	0	0	45	0	0	0	19.8	28.5	0	0	22.7	10.0	10-Sep-24 06:11:50.055	
0	0	0	2	7	0	0	48	0	0	0	19.8	28.5	0	0	22.7	10.0	10-Sep-24 06:11:50.099	
0	0	0	1	5	0	0	47	0	0	0	19.8	28.5	0	0	22.7	10.0	10-Sep-24 06:11:50.144	
0	0	0	2	3	0	0	65	0	0	0	19.8	28.5	0	0	22.7	10.0	10-Sep-24 06:11:50.187	
0	0	0	1	4	0	0	39	0	0	0	19.8	28.5	0	0	22.7	10.0	10-Sep-24 06:11:50.232	
0	0	0	2	5	0	0	49	0	0	0	19.8	28.5	0	0	22.7	10.0	10-Sep-24 06:11:50.275	
0	0	0	1	3	0	0	38	0	0	0	19.8	28.5	0	0	22.7	10.0	10-Sep-24 06:11:50.319	
0	0	0	1	2	0	0	49	0	0	0	19.8	28.5	0	0	22.7	10.0	10-Sep-24 06:11:50.364	
0	0	0	1	2	0	0	40	0	0	0	19.8	28.5	0	0	22.7	10.0	10-Sep-24 06:11:50.407	
0	0	0	1	3	0	0	42	0	0	0	19.8	28.5	0	0	22.7	10.0	10-Sep-24 06:11:50.452	
0	0	0	1	3	0	0	39	0	0	0	19.8	28.5	0	0	22.7	10.0	10-Sep-24 06:11:50.494	
0	0	0	1	3	0	0	42	0	0	0	19.8	28.5	0	0	22.7	10.0	10-Sep-24 06:11:50.539	
0	0	0	1	1	0	0	42	0	0	0	19.8	28.5	0	0	22.7	10.0	10-Sep-24 06:11:50.583	
0	0	0	1	5	0	0	53	0	0	0	19.8	28.5	0	0	22.7	10.0	10-Sep-24 06:11:50.627	
0	0	0	2	3	0	0	48	0	0	0	19.8	28.5	0	0	22.7	10.0	10-Sep-24 06:11:50.671	
0	0	0	0	4	0	0	56	0	0	0	19.8	28.5	0	0	22.7	10.0	10-Sep-24 06:11:50.715	
0	0	0	0	3	0	0	46	0	0	0	19.8	28.5	0	0	22.7	10.0	10-Sep-24 06:11:50.752	
0	0	0	2	1	0	0	47	0	0	0	19.8	28.5	0	0	22.7	10.0	10-Sep-24 06:11:50.795	
0	0	0	1	2	0	0	47	0	0	0	19.8	28.5	0	0	22.7	10.0	10-Sep-24 06:11:50.840	
0	0	0	0	3	0	0	48	0	0	0	19.8	28.5	0	0	22.7	10.0	10-Sep-24 06:11:50.884	
0	0	0	1	4	0	0	41	0	0	0	19.8	28.5	0	0	22.7	10.0	10-Sep-24 06:11:50.927	
0	0	0	3	5	0	0	42	0	0	0	19.8	28.5	0	0	22.7	10.0	10-Sep-24 06:11:51.028	
0	0	0	1	3	0	0	52	0	0	0	19.8	28.5	0	0	22.7	10.0	10-Sep-24 06:11:51.076	
0	0	0	1	1	0	0	47	0	0	0	19.8	28.5	0	0	22.7	10.0	10-Sep-24 06:11:51.119	
0	0	0	2	2	0	0	51	0	0	0	19.8	28.5	0	0	22.7	10.0	10-Sep-24 06:11:51.163	
0	0	0	1	3	0	0	30	0	0	0	19.8	28.5	0	0	22.7	10.0	10-Sep-24 06:11:51.207	
0	0	0	1	2	0	0	49	0	0	0	19.8	28.5	0	0	22.7	10.0	10-Sep-24 06:11:51.252	
0	0	0	1	3	0	0	50	0	0	0	19.8	28.5	0	0	22.7	10.0	10-Sep-24 06:11:51.295	
0	0	0	1	3	0	0	39	0	0	0	19.8	28.5	0	0	22.7	10.0	10-Sep-24 06:11:51.339	
0	0	0	2	4	0	0	46	0	0	0	19.8	28.5	0	0	22.7	10.0	10-Sep-24 06:11:51.384	
0	0	0	1	4	0	0	53	0	0	0	19.8	28.5	0	0	22.7	10.0	10-Sep-24 06:11:51.427	
0	0	0	3	3	0	0	41	0	0	0	19.8	28.5	0	0	22.7	10.0	10-Sep-24 06:11:51.471	
0	0	0	2	7	0	0	44	0	0	0	19.8	28.5	0	0	22.7	10.0	10-Sep-24 06:11:51.523	
0	0	0	2	4	0	0	45	0	0	0	19.8	28.5	0	0	22.7	10.0	10-Sep-24 06:11:51.567	
0	0	0	1	2	0	0	44	0	0	0	19.8	28.5	0	0	22.7	10.0	10-Sep-24 06:11:51.612	
0	0	0	1	2	0	0	44	0	0	0	19.8	28.5	0	0	22.7	10.0	10-Sep-24 06:11:51.656	
0	0	0	1	3	0	0	41	0	0	0	19.8	28.5	0	0	22.7	10.0	10-Sep-24 06:11:51.699	
0	0	0	1	2	0	0	38	0	0	0	19.8	28.5	0	0	22.7	10.0	10-Sep-24 06:11:51.743	
0	0	0	0	3	0	0	49	0	0	0	19.8	28.5	0	0	22.7	10.0	10-Sep-24 06:11:51.787	
0	0	0	1	2	0	0	48	0	0	0	19.8	28.5	0	0	22.7	10.0	10-Sep-24 06:11:51.832	
0	0	0	1	1	0	0	59	0	0	0	19.8	28.5	0	0	22.7	10.0	10-Sep-24 06:11:51.876	
0	0	0	3	3	0	0	47	0	0	0	19.8	28.5	0	0	22.7	10.0	10-Sep-24 06:11:51.919	
0	0	0	1	2	0	0	50	0	0	0	19.8	28.5	0	0	22.7	10.0	10-Sep-24 06:11:51.963	
0	0	0	1	4	0	0	35	0	0	0	19.8	28.5	0	0	22.7	10.0	10-Sep-24 06:11:52.007	
0	0	0	1	2	0	0	50	0	0	0	19.8	28.5	0	0	22.7	10.0	10-Sep-24 06:11:52.106	
0	0	0	2	7	0	0	32	0	0	0	19.8	28.5	0	0	22.7	10.0	10-Sep-24 06:11:52.152	
0	0	0	2	3	0	0	50	0	0	0	19.8	28.5	0	0	22.7	10.0	10-Sep-24 06:11:52.195	
0	0	0	1	4	0	0	39	0	0	0	19.8	28.5	0	0	22.7	10.0	10-Sep-24 06:11:52.239	
0	0	0	0	3	0	0	39	0	0	0	19.8	28.5	0	0	22.7	10.0	10-Sep-24 06:11:52.284	
0	0	0	1	2	0	0	41	0	0	0	19.8	28.5	0	0	22.7	10.0	10-Sep-24 06:11:52.327	
0	0	0	1	1	0	0	39	0	0	0	19.8	28.5	0	0	22.7	10.0	10-Sep-24 06:11:52.375	
0	0	0	3	5	0	0	42	0	0	0	19.8	28.5	0	0	22.7	10.0	10-Sep-24 06:11:52.419	
0	0	0	1	4	0	0	40	0	0	0	19.8	28.5	0	0	22.7	10.0	10-Sep-24 06:11:52.464	
0	0	0	2	5	0	0	53	0	0	0	19.8	28.5	0	0	22.7	10.0	10-Sep-24 06:11:52.508	
0	0	0	1	3	0	0	49	0	0	0	19.8	28.5	0	0	22.7	10.0	10-Sep-24 06:11:52.559	
0	0	0	2	4	0	0	41	0	0	0	19.8	28.5	0	0	22.7	10.0	10-Sep-24 06:11:52.604	
0	0	0	1	2	0	0	42	0	0	0	19.8	28.5	0	0	22.7	10.0	10-Sep-24 06:11:52.647	
0	0	0	2	2	0	0	49	0	0	0	19.8	28.5	0	0	22.7	10.0	10-Sep-24 06:11:52.691	
0	0	0	0	5	0	0	52	0	0	0	19.8	28.5	0	0	22.7	10.0	10-Sep-24 06:11:52.735	
0	0	0	1	3	0	0	43	0	0	0	19.8	28.5	0	0	22.7	10.0	10-Sep-24 06:11:52.779	
0	0	0	2	1	0	0	47	0	0	0	19.8	28.5	0	0	22.7	10.0	10-Sep-24 06:11:52.823	
0	0	0	1	2	0	0	42	0	0	0	19.8	28.5	0	0	22.7	10.0	10-Sep-24 06:11:52.867	
0	0	0	2	3	0	0	54	0	0	0	19.8	28.5	0	0	22.7	10.0	10-Sep-24 06:11:52.912	
0	0	0	1	4	0	0	47	0	0	0	19.8	28.5	0	0	22.7	10.0	10-Sep-24 06:11:52.955	
0	0	0	0	5	0	0	53	0	0	0	19.8	28.5	0	0	22.7	10.0	10-Sep-24 06:11:53.024	
0	0	0	1	4	0	0	50	0	0	0	19.8	28.5	0	0	22.7	10.0	10-Sep-24 06:11:53.196	
0	0	0	2	4	0	0	40	0	0	0	19.8	28.5	0	0	22.7	10.0	10-Sep-24 06:11:53.243	
0	0	0	1	5	0	0	44	0	0	0	19.8	28.5	0	0	22.7	10.0	10-Sep-24 06:11:53.287	
0	0	0	2	3	0	0	42	0	0	0	19.8	28.5	0	0	22.7	10.0	10-Sep-24 06:11:53.331	
0	0	0	1	2	0	0	47	0	0	0	19.8	28.5	0	0	22.7	10.0	10-Sep-24 06:11:53.375	
0	0	0	2	3	0	0	38	0	0	0	19.8	28.5	0	0	22.7	10.0	10-Sep-24 06:11:53.420	
0	0	0	2	4	0	0	37	0	0	0	19.8	28.5	0	0	22.7	10.0	10-Sep-24 06:11:53.458	
0	0	0	1	1	0	0	46	0	0	0	19.8	28.5	0	0	22.7	10.0	10-Sep-24 06:11:53.499	
0	0	0	1	7	0	0	63	0	0	0	19.8	28.5	0	0	22.7	10.0	10-Sep-24 06:11:53.545	
0	0	0	1	2	0	0	45	0	0	0	19.8	28.5	0	0	22.7	10.0	10-Sep-24 06:11:53.596	
0	0	0	1	3	0	0	40	0	0	0	19.8	28.5	0	0	22.7	10.0	10-Sep-24 06:11:53.640	
0	0	0	1	3	0	0	45	0	0	0	19.8	28.5	0	0	22.7	10.0	10-Sep-24 06:11:53.684	
0	0	0	3	5	0	0	43	0	0	0	19.8	28.5	0	0	22.7	10.0	10-Sep-24 06:11:53.728	
0	0	0	0	3	0	0	39	0	0	0	19.8	28.5	0	0	22.7	10.0	10-Sep-24 06:11:53.771	
0	0	0	1	1	0	0	46	0	0	0	19.8	28.5	0	0	22.7	10.0	10-Sep-24 06:11:53.816	
0	0	0	1	4	0	0	44	0	0	0	19.8	28.5	0	0	22.7	10.0	10-Sep-24 06:11:53.860	
0	0	0	2	3	0	0	47	0	0	0	19.8	28.5	0	0	22.7	10.0	10-Sep-24 06:11:53.904	
0	0	0	1	1	0	0	57	0	0	0	19.8	28.5	0	0	22.7	10.0	10-Sep-24 06:11:53.948	
0	0	0	1	2	0	0	26	0	0	0	19.8	28.5	0	0	22.7	10.0	10-Sep-24 06:11:53.991	
0	0	0	1	3	0	0	48	0	0	0	19.8	28.5	0	0	22.7	10.0	10-Sep-24 06:11:54.035	
0	0	0	1	3	0	0	45	0	0	0	19.8	28.5	0	0	22.7	10.0	10-Sep-24 06:11:54.087	
0	0	0	3	4	0	0	60	0	0	0	19.8	28.5	0	0	22.7	10.0	10-Sep-24 06:11:54.131	
0	0	0	2	4	0	0	43	0	0	0	19.8	28.5	0	0	22.7	10.0	10-Sep-24 06:11:54.175	
0	0	0	1	4	0	0	45	0	0	0	19.8	28.5	0	0	22.7	10.0	10-Sep-24 06:11:54.279	
0	0	0	1	3	0	0	44	0	0	0	19.8	28.5	0	0	22.7	10.0	10-Sep-24 06:11:54.323	
0	0	0	0	2	0	0	45	0	0	0	19.8	28.5	0	0	22.7	10.0	10-Sep-24 06:11:54.367	
0	0	0	1	5	0	0	50	0	0	0	19.8	28.5	0	0	22.7	10.0	10-Sep-24 06:11:54.411	
0	0	0	1	2	0	0	43	0	0	0	19.8	28.5	0	0	22.7	10.0	10-Sep-24 06:11:54.456	
0	0	0	0	1	0	0	49	0	0	0	19.8	28.5	0	0	22.7	10.0	10-Sep-24 06:11:54.500	
0	0	0	2	5	0	0	40	0	0	0	19.8	28.5	0	0	22.7	10.0	10-Sep-24 06:11:54.543	
0	0	0	3	3	0	0	41	0	0	0	19.8	28.5	0	0	22.7	10.0	10-Sep-24 06:11:54.596	
0	0	0	1	5	0	0	40	0	0	0	19.8	28.5	0	0	22.7	10.0	10-Sep-24 06:11:54.639	
0	0	0	1	5	0	0	41	0	0	0	19.8	28.5	0	0	22.7	10.0	10-Sep-24 06:11:54.684	
0	0	0	3	7	0	0	57	0	0	0	19.8	28.5	0	0	22.7	10.0	10-Sep-24 06:11:54.727	
0	0	0	1	4	0	0	36	0	0	0	19.8	28.5	0	0	22.7	10.0	10-Sep-24 06:11:54.771	
0	0	0	0	3	0	0	47	0	0	0	19.8	28.5	0	0	22.7	10.0	10-Sep-24 06:11:54.816	
0	0	0	0	3	0	0	47	0	0	0	19.8	28.5	0	0	22.7	10.0	10-Sep-24 06:11:54.852	
0	0	0	2	3	0	0	57	0	0	0	19.8	28.5	0	0	22.7	10.0	10-Sep-24 06:11:54.896	
0	0	0	1	1	0	0	53	0	0	0	19.8	28.5	0	0	22.7	10.0	10-Sep-24 06:11:54.939	
0	0	0	1	3	0	0	37	0	0	0	19.8	28.5	0	0	22.7	10.0	10-Sep-24 06:11:54.982	
0	0	0	1	8	0	0	43	0	0	0	19.8	28.5	0	0	22.7	10.0	10-Sep-24 06:11:55.028	
0	0	0	3	6	0	0	58	0	0	0	19.8	28.5	0	0	22.7	10.0	10-Sep-24 06:11:55.072	
0	0	0	2	1	0	0	52	0	0	0	19.8	28.5	0	0	22.7	10.0	10-Sep-24 06:11:55.114	
0	0	0	2	3	0	0	35	0	0	0	19.8	28.5	0	0	22.7	10.0	10-Sep-24 06:11:55.152	
0	0	0	1	4	0	0	46	0	0	0	19.8	28.5	0	0	22.7	10.0	10-Sep-24 06:11:55.195	
0	0	0	1	2	0	0	38	0	0	0	19.8	28.5	0	0	22.7	10.0	10-Sep-24 06:11:55.240	
0	0	0	2	2	0	0	42	0	0	0	19.8	28.5	0	0	22.7	10.0	10-Sep-24 06:11:55.342	
0	0	0	1	3	0	0	50	0	0	0	19.8	28.5	0	0	22.7	10.0	10-Sep-24 06:11:55.388	
0	0	0	1	3	0	0	43	0	0	0	19.8	28.5	0	0	22.7	10.0	10-Sep-24 06:11:55.431	
0	0	0	3	1	0	0	38	0	0	0	19.8	28.5	0	0	22.7	10.0	10-Sep-24 06:11:55.476	
0	0	0	1	6	0	0	45	0	0	0	19.8	28.5	0	0	22.7	10.0	10-Sep-24 06:11:55.519	
0	0	0	1	1	0	0	44	0	0	0	19.8	28.5	0	0	22.7	10.0	10-Sep-24 06:11:55.563	
0	0	0	3	7	0	0	39	0	0	0	19.8	28.5	0	0	22.7	10.0	10-Sep-24 06:11:55.615	
0	0	0	1	5	0	0	36	0	0	0	19.8	28.5	0	0	22.7	10.0	10-Sep-24 06:11:55.660	
0	0	0	1	3	0	0	51	0	0	0	19.8	28.5	0	0	22.7	10.0	10-Sep-24 06:11:55.703	
0	0	0	1	5	0	0	44	0	0	0	19.8	28.5	0	0	22.7	10.0	10-Sep-24 06:11:55.747	
0	0	0	1	3	0	0	42	0	0	0	19.8	28.5	0	0	22.7	10.0	10-Sep-24 06:11:55.792	
0	0	0	1	9	0	0	49	0	0	0	19.8	28.5	0	0	22.7	10.0	10-Sep-24 06:11:55.835	
0	0	0	3	3	0	0	35	0	0	0	19.8	28.5	0	0	22.7	10.0	10-Sep-24 06:11:55.879	
0	0	0	2	6	0	0	55	0	0	0	19.8	28.5	0	0	22.7	10.0	10-Sep-24 06:11:55.924	
0	0	0	0	2	0	0	36	0	0	0	19.8	28.5	0	0	22.7	10.0	10-Sep-24 06:11:55.967	
0	0	0	1	4	0	0	45	0	0	0	19.8	28.5	0	0	22.7	10.0	10-Sep-24 06:11:56.012	
0	0	0	2	4	0	0	39	0	0	0	19.8	28.5	0	0	22.7	10.0	10-Sep-24 06:11:56.055	
0	0	0	1	3	0	0	48	0	0	0	19.8	28.5	0	0	22.7	10.0	10-Sep-24 06:11:56.105	
0	0	0	1	4	0	0	46	0	0	0	19.8	28.5	0	0	22.7	10.0	10-Sep-24 06:11:56.152	
0	0	0	0	5	0	0	47	0	0	0	19.8	28.5	0	0	22.7	10.0	10-Sep-24 06:11:56.196	
0	0	0	4	3	0	0	52	0	0	0	19.8	28.5	0	0	22.7	10.0	10-Sep-24 06:11:56.239	
0	0	0	2	4	0	0	33	0	0	0	19.8	28.5	0	0	22.7	10.0	10-Sep-24 06:11:56.287	
0	0	0	1	2	0	0	51	0	0	0	19.8	28.5	0	0	22.7	10.0	10-Sep-24 06:11:56.331	
0	0	0	0	4	0	0	37	0	0	0	19.8	28.5	0	0	22.7	10.0	10-Sep-24 06:11:56.435	
0	0	0	1	4	0	0	46	0	0	0	19.8	28.5	0	0	22.7	10.0	10-Sep-24 06:11:56.479	
0	0	0	2	4	0	0	37	0	0	0	19.8	28.5	0	0	22.7	10.0	10-Sep-24 06:11:56.524	
0	0	0	2	6	0	0	45	0	0	0	19.8	28.5	0	0	22.7	10.0	10-Sep-24 06:11:56.567	
0	0	0	1	2	0	0	45	0	0	0	19.8	28.5	0	0	22.7	10.0	10-Sep-24 06:11:56.620	
0	0	0	1	3	0	0	41	0	0	0	19.8	28.5	0	0	22.7	10.0	10-Sep-24 06:11:56.664	
0	0	0	2	6	0	0	36	0	0	0	19.8	28.5	0	0	22.7	10.0	10-Sep-24 06:11:56.708	
0	0	0	1	2	0	0	45	0	0	0	19.8	28.5	0	0	22.7	10.0	10-Sep-24 06:11:56.751	
0	0	0	2	7	0	0	55	0	0	0	19.8	28.5	0	0	22.7	10.0	10-Sep-24 06:11:56.795	
0	0	0	1	3	0	0	40	0	0	0	19.8	28.5	0	0	22.7	10.0	10-Sep-24 06:11:56.839	
0	0	0	1	3	0	0	49	0	0	0	19.8	28.5	0	0	22.7	10.0	10-Sep-24 06:11:56.883	
0	0	0	2	4	0	0	42	0	0	0	19.8	28.5	0	0	22.7	10.0	10-Sep-24 06:11:56.928	
0	0	0	2	3	0	0	45	0	0	0	19.8	28.5	0	0	22.7	10.0	10-Sep-24 06:11:56.971	
0	0	0	1	5	0	0	44	0	0	0	19.8	28.5	0	0	22.7	10.0	10-Sep-24 06:11:57.016	
0	0	0	1	6	0	0	52	0	0	0	19.8	28.5	0	0	22.7	10.0	10-Sep-24 06:11:57.059	
0	0	0	1	4	0	0	52	0	0	0	19.8	28.5	0	0	22.7	10.0	10-Sep-24 06:11:57.104	
0	0	0	1	1	0	0	45	0	0	0	19.8	28.5	0	0	22.7	10.0	10-Sep-24 06:11:57.155	
0	0	0	1	3	0	0	45	0	0	0	19.8	28.5	0	0	22.7	10.0	10-Sep-24 06:11:57.199	
0	0	0	0	2	0	0	33	0	0	0	19.8	28.5	0	0	22.7	10.0	10-Sep-24 06:11:57.244	
0	0	0	1	1	0	0	38	0	0	0	19.8	28.5	0	0	22.7	10.0	10-Sep-24 06:11:57.287	
0	0	0	1	4	0	0	44	0	0	0	19.8	28.5	0	0	22.7	10.0	10-Sep-24 06:11:57.331	
0	0	0	1	2	0	0	36	0	0	0	19.8	28.5	0	0	22.7	10.0	10-Sep-24 06:11:57.375	
0	0	0	3	5	0	0	47	0	0	0	19.8	28.5	0	0	22.7	10.0	10-Sep-24 06:11:57.420	
0	0	0	2	6	0	0	31	0	0	0	19.8	28.5	0	0	22.7	10.0	10-Sep-24 06:11:57.522	
0	0	0	1	2	0	0	41	0	0	0	19.8	28.5	0	0	22.7	10.0	10-Sep-24 06:11:57.568	
0	0	0	1	5	0	0	45	0	0	0	19.8	28.5	0	0	22.7	10.0	10-Sep-24 06:11:57.612	
0	0	0	3	6	0	0	55	0	0	0	19.8	28.5	0	0	22.7	10.0	10-Sep-24 06:11:57.663	
0	0	0	1	4	0	0	39	0	0	0	19.8	28.5	0	0	22.7	10.0	10-Sep-24 06:11:57.703	
0	0	0	1	3	0	0	42	0	0	0	19.8	28.5	0	0	22.7	10.0	10-Sep-24 06:11:57.747	
0	0	0	1	4	0	0	43	0	0	0	19.8	28.5	0	0	22.7	10.0	10-Sep-24 06:11:57.791	
0	0	0	2	2	0	0	42	0	0	0	19.8	28.5	0	0	22.7	10.0	10-Sep-24 06:11:57.835	
0	0	0	0	2	0	0	47	0	0	0	19.8	28.5	0	0	22.7	10.0	10-Sep-24 06:11:57.880	
0	0	0	1	3	0	0	45	0	0	0	19.8	28.5	0	0	22.7	10.0	10-Sep-24 06:11:57.924	
0	0	0	1	3	0	0	37	0	0	0	19.8	28.5	0	0	22.7	10.0	10-Sep-24 06:11:57.968	
0	0	0	1	4	0	0	28	0	0	0	19.8	28.5	0	0	22.7	10.0	10-Sep-24 06:11:58.011	
0	0	0	1	2	0	0	58	0	0	0	19.8	28.5	0	0	22.7	10.0	10-Sep-24 06:11:58.055	
0	0	0	1	5	0	0	47	0	0	0	19.8	28.5	0	0	22.7	10.0	10-Sep-24 06:11:58.099	
0	0	0	1	3	0	0	39	0	0	0	19.8	28.5	0	0	22.7	10.0	10-Sep-24 06:11:58.146	
0	0	0	2	3	0	0	44	0	0	0	19.8	28.5	0	0	22.7	10.0	10-Sep-24 06:11:58.197	
0	0	0	2	4	0	0	48	0	0	0	19.8	28.5	0	0	22.7	10.0	10-Sep-24 06:11:58.271	
0	0	0	1	3	0	0	29	0	0	0	19.8	28.5	0	0	22.7	10.0	10-Sep-24 06:11:58.352	
0	0	0	2	2	0	0	40	0	0	0	19.8	28.5	0	0	22.7	10.0	10-Sep-24 06:11:58.425	
0	0	0	1	5	0	0	46	0	0	0	19.8	28.5	0	0	22.7	10.0	10-Sep-24 06:11:58.471	
0	0	0	1	7	0	0	37	0	0	0	19.8	28.5	0	0	22.7	10.0	10-Sep-24 06:11:58.574	
0	0	0	1	2	0	0	46	0	0	0	19.8	28.5	0	0	22.7	10.0	10-Sep-24 06:11:58.620	
0	0	0	1	4	0	0	54	0	0	0	19.8	28.5	0	0	22.7	10.0	10-Sep-24 06:11:58.672	
0	0	0	3	1	0	0	53	0	0	0	19.8	28.5	0	0	22.7	10.0	10-Sep-24 06:11:58.716	
0	0	0	3	3	0	0	39	0	0	0	19.8	28.5	0	0	22.7	10.0	10-Sep-24 06:11:58.759	
0	0	0	1	1	0	0	50	0	0	0	19.8	28.5	0	0	22.7	10.0	10-Sep-24 06:11:58.803	
0	0	0	3	1	0	0	38	0	0	0	19.8	28.5	0	0	22.7	10.0	10-Sep-24 06:11:58.847	
0	0	0	1	4	0	0	51	0	0	0	19.8	28.5	0	0	22.7	10.0	10-Sep-24 06:11:58.892	
0	0	0	3	4	0	0	45	0	0	0	19.8	28.5	0	0	22.7	10.0	10-Sep-24 06:11:58.936	
0	0	0	0	8	0	0	50	0	0	0	19.8	28.5	0	0	22.7	10.0	10-Sep-24 06:11:58.979	
0	0	0	1	5	0	0	42	0	0	0	19.8	28.5	0	0	22.7	10.0	10-Sep-24 06:11:59.024	
0	0	0	2	3	0	0	37	0	0	0	19.8	28.5	0	0	22.7	10.0	10-Sep-24 06:11:59.067	
0	0	0	0	1	0	0	39	0	0	0	19.8	28.5	0	0	22.7	10.0	10-Sep-24 06:11:59.111	
0	0	0	2	4	0	0	47	0	0	0	19.8	28.5	0	0	22.7	10.0	10-Sep-24 06:11:59.155	
0	0	0	1	3	0	0	42	0	0	0	19.8	28.5	0	0	22.7	10.0	10-Sep-24 06:11:59.205	
0	0	0	0	4	0	0	45	0	0	0	19.8	28.5	0	0	22.7	10.0	10-Sep-24 06:11:59.248	
0	0	0	0	2	0	0	42	0	0	0	19.8	28.5	0	0	22.7	10.0	10-Sep-24 06:11:59.292	
0	0	0	3	2	0	0	40	0	0	0	19.8	28.5	0	0	22.7	10.0	10-Sep-24 06:11:59.335	
0	0	0	1	4	0	0	48	0	0	0	19.8	28.5	0	0	22.7	10.0	10-Sep-24 06:11:59.379	
0	0	0	1	5	0	0	46	0	0	0	19.8	28.5	0	0	22.7	10.0	10-Sep-24 06:11:59.423	
0	0	0	1	1	0	0	47	0	0	0	19.8	28.5	0	0	22.7	10.0	10-Sep-24 06:11:59.467	
0	0	0	0	5	0	0	42	0	0	0	19.8	28.5	0	0	22.7	10.0	10-Sep-24 06:11:59.512	
0	0	0	2	3	0	0	52	0	0	0	19.8	28.5	0	0	22.7	10.0	10-Sep-24 06:11:59.555	
0	0	0	1	3	0	0	47	0	0	0	19.8	28.5	0	0	22.7	10.0	10-Sep-24 06:11:59.646	
0	0	0	2	3	0	0	49	0	0	0	19.8	28.5	0	0	22.7	10.0	10-Sep-24 06:11:59.700	
0	0	0	1	2	0	0	46	0	0	0	19.8	28.5	0	0	22.7	10.0	10-Sep-24 06:11:59.744	
0	0	0	1	3	0	0	38	0	0	0	19.8	28.5	0	0	22.7	10.0	10-Sep-24 06:11:59.788	
0	0	0	2	3	0	0	33	0	0	0	19.8	28.5	0	0	22.7	10.0	10-Sep-24 06:11:59.831	
0	0	0	1	4	0	0	53	0	0	0	19.8	28.5	0	0	22.7	10.0	10-Sep-24 06:11:59.875	
0	0	0	1	4	0	0	50	0	0	0	19.8	28.5	0	0	22.7	10.0	10-Sep-24 06:11:59.912	
0	0	0	1	2	0	0	46	0	0	0	19.8	28.5	0	0	22.7	10.0	10-Sep-24 06:11:59.955	
0	0	0	2	5	0	0	46	0	0	0	19.8	28.5	0	0	22.7	10.0	10-Sep-24 06:12:00.000	
0	0	0	1	1	0	0	50	0	0	0	19.8	28.5	0	0	22.7	10.0	10-Sep-24 06:12:00.043	
0	0	0	1	3	0	0	35	0	0	0	19.8	28.5	0	0	22.7	10.0	10-Sep-24 06:12:00.087	
0	0	0	1	3	0	0	45	0	0	0	19.8	28.5	0	0	22.7	10.0	10-Sep-24 06:12:00.132	
0	0	0	1	4	0	0	40	0	0	0	19.8	28.5	0	0	22.7	10.0	10-Sep-24 06:12:00.175	
0	0	0	3	4	0	0	36	0	0	0	19.8	28.5	0	0	22.7	10.0	10-Sep-24 06:12:00.223	
0	0	0	1	2	0	0	43	0	0	0	19.8	28.5	0	0	22.7	10.0	10-Sep-24 06:12:00.268	
0	0	0	1	6	0	0	50	0	0	0	19.8	28.5	0	0	22.7	10.0	10-Sep-24 06:12:00.311	
0	0	0	1	4	0	0	35	0	0	0	19.8	28.5	0	0	22.7	10.0	10-Sep-24 06:12:00.356	
0	0	0	3	3	0	0	42	0	0	0	19.8	28.5	0	0	22.7	10.0	10-Sep-24 06:12:00.399	
0	0	0	1	3	0	0	55	0	0	0	19.8	28.5	0	0	22.7	10.0	10-Sep-24 06:12:00.443	
0	0	0	1	4	0	0	41	0	0	0	19.8	28.5	0	0	22.7	10.0	10-Sep-24 06:12:00.487	
0	0	0	1	2	0	0	46	0	0	0	19.8	28.5	0	0	22.7	10.0	10-Sep-24 06:12:00.531	
0	0	0	1	4	0	0	46	0	0	0	19.8	28.5	0	0	22.7	10.0	10-Sep-24 06:12:00.576	
0	0	0	2	3	0	0	51	0	0	0	19.8	28.5	0	0	22.7	10.0	10-Sep-24 06:12:00.618	
0	0	0	0	1	0	0	46	0	0	0	19.8	28.5	0	0	22.7	10.0	10-Sep-24 06:12:00.721	
0	0	0	1	6	0	0	45	0	0	0	19.8	28.5	0	0	22.7	10.0	10-Sep-24 06:12:00.768	
0	0	0	2	4	0	0	45	0	0	0	19.8	28.5	0	0	22.7	10.0	10-Sep-24 06:12:00.812	
0	0	0	0	4	0	0	42	0	0	0	19.8	28.5	0	0	22.7	10.0	10-Sep-24 06:12:00.856	
0	0	0	2	3	0	0	30	0	0	0	19.8	28.5	0	0	22.7	10.0	10-Sep-24 06:12:00.900	
0	0	0	2	2	0	0	46	0	0	0	19.8	28.5	0	0	22.7	10.0	10-Sep-24 06:12:00.944	
0	0	0	2	3	0	0	41	0	0	0	19.8	28.5	0	0	22.7	10.0	10-Sep-24 06:12:00.988	
0	0	0	1	4	0	0	40	0	0	0	19.8	28.5	0	0	22.7	10.0	10-Sep-24 06:12:01.031	
0	0	0	1	1	0	0	47	0	0	0	19.8	28.5	0	0	22.7	10.0	10-Sep-24 06:12:01.075	
0	0	0	1	3	0	0	45	0	0	0	19.8	28.5	0	0	22.7	10.0	10-Sep-24 06:12:01.120	
0	0	0	1	3	0	0	50	0	0	0	19.8	28.5	0	0	22.7	10.0	10-Sep-24 06:12:01.163	
0	0	0	0	6	0	0	48	0	0	0	19.8	28.5	0	0	22.7	10.0	10-Sep-24 06:12:01.210	
0	0	0	3	3	0	0	34	0	0	0	19.8	28.5	0	0	22.7	10.0	10-Sep-24 06:12:01.251	
0	0	0	1	2	0	0	41	0	0	0	19.8	28.5	0	0	22.7	10.0	10-Sep-24 06:12:01.295	
