C1	C2	C3	C4	C5	C6	C7	C8	BC1	BC2	BC3	BC4	BC5	BC6	BC7	BC8	IT	T

0	0	0	3	9	0	0	194	0	0	0	19.8	28.5	0	0	22.7	10.0	10-Sep-24 06:15:09.256	
0	0	0	3	13	0	0	215	0	0	0	19.8	28.5	0	0	22.7	10.0	10-Sep-24 06:15:09.301	
0	0	0	2	9	0	0	191	0	0	0	19.8	28.5	0	0	22.7	10.0	10-Sep-24 06:15:09.351	
0	0	0	1	19	0	0	188	0	0	0	19.8	28.5	0	0	22.7	10.0	10-Sep-24 06:15:09.396	
0	0	0	4	7	0	0	194	0	0	0	19.8	28.5	0	0	22.7	10.0	10-Sep-24 06:15:09.440	
0	0	0	1	11	0	0	188	0	0	0	19.8	28.5	0	0	22.7	10.0	10-Sep-24 06:15:09.484	
0	0	0	2	13	0	0	217	0	0	0	19.8	28.5	0	0	22.7	10.0	10-Sep-24 06:15:09.528	
0	0	0	1	11	0	0	183	0	0	0	19.8	28.5	0	0	22.7	10.0	10-Sep-24 06:15:09.572	
0	0	0	3	10	0	0	220	0	0	0	19.8	28.5	0	0	22.7	10.0	10-Sep-24 06:15:09.616	
0	0	0	1	10	0	0	190	0	0	0	19.8	28.5	0	0	22.7	10.0	10-Sep-24 06:15:09.660	
0	0	0	1	9	0	0	190	0	0	0	19.8	28.5	0	0	22.7	10.0	10-Sep-24 06:15:09.704	
0	0	0	3	12	0	0	192	0	0	0	19.8	28.5	0	0	22.7	10.0	10-Sep-24 06:15:09.748	
0	0	0	5	15	0	0	172	0	0	0	19.8	28.5	0	0	22.7	10.0	10-Sep-24 06:15:09.792	
0	0	0	2	11	0	0	167	0	0	0	19.8	28.5	0	0	22.7	10.0	10-Sep-24 06:15:09.836	
0	0	0	7	11	0	0	202	0	0	0	19.8	28.5	0	0	22.7	10.0	10-Sep-24 06:15:09.887	
0	0	0	1	8	0	0	168	0	0	0	19.8	28.5	0	0	22.7	10.0	10-Sep-24 06:15:09.932	
0	0	0	1	10	0	0	201	0	0	0	19.8	28.5	0	0	22.7	10.0	10-Sep-24 06:15:09.976	
0	0	0	3	13	0	0	201	0	0	0	19.8	28.5	0	0	22.7	10.0	10-Sep-24 06:15:10.020	
0	0	0	2	7	0	0	177	0	0	0	19.8	28.5	0	0	22.7	10.0	10-Sep-24 06:15:10.121	
0	0	0	2	13	0	0	188	0	0	0	19.8	28.5	0	0	22.7	10.0	10-Sep-24 06:15:10.168	
0	0	0	1	15	0	0	241	0	0	0	19.8	28.5	0	0	22.7	10.0	10-Sep-24 06:15:10.211	
0	0	0	1	12	0	0	211	0	0	0	19.8	28.5	0	0	22.7	10.0	10-Sep-24 06:15:10.256	
0	0	0	5	10	0	0	188	0	0	0	19.8	28.5	0	0	22.7	10.0	10-Sep-24 06:15:10.300	
0	0	0	2	13	0	0	210	0	0	0	19.8	28.5	0	0	22.7	10.0	10-Sep-24 06:15:10.344	
0	0	0	3	11	0	0	202	0	0	0	19.8	28.5	0	0	22.7	10.0	10-Sep-24 06:15:10.395	
0	0	0	2	9	0	0	211	0	0	0	19.8	28.5	0	0	22.7	10.0	10-Sep-24 06:15:10.439	
0	0	0	2	7	0	0	191	0	0	0	19.8	28.5	0	0	22.7	10.0	10-Sep-24 06:15:10.484	
0	0	0	1	13	0	0	189	0	0	0	19.8	28.5	0	0	22.7	10.0	10-Sep-24 06:15:10.527	
0	0	0	3	8	0	0	192	0	0	0	19.8	28.5	0	0	22.7	10.0	10-Sep-24 06:15:10.572	
0	0	0	2	14	0	0	194	0	0	0	19.8	28.5	0	0	22.7	10.0	10-Sep-24 06:15:10.616	
0	0	0	2	11	0	0	198	0	0	0	19.8	28.5	0	0	22.7	10.0	10-Sep-24 06:15:10.660	
0	0	0	2	7	0	0	189	0	0	0	19.8	28.5	0	0	22.7	10.0	10-Sep-24 06:15:10.704	
0	0	0	3	13	0	0	182	0	0	0	19.8	28.5	0	0	22.7	10.0	10-Sep-24 06:15:10.748	
0	0	0	1	14	0	0	178	0	0	0	19.8	28.5	0	0	22.7	10.0	10-Sep-24 06:15:10.792	
0	0	0	4	14	0	0	205	0	0	0	19.8	28.5	0	0	22.7	10.0	10-Sep-24 06:15:10.835	
0	0	0	5	7	0	0	177	0	0	0	19.8	28.5	0	0	22.7	10.0	10-Sep-24 06:15:10.889	
0	0	0	1	10	0	0	183	0	0	0	19.8	28.5	0	0	22.7	10.0	10-Sep-24 06:15:10.931	
0	0	0	1	11	0	0	187	0	0	0	19.8	28.5	0	0	22.7	10.0	10-Sep-24 06:15:10.976	
0	0	0	1	18	0	0	186	0	0	0	19.8	28.5	0	0	22.7	10.0	10-Sep-24 06:15:11.019	
0	0	0	1	14	0	0	181	0	0	0	19.8	28.5	0	0	22.7	10.0	10-Sep-24 06:15:11.064	
0	0	0	2	15	0	0	210	0	0	0	19.8	28.5	0	0	22.7	10.0	10-Sep-24 06:15:11.108	
0	0	0	4	5	0	0	211	0	0	0	19.8	28.5	0	0	22.7	10.0	10-Sep-24 06:15:11.210	
0	0	0	1	18	0	0	190	0	0	0	19.8	28.5	0	0	22.7	10.0	10-Sep-24 06:15:11.256	
0	0	0	3	8	0	0	203	0	0	0	19.8	28.5	0	0	22.7	10.0	10-Sep-24 06:15:11.300	
0	0	0	2	11	0	0	188	0	0	0	19.8	28.5	0	0	22.7	10.0	10-Sep-24 06:15:11.344	
0	0	0	2	12	0	0	196	0	0	0	19.8	28.5	0	0	22.7	10.0	10-Sep-24 06:15:11.396	
0	0	0	3	6	0	0	191	0	0	0	19.8	28.5	0	0	22.7	10.0	10-Sep-24 06:15:11.443	
0	0	0	4	8	0	0	200	0	0	0	19.8	28.5	0	0	22.7	10.0	10-Sep-24 06:15:11.488	
0	0	0	2	14	0	0	178	0	0	0	19.8	28.5	0	0	22.7	10.0	10-Sep-24 06:15:11.532	
0	0	0	2	15	0	0	218	0	0	0	19.8	28.5	0	0	22.7	10.0	10-Sep-24 06:15:11.576	
0	0	0	2	9	0	0	207	0	0	0	19.8	28.5	0	0	22.7	10.0	10-Sep-24 06:15:11.620	
0	0	0	3	13	0	0	198	0	0	0	19.8	28.5	0	0	22.7	10.0	10-Sep-24 06:15:11.664	
0	0	0	1	12	0	0	205	0	0	0	19.8	28.5	0	0	22.7	10.0	10-Sep-24 06:15:11.708	
0	0	0	3	11	0	0	213	0	0	0	19.8	28.5	0	0	22.7	10.0	10-Sep-24 06:15:11.752	
0	0	0	3	13	0	0	212	0	0	0	19.8	28.5	0	0	22.7	10.0	10-Sep-24 06:15:11.796	
0	0	0	1	8	0	0	199	0	0	0	19.8	28.5	0	0	22.7	10.0	10-Sep-24 06:15:11.839	
0	0	0	4	4	0	0	202	0	0	0	19.8	28.5	0	0	22.7	10.0	10-Sep-24 06:15:11.883	
0	0	0	4	11	0	0	171	0	0	0	19.8	28.5	0	0	22.7	10.0	10-Sep-24 06:15:11.935	
0	0	0	1	11	0	0	210	0	0	0	19.8	28.5	0	0	22.7	10.0	10-Sep-24 06:15:11.980	
0	0	0	2	12	0	0	200	0	0	0	19.8	28.5	0	0	22.7	10.0	10-Sep-24 06:15:12.024	
0	0	0	2	8	0	0	183	0	0	0	19.8	28.5	0	0	22.7	10.0	10-Sep-24 06:15:12.068	
0	0	0	3	20	0	0	229	0	0	0	19.8	28.5	0	0	22.7	10.0	10-Sep-24 06:15:12.112	
0	0	0	4	7	0	0	184	0	0	0	19.8	28.5	0	0	22.7	10.0	10-Sep-24 06:15:12.156	
0	0	0	2	8	0	0	170	0	0	0	19.8	28.5	0	0	22.7	10.0	10-Sep-24 06:15:12.199	
0	0	0	2	11	0	0	196	0	0	0	19.8	28.5	0	0	22.7	10.0	10-Sep-24 06:15:12.302	
0	0	0	1	10	0	0	174	0	0	0	19.8	28.5	0	0	22.7	10.0	10-Sep-24 06:15:12.348	
0	0	0	3	14	0	0	167	0	0	0	19.8	28.5	0	0	22.7	10.0	10-Sep-24 06:15:12.392	
0	0	0	2	12	0	0	187	0	0	0	19.8	28.5	0	0	22.7	10.0	10-Sep-24 06:15:12.443	
0	0	0	2	10	0	0	198	0	0	0	19.8	28.5	0	0	22.7	10.0	10-Sep-24 06:15:12.488	
0	0	0	2	11	0	0	201	0	0	0	19.8	28.5	0	0	22.7	10.0	10-Sep-24 06:15:12.532	
0	0	0	4	9	0	0	176	0	0	0	19.8	28.5	0	0	22.7	10.0	10-Sep-24 06:15:12.575	
0	0	0	1	6	0	0	199	0	0	0	19.8	28.5	0	0	22.7	10.0	10-Sep-24 06:15:12.619	
0	0	0	4	7	0	0	192	0	0	0	19.8	28.5	0	0	22.7	10.0	10-Sep-24 06:15:12.664	
0	0	0	4	11	0	0	220	0	0	0	19.8	28.5	0	0	22.7	10.0	10-Sep-24 06:15:12.708	
0	0	0	3	17	0	0	214	0	0	0	19.8	28.5	0	0	22.7	10.0	10-Sep-24 06:15:12.752	
0	0	0	4	8	0	0	194	0	0	0	19.8	28.5	0	0	22.7	10.0	10-Sep-24 06:15:12.795	
0	0	0	1	12	0	0	194	0	0	0	19.8	28.5	0	0	22.7	10.0	10-Sep-24 06:15:12.839	
0	0	0	3	15	0	0	196	0	0	0	19.8	28.5	0	0	22.7	10.0	10-Sep-24 06:15:12.884	
0	0	0	4	5	0	0	194	0	0	0	19.8	28.5	0	0	22.7	10.0	10-Sep-24 06:15:12.933	
0	0	0	2	14	0	0	186	0	0	0	19.8	28.5	0	0	22.7	10.0	10-Sep-24 06:15:12.981	
0	0	0	1	6	0	0	184	0	0	0	19.8	28.5	0	0	22.7	10.0	10-Sep-24 06:15:13.024	
0	0	0	3	10	0	0	219	0	0	0	19.8	28.5	0	0	22.7	10.0	10-Sep-24 06:15:13.067	
0	0	0	1	10	0	0	198	0	0	0	19.8	28.5	0	0	22.7	10.0	10-Sep-24 06:15:13.113	
0	0	0	1	11	0	0	179	0	0	0	19.8	28.5	0	0	22.7	10.0	10-Sep-24 06:15:13.156	
0	0	0	3	17	0	0	186	0	0	0	19.8	28.5	0	0	22.7	10.0	10-Sep-24 06:15:13.200	
0	0	0	2	6	0	0	191	0	0	0	19.8	28.5	0	0	22.7	10.0	10-Sep-24 06:15:13.243	
0	0	0	1	8	0	0	208	0	0	0	19.8	28.5	0	0	22.7	10.0	10-Sep-24 06:15:13.288	
0	0	0	5	12	0	0	196	0	0	0	19.8	28.5	0	0	22.7	10.0	10-Sep-24 06:15:13.391	
0	0	0	2	11	0	0	224	0	0	0	19.8	28.5	0	0	22.7	10.0	10-Sep-24 06:15:13.445	
0	0	0	3	11	0	0	210	0	0	0	19.8	28.5	0	0	22.7	10.0	10-Sep-24 06:15:13.488	
0	0	0	4	13	0	0	204	0	0	0	19.8	28.5	0	0	22.7	10.0	10-Sep-24 06:15:13.578	
0	0	0	3	7	0	0	186	0	0	0	19.8	28.5	0	0	22.7	10.0	10-Sep-24 06:15:13.665	
0	0	0	2	14	0	0	197	0	0	0	19.8	28.5	0	0	22.7	10.0	10-Sep-24 06:15:13.776	
0	0	0	2	8	0	0	190	0	0	0	19.8	28.5	0	0	22.7	10.0	10-Sep-24 06:15:13.848	
0	0	0	5	10	0	0	187	0	0	0	19.8	28.5	0	0	22.7	10.0	10-Sep-24 06:15:13.916	
0	0	0	3	14	0	0	191	0	0	0	19.8	28.5	0	0	22.7	10.0	10-Sep-24 06:15:13.969	
0	0	0	1	8	0	0	192	0	0	0	19.8	28.5	0	0	22.7	10.0	10-Sep-24 06:15:14.012	
0	0	0	3	11	0	0	185	0	0	0	19.8	28.5	0	0	22.7	10.0	10-Sep-24 06:15:14.056	
0	0	0	3	8	0	0	193	0	0	0	19.8	28.5	0	0	22.7	10.0	10-Sep-24 06:15:14.100	
0	0	0	2	9	0	0	192	0	0	0	19.8	28.5	0	0	22.7	10.0	10-Sep-24 06:15:14.145	
0	0	0	2	11	0	0	210	0	0	0	19.8	28.5	0	0	22.7	10.0	10-Sep-24 06:15:14.188	
0	0	0	4	10	0	0	171	0	0	0	19.8	28.5	0	0	22.7	10.0	10-Sep-24 06:15:14.232	
0	0	0	1	18	0	0	223	0	0	0	19.8	28.5	0	0	22.7	10.0	10-Sep-24 06:15:14.276	
0	0	0	1	9	0	0	195	0	0	0	19.8	28.5	0	0	22.7	10.0	10-Sep-24 06:15:14.320	
0	0	0	1	9	0	0	190	0	0	0	19.8	28.5	0	0	22.7	10.0	10-Sep-24 06:15:14.364	
0	0	0	1	5	0	0	203	0	0	0	19.8	28.5	0	0	22.7	10.0	10-Sep-24 06:15:14.475	
0	0	0	3	13	0	0	189	0	0	0	19.8	28.5	0	0	22.7	10.0	10-Sep-24 06:15:14.524	
0	0	0	2	12	0	0	197	0	0	0	19.8	28.5	0	0	22.7	10.0	10-Sep-24 06:15:14.568	
0	0	0	2	8	0	0	189	0	0	0	19.8	28.5	0	0	22.7	10.0	10-Sep-24 06:15:14.612	
0	0	0	3	13	0	0	192	0	0	0	19.8	28.5	0	0	22.7	10.0	10-Sep-24 06:15:14.656	
0	0	0	5	9	0	0	179	0	0	0	19.8	28.5	0	0	22.7	10.0	10-Sep-24 06:15:14.700	
0	0	0	2	8	0	0	206	0	0	0	19.8	28.5	0	0	22.7	10.0	10-Sep-24 06:15:14.744	
0	0	0	3	13	0	0	201	0	0	0	19.8	28.5	0	0	22.7	10.0	10-Sep-24 06:15:14.787	
0	0	0	3	11	0	0	176	0	0	0	19.8	28.5	0	0	22.7	10.0	10-Sep-24 06:15:14.831	
0	0	0	4	8	0	0	209	0	0	0	19.8	28.5	0	0	22.7	10.0	10-Sep-24 06:15:14.876	
0	0	0	1	11	0	0	232	0	0	0	19.8	28.5	0	0	22.7	10.0	10-Sep-24 06:15:14.920	
0	0	0	3	7	0	0	213	0	0	0	19.8	28.5	0	0	22.7	10.0	10-Sep-24 06:15:14.968	
0	0	0	3	7	0	0	178	0	0	0	19.8	28.5	0	0	22.7	10.0	10-Sep-24 06:15:15.016	
0	0	0	3	11	0	0	167	0	0	0	19.8	28.5	0	0	22.7	10.0	10-Sep-24 06:15:15.060	
0	0	0	1	9	0	0	218	0	0	0	19.8	28.5	0	0	22.7	10.0	10-Sep-24 06:15:15.103	
0	0	0	2	4	0	0	172	0	0	0	19.8	28.5	0	0	22.7	10.0	10-Sep-24 06:15:15.148	
0	0	0	1	9	0	0	206	0	0	0	19.8	28.5	0	0	22.7	10.0	10-Sep-24 06:15:15.191	
0	0	0	1	9	0	0	210	0	0	0	19.8	28.5	0	0	22.7	10.0	10-Sep-24 06:15:15.235	
0	0	0	1	10	0	0	205	0	0	0	19.8	28.5	0	0	22.7	10.0	10-Sep-24 06:15:15.280	
0	0	0	2	11	0	0	214	0	0	0	19.8	28.5	0	0	22.7	10.0	10-Sep-24 06:15:15.324	
0	0	0	1	10	0	0	203	0	0	0	19.8	28.5	0	0	22.7	10.0	10-Sep-24 06:15:15.368	
0	0	0	4	13	0	0	197	0	0	0	19.8	28.5	0	0	22.7	10.0	10-Sep-24 06:15:15.412	
0	0	0	2	9	0	0	180	0	0	0	19.8	28.5	0	0	22.7	10.0	10-Sep-24 06:15:15.455	
0	0	0	4	8	0	0	194	0	0	0	19.8	28.5	0	0	22.7	10.0	10-Sep-24 06:15:15.553	
0	0	0	2	6	0	0	214	0	0	0	19.8	28.5	0	0	22.7	10.0	10-Sep-24 06:15:15.600	
0	0	0	1	11	0	0	203	0	0	0	19.8	28.5	0	0	22.7	10.0	10-Sep-24 06:15:15.644	
0	0	0	2	14	0	0	210	0	0	0	19.8	28.5	0	0	22.7	10.0	10-Sep-24 06:15:15.688	
0	0	0	1	11	0	0	187	0	0	0	19.8	28.5	0	0	22.7	10.0	10-Sep-24 06:15:15.732	
0	0	0	3	9	0	0	195	0	0	0	19.8	28.5	0	0	22.7	10.0	10-Sep-24 06:15:15.776	
0	0	0	3	7	0	0	210	0	0	0	19.8	28.5	0	0	22.7	10.0	10-Sep-24 06:15:15.820	
0	0	0	1	14	0	0	183	0	0	0	19.8	28.5	0	0	22.7	10.0	10-Sep-24 06:15:15.864	
0	0	0	2	9	0	0	198	0	0	0	19.8	28.5	0	0	22.7	10.0	10-Sep-24 06:15:15.907	
0	0	0	2	4	0	0	182	0	0	0	19.8	28.5	0	0	22.7	10.0	10-Sep-24 06:15:15.952	
0	0	0	2	9	0	0	187	0	0	0	19.8	28.5	0	0	22.7	10.0	10-Sep-24 06:15:16.003	
0	0	0	3	9	0	0	210	0	0	0	19.8	28.5	0	0	22.7	10.0	10-Sep-24 06:15:16.048	
0	0	0	2	8	0	0	202	0	0	0	19.8	28.5	0	0	22.7	10.0	10-Sep-24 06:15:16.091	
0	0	0	2	10	0	0	189	0	0	0	19.8	28.5	0	0	22.7	10.0	10-Sep-24 06:15:16.136	
0	0	0	4	6	0	0	206	0	0	0	19.8	28.5	0	0	22.7	10.0	10-Sep-24 06:15:16.180	
0	0	0	2	10	0	0	200	0	0	0	19.8	28.5	0	0	22.7	10.0	10-Sep-24 06:15:16.224	
0	0	0	2	12	0	0	206	0	0	0	19.8	28.5	0	0	22.7	10.0	10-Sep-24 06:15:16.268	
0	0	0	3	11	0	0	190	0	0	0	19.8	28.5	0	0	22.7	10.0	10-Sep-24 06:15:16.311	
0	0	0	3	9	0	0	188	0	0	0	19.8	28.5	0	0	22.7	10.0	10-Sep-24 06:15:16.356	
0	0	0	3	8	0	0	199	0	0	0	19.8	28.5	0	0	22.7	10.0	10-Sep-24 06:15:16.400	
0	0	0	2	8	0	0	189	0	0	0	19.8	28.5	0	0	22.7	10.0	10-Sep-24 06:15:16.444	
0	0	0	2	2	0	0	188	0	0	0	19.8	28.5	0	0	22.7	10.0	10-Sep-24 06:15:16.488	
0	0	0	1	9	0	0	197	0	0	0	19.8	28.5	0	0	22.7	10.0	10-Sep-24 06:15:16.536	
0	0	0	1	12	0	0	199	0	0	0	19.8	28.5	0	0	22.7	10.0	10-Sep-24 06:15:16.639	
0	0	0	1	10	0	0	232	0	0	0	19.8	28.5	0	0	22.7	10.0	10-Sep-24 06:15:16.685	
0	0	0	2	12	0	0	187	0	0	0	19.8	28.5	0	0	22.7	10.0	10-Sep-24 06:15:16.728	
0	0	0	3	3	0	0	199	0	0	0	19.8	28.5	0	0	22.7	10.0	10-Sep-24 06:15:16.771	
0	0	0	2	11	0	0	204	0	0	0	19.8	28.5	0	0	22.7	10.0	10-Sep-24 06:15:16.816	
0	0	0	5	15	0	0	186	0	0	0	19.8	28.5	0	0	22.7	10.0	10-Sep-24 06:15:16.860	
0	0	0	1	12	0	0	197	0	0	0	19.8	28.5	0	0	22.7	10.0	10-Sep-24 06:15:16.904	
0	0	0	2	14	0	0	197	0	0	0	19.8	28.5	0	0	22.7	10.0	10-Sep-24 06:15:16.948	
0	0	0	6	10	0	0	187	0	0	0	19.8	28.5	0	0	22.7	10.0	10-Sep-24 06:15:16.992	
0	0	0	3	10	0	0	195	0	0	0	19.8	28.5	0	0	22.7	10.0	10-Sep-24 06:15:17.040	
0	0	0	3	13	0	0	197	0	0	0	19.8	28.5	0	0	22.7	10.0	10-Sep-24 06:15:17.089	
0	0	0	3	8	0	0	194	0	0	0	19.8	28.5	0	0	22.7	10.0	10-Sep-24 06:15:17.132	
0	0	0	2	14	0	0	196	0	0	0	19.8	28.5	0	0	22.7	10.0	10-Sep-24 06:15:17.176	
0	0	0	1	7	0	0	196	0	0	0	19.8	28.5	0	0	22.7	10.0	10-Sep-24 06:15:17.219	
0	0	0	2	8	0	0	204	0	0	0	19.8	28.5	0	0	22.7	10.0	10-Sep-24 06:15:17.263	
0	0	0	4	8	0	0	206	0	0	0	19.8	28.5	0	0	22.7	10.0	10-Sep-24 06:15:17.308	
0	0	0	2	10	0	0	220	0	0	0	19.8	28.5	0	0	22.7	10.0	10-Sep-24 06:15:17.352	
0	0	0	2	14	0	0	232	0	0	0	19.8	28.5	0	0	22.7	10.0	10-Sep-24 06:15:17.396	
0	0	0	1	16	0	0	171	0	0	0	19.8	28.5	0	0	22.7	10.0	10-Sep-24 06:15:17.439	
0	0	0	4	6	0	0	180	0	0	0	19.8	28.5	0	0	22.7	10.0	10-Sep-24 06:15:17.476	
0	0	0	2	6	0	0	208	0	0	0	19.8	28.5	0	0	22.7	10.0	10-Sep-24 06:15:17.520	
0	0	0	4	8	0	0	209	0	0	0	19.8	28.5	0	0	22.7	10.0	10-Sep-24 06:15:17.573	
0	0	0	2	5	0	0	198	0	0	0	19.8	28.5	0	0	22.7	10.0	10-Sep-24 06:15:17.616	
0	0	0	3	6	0	0	194	0	0	0	19.8	28.5	0	0	22.7	10.0	10-Sep-24 06:15:17.719	
0	0	0	2	17	0	0	187	0	0	0	19.8	28.5	0	0	22.7	10.0	10-Sep-24 06:15:17.764	
0	0	0	2	10	0	0	193	0	0	0	19.8	28.5	0	0	22.7	10.0	10-Sep-24 06:15:17.808	
0	0	0	1	12	0	0	196	0	0	0	19.8	28.5	0	0	22.7	10.0	10-Sep-24 06:15:17.852	
0	0	0	4	9	0	0	185	0	0	0	19.8	28.5	0	0	22.7	10.0	10-Sep-24 06:15:17.895	
0	0	0	5	14	0	0	185	0	0	0	19.8	28.5	0	0	22.7	10.0	10-Sep-24 06:15:17.940	
0	0	0	1	10	0	0	202	0	0	0	19.8	28.5	0	0	22.7	10.0	10-Sep-24 06:15:17.984	
0	0	0	2	14	0	0	180	0	0	0	19.8	28.5	0	0	22.7	10.0	10-Sep-24 06:15:18.028	
0	0	0	6	12	0	0	199	0	0	0	19.8	28.5	0	0	22.7	10.0	10-Sep-24 06:15:18.079	
0	0	0	4	11	0	0	187	0	0	0	19.8	28.5	0	0	22.7	10.0	10-Sep-24 06:15:18.125	
0	0	0	2	7	0	0	199	0	0	0	19.8	28.5	0	0	22.7	10.0	10-Sep-24 06:15:18.167	
0	0	0	1	10	0	0	208	0	0	0	19.8	28.5	0	0	22.7	10.0	10-Sep-24 06:15:18.212	
0	0	0	1	10	0	0	198	0	0	0	19.8	28.5	0	0	22.7	10.0	10-Sep-24 06:15:18.256	
0	0	0	1	9	0	0	199	0	0	0	19.8	28.5	0	0	22.7	10.0	10-Sep-24 06:15:18.299	
0	0	0	3	9	0	0	203	0	0	0	19.8	28.5	0	0	22.7	10.0	10-Sep-24 06:15:18.344	
0	0	0	3	8	0	0	191	0	0	0	19.8	28.5	0	0	22.7	10.0	10-Sep-24 06:15:18.380	
0	0	0	3	16	0	0	213	0	0	0	19.8	28.5	0	0	22.7	10.0	10-Sep-24 06:15:18.425	
0	0	0	1	13	0	0	203	0	0	0	19.8	28.5	0	0	22.7	10.0	10-Sep-24 06:15:18.468	
0	0	0	3	6	0	0	165	0	0	0	19.8	28.5	0	0	22.7	10.0	10-Sep-24 06:15:18.511	
0	0	0	3	17	0	0	189	0	0	0	19.8	28.5	0	0	22.7	10.0	10-Sep-24 06:15:18.565	
0	0	0	2	13	0	0	198	0	0	0	19.8	28.5	0	0	22.7	10.0	10-Sep-24 06:15:18.608	
0	0	0	4	6	0	0	194	0	0	0	19.8	28.5	0	0	22.7	10.0	10-Sep-24 06:15:18.652	
0	0	0	6	8	0	0	208	0	0	0	19.8	28.5	0	0	22.7	10.0	10-Sep-24 06:15:18.696	
0	0	0	1	10	0	0	193	0	0	0	19.8	28.5	0	0	22.7	10.0	10-Sep-24 06:15:18.800	
0	0	0	1	8	0	0	201	0	0	0	19.8	28.5	0	0	22.7	10.0	10-Sep-24 06:15:18.912	
0	0	0	1	10	0	0	205	0	0	0	19.8	28.5	0	0	22.7	10.0	10-Sep-24 06:15:18.980	
0	0	0	4	15	0	0	170	0	0	0	19.8	28.5	0	0	22.7	10.0	10-Sep-24 06:15:19.029	
0	0	0	1	10	0	0	193	0	0	0	19.8	28.5	0	0	22.7	10.0	10-Sep-24 06:15:19.078	
0	0	0	6	14	0	0	213	0	0	0	19.8	28.5	0	0	22.7	10.0	10-Sep-24 06:15:19.124	
0	0	0	2	14	0	0	192	0	0	0	19.8	28.5	0	0	22.7	10.0	10-Sep-24 06:15:19.169	
0	0	0	3	5	0	0	218	0	0	0	19.8	28.5	0	0	22.7	10.0	10-Sep-24 06:15:19.211	
0	0	0	2	13	0	0	182	0	0	0	19.8	28.5	0	0	22.7	10.0	10-Sep-24 06:15:19.259	
0	0	0	2	4	0	0	210	0	0	0	19.8	28.5	0	0	22.7	10.0	10-Sep-24 06:15:19.304	
0	0	0	3	10	0	0	187	0	0	0	19.8	28.5	0	0	22.7	10.0	10-Sep-24 06:15:19.348	
0	0	0	5	14	0	0	200	0	0	0	19.8	28.5	0	0	22.7	10.0	10-Sep-24 06:15:19.392	
0	0	0	2	7	0	0	188	0	0	0	19.8	28.5	0	0	22.7	10.0	10-Sep-24 06:15:19.436	
0	0	0	3	18	0	0	197	0	0	0	19.8	28.5	0	0	22.7	10.0	10-Sep-24 06:15:19.481	
0	0	0	1	11	0	0	154	0	0	0	19.8	28.5	0	0	22.7	10.0	10-Sep-24 06:15:19.524	
0	0	0	3	17	0	0	196	0	0	0	19.8	28.5	0	0	22.7	10.0	10-Sep-24 06:15:19.568	
0	0	0	2	13	0	0	187	0	0	0	19.8	28.5	0	0	22.7	10.0	10-Sep-24 06:15:19.621	
0	0	0	2	9	0	0	228	0	0	0	19.8	28.5	0	0	22.7	10.0	10-Sep-24 06:15:19.664	
0	0	0	3	7	0	0	215	0	0	0	19.8	28.5	0	0	22.7	10.0	10-Sep-24 06:15:19.708	
0	0	0	6	10	0	0	176	0	0	0	19.8	28.5	0	0	22.7	10.0	10-Sep-24 06:15:19.752	
0	0	0	4	13	0	0	185	0	0	0	19.8	28.5	0	0	22.7	10.0	10-Sep-24 06:15:19.842	
0	0	0	3	11	0	0	188	0	0	0	19.8	28.5	0	0	22.7	10.0	10-Sep-24 06:15:19.888	
0	0	0	1	10	0	0	169	0	0	0	19.8	28.5	0	0	22.7	10.0	10-Sep-24 06:15:19.932	
0	0	0	2	12	0	0	193	0	0	0	19.8	28.5	0	0	22.7	10.0	10-Sep-24 06:15:19.976	
0	0	0	4	16	0	0	182	0	0	0	19.8	28.5	0	0	22.7	10.0	10-Sep-24 06:15:20.020	
0	0	0	2	14	0	0	215	0	0	0	19.8	28.5	0	0	22.7	10.0	10-Sep-24 06:15:20.064	
0	0	0	2	5	0	0	188	0	0	0	19.8	28.5	0	0	22.7	10.0	10-Sep-24 06:15:20.114	
0	0	0	5	9	0	0	209	0	0	0	19.8	28.5	0	0	22.7	10.0	10-Sep-24 06:15:20.159	
0	0	0	5	6	0	0	195	0	0	0	19.8	28.5	0	0	22.7	10.0	10-Sep-24 06:15:20.204	
0	0	0	1	12	0	0	182	0	0	0	19.8	28.5	0	0	22.7	10.0	10-Sep-24 06:15:20.248	
0	0	0	1	9	0	0	210	0	0	0	19.8	28.5	0	0	22.7	10.0	10-Sep-24 06:15:20.291	
0	0	0	1	8	0	0	190	0	0	0	19.8	28.5	0	0	22.7	10.0	10-Sep-24 06:15:20.336	
0	0	0	1	10	0	0	190	0	0	0	19.8	28.5	0	0	22.7	10.0	10-Sep-24 06:15:20.380	
0	0	0	1	14	0	0	187	0	0	0	19.8	28.5	0	0	22.7	10.0	10-Sep-24 06:15:20.423	
0	0	0	2	6	0	0	186	0	0	0	19.8	28.5	0	0	22.7	10.0	10-Sep-24 06:15:20.468	
0	0	0	3	19	0	0	176	0	0	0	19.8	28.5	0	0	22.7	10.0	10-Sep-24 06:15:20.513	
0	0	0	2	8	0	0	211	0	0	0	19.8	28.5	0	0	22.7	10.0	10-Sep-24 06:15:20.556	
0	0	0	3	7	0	0	199	0	0	0	19.8	28.5	0	0	22.7	10.0	10-Sep-24 06:15:20.597	
0	0	0	1	10	0	0	213	0	0	0	19.8	28.5	0	0	22.7	10.0	10-Sep-24 06:15:20.646	
0	0	0	3	22	0	0	176	0	0	0	19.8	28.5	0	0	22.7	10.0	10-Sep-24 06:15:20.688	
0	0	0	2	11	0	0	196	0	0	0	19.8	28.5	0	0	22.7	10.0	10-Sep-24 06:15:20.725	
0	0	0	1	11	0	0	211	0	0	0	19.8	28.5	0	0	22.7	10.0	10-Sep-24 06:15:20.768	
0	0	0	4	9	0	0	192	0	0	0	19.8	28.5	0	0	22.7	10.0	10-Sep-24 06:15:20.812	
0	0	0	3	14	0	0	208	0	0	0	19.8	28.5	0	0	22.7	10.0	10-Sep-24 06:15:20.904	
0	0	0	2	11	0	0	189	0	0	0	19.8	28.5	0	0	22.7	10.0	10-Sep-24 06:15:20.952	
0	0	0	3	9	0	0	193	0	0	0	19.8	28.5	0	0	22.7	10.0	10-Sep-24 06:15:20.995	
0	0	0	1	15	0	0	207	0	0	0	19.8	28.5	0	0	22.7	10.0	10-Sep-24 06:15:21.040	
0	0	0	1	8	0	0	205	0	0	0	19.8	28.5	0	0	22.7	10.0	10-Sep-24 06:15:21.084	
0	0	0	2	7	0	0	198	0	0	0	19.8	28.5	0	0	22.7	10.0	10-Sep-24 06:15:21.134	
0	0	0	3	15	0	0	198	0	0	0	19.8	28.5	0	0	22.7	10.0	10-Sep-24 06:15:21.180	
0	0	0	3	11	0	0	186	0	0	0	19.8	28.5	0	0	22.7	10.0	10-Sep-24 06:15:21.224	
0	0	0	2	12	0	0	210	0	0	0	19.8	28.5	0	0	22.7	10.0	10-Sep-24 06:15:21.268	
0	0	0	4	6	0	0	179	0	0	0	19.8	28.5	0	0	22.7	10.0	10-Sep-24 06:15:21.312	
0	0	0	4	10	0	0	173	0	0	0	19.8	28.5	0	0	22.7	10.0	10-Sep-24 06:15:21.356	
0	0	0	1	5	0	0	189	0	0	0	19.8	28.5	0	0	22.7	10.0	10-Sep-24 06:15:21.400	
0	0	0	4	7	0	0	210	0	0	0	19.8	28.5	0	0	22.7	10.0	10-Sep-24 06:15:21.444	
0	0	0	2	7	0	0	192	0	0	0	19.8	28.5	0	0	22.7	10.0	10-Sep-24 06:15:21.488	
0	0	0	2	12	0	0	186	0	0	0	19.8	28.5	0	0	22.7	10.0	10-Sep-24 06:15:21.532	
0	0	0	1	15	0	0	194	0	0	0	19.8	28.5	0	0	22.7	10.0	10-Sep-24 06:15:21.575	
0	0	0	3	16	0	0	198	0	0	0	19.8	28.5	0	0	22.7	10.0	10-Sep-24 06:15:21.625	
0	0	0	3	17	0	0	240	0	0	0	19.8	28.5	0	0	22.7	10.0	10-Sep-24 06:15:21.672	
0	0	0	4	7	0	0	202	0	0	0	19.8	28.5	0	0	22.7	10.0	10-Sep-24 06:15:21.716	
0	0	0	4	9	0	0	219	0	0	0	19.8	28.5	0	0	22.7	10.0	10-Sep-24 06:15:21.759	
0	0	0	5	8	0	0	185	0	0	0	19.8	28.5	0	0	22.7	10.0	10-Sep-24 06:15:21.804	
0	0	0	2	11	0	0	192	0	0	0	19.8	28.5	0	0	22.7	10.0	10-Sep-24 06:15:21.848	
0	0	0	4	14	0	0	163	0	0	0	19.8	28.5	0	0	22.7	10.0	10-Sep-24 06:15:21.892	
0	0	0	3	9	0	0	181	0	0	0	19.8	28.5	0	0	22.7	10.0	10-Sep-24 06:15:21.994	
0	0	0	2	10	0	0	200	0	0	0	19.8	28.5	0	0	22.7	10.0	10-Sep-24 06:15:22.041	
0	0	0	2	10	0	0	208	0	0	0	19.8	28.5	0	0	22.7	10.0	10-Sep-24 06:15:22.084	
0	0	0	4	13	0	0	179	0	0	0	19.8	28.5	0	0	22.7	10.0	10-Sep-24 06:15:22.133	
0	0	0	2	11	0	0	181	0	0	0	19.8	28.5	0	0	22.7	10.0	10-Sep-24 06:15:22.180	
0	0	0	4	7	0	0	183	0	0	0	19.8	28.5	0	0	22.7	10.0	10-Sep-24 06:15:22.224	
0	0	0	4	14	0	0	225	0	0	0	19.8	28.5	0	0	22.7	10.0	10-Sep-24 06:15:22.268	
0	0	0	1	11	0	0	207	0	0	0	19.8	28.5	0	0	22.7	10.0	10-Sep-24 06:15:22.312	
0	0	0	2	10	0	0	186	0	0	0	19.8	28.5	0	0	22.7	10.0	10-Sep-24 06:15:22.356	
0	0	0	4	9	0	0	197	0	0	0	19.8	28.5	0	0	22.7	10.0	10-Sep-24 06:15:22.400	
0	0	0	6	8	0	0	201	0	0	0	19.8	28.5	0	0	22.7	10.0	10-Sep-24 06:15:22.437	
0	0	0	4	5	0	0	178	0	0	0	19.8	28.5	0	0	22.7	10.0	10-Sep-24 06:15:22.480	
0	0	0	3	10	0	0	191	0	0	0	19.8	28.5	0	0	22.7	10.0	10-Sep-24 06:15:22.524	
0	0	0	3	14	0	0	217	0	0	0	19.8	28.5	0	0	22.7	10.0	10-Sep-24 06:15:22.568	
0	0	0	2	16	0	0	187	0	0	0	19.8	28.5	0	0	22.7	10.0	10-Sep-24 06:15:22.611	
0	0	0	2	10	0	0	180	0	0	0	19.8	28.5	0	0	22.7	10.0	10-Sep-24 06:15:22.663	
0	0	0	3	9	0	0	193	0	0	0	19.8	28.5	0	0	22.7	10.0	10-Sep-24 06:15:22.708	
0	0	0	4	9	0	0	194	0	0	0	19.8	28.5	0	0	22.7	10.0	10-Sep-24 06:15:22.752	
0	0	0	2	16	0	0	169	0	0	0	19.8	28.5	0	0	22.7	10.0	10-Sep-24 06:15:22.796	
0	0	0	1	8	0	0	226	0	0	0	19.8	28.5	0	0	22.7	10.0	10-Sep-24 06:15:22.840	
0	0	0	3	11	0	0	177	0	0	0	19.8	28.5	0	0	22.7	10.0	10-Sep-24 06:15:22.884	
0	0	0	2	6	0	0	186	0	0	0	19.8	28.5	0	0	22.7	10.0	10-Sep-24 06:15:22.927	
0	0	0	4	11	0	0	189	0	0	0	19.8	28.5	0	0	22.7	10.0	10-Sep-24 06:15:22.972	
0	0	0	2	6	0	0	191	0	0	0	19.8	28.5	0	0	22.7	10.0	10-Sep-24 06:15:23.075	
0	0	0	3	14	0	0	194	0	0	0	19.8	28.5	0	0	22.7	10.0	10-Sep-24 06:15:23.119	
0	0	0	2	8	0	0	194	0	0	0	19.8	28.5	0	0	22.7	10.0	10-Sep-24 06:15:23.163	
0	0	0	2	13	0	0	200	0	0	0	19.8	28.5	0	0	22.7	10.0	10-Sep-24 06:15:23.208	
0	0	0	3	8	0	0	201	0	0	0	19.8	28.5	0	0	22.7	10.0	10-Sep-24 06:15:23.252	
0	0	0	1	8	0	0	201	0	0	0	19.8	28.5	0	0	22.7	10.0	10-Sep-24 06:15:23.296	
0	0	0	4	10	0	0	179	0	0	0	19.8	28.5	0	0	22.7	10.0	10-Sep-24 06:15:23.340	
0	0	0	2	9	0	0	205	0	0	0	19.8	28.5	0	0	22.7	10.0	10-Sep-24 06:15:23.384	
0	0	0	6	15	0	0	223	0	0	0	19.8	28.5	0	0	22.7	10.0	10-Sep-24 06:15:23.428	
0	0	0	5	10	0	0	192	0	0	0	19.8	28.5	0	0	22.7	10.0	10-Sep-24 06:15:23.472	
0	0	0	3	7	0	0	216	0	0	0	19.8	28.5	0	0	22.7	10.0	10-Sep-24 06:15:23.516	
0	0	0	2	18	0	0	165	0	0	0	19.8	28.5	0	0	22.7	10.0	10-Sep-24 06:15:23.560	
0	0	0	1	8	0	0	210	0	0	0	19.8	28.5	0	0	22.7	10.0	10-Sep-24 06:15:23.604	
0	0	0	3	6	0	0	180	0	0	0	19.8	28.5	0	0	22.7	10.0	10-Sep-24 06:15:23.648	
0	0	0	2	10	0	0	216	0	0	0	19.8	28.5	0	0	22.7	10.0	10-Sep-24 06:15:23.695	
0	0	0	3	12	0	0	194	0	0	0	19.8	28.5	0	0	22.7	10.0	10-Sep-24 06:15:23.732	
0	0	0	2	12	0	0	204	0	0	0	19.8	28.5	0	0	22.7	10.0	10-Sep-24 06:15:23.776	
0	0	0	1	5	0	0	157	0	0	0	19.8	28.5	0	0	22.7	10.0	10-Sep-24 06:15:23.820	
0	0	0	2	8	0	0	177	0	0	0	19.8	28.5	0	0	22.7	10.0	10-Sep-24 06:15:23.864	
0	0	0	1	6	0	0	169	0	0	0	19.8	28.5	0	0	22.7	10.0	10-Sep-24 06:15:23.908	
0	0	0	1	10	0	0	216	0	0	0	19.8	28.5	0	0	22.7	10.0	10-Sep-24 06:15:23.952	
0	0	0	2	13	0	0	172	0	0	0	19.8	28.5	0	0	22.7	10.0	10-Sep-24 06:15:24.020	
0	0	0	2	13	0	0	210	0	0	0	19.8	28.5	0	0	22.7	10.0	10-Sep-24 06:15:24.187	
0	0	0	4	10	0	0	216	0	0	0	19.8	28.5	0	0	22.7	10.0	10-Sep-24 06:15:24.247	
0	0	0	3	13	0	0	187	0	0	0	19.8	28.5	0	0	22.7	10.0	10-Sep-24 06:15:24.293	
0	0	0	2	14	0	0	218	0	0	0	19.8	28.5	0	0	22.7	10.0	10-Sep-24 06:15:24.336	
0	0	0	2	10	0	0	211	0	0	0	19.8	28.5	0	0	22.7	10.0	10-Sep-24 06:15:24.380	
0	0	0	1	8	0	0	173	0	0	0	19.8	28.5	0	0	22.7	10.0	10-Sep-24 06:15:24.424	
0	0	0	2	17	0	0	213	0	0	0	19.8	28.5	0	0	22.7	10.0	10-Sep-24 06:15:24.468	
0	0	0	3	9	0	0	191	0	0	0	19.8	28.5	0	0	22.7	10.0	10-Sep-24 06:15:24.512	
0	0	0	2	4	0	0	196	0	0	0	19.8	28.5	0	0	22.7	10.0	10-Sep-24 06:15:24.556	
0	0	0	2	17	0	0	198	0	0	0	19.8	28.5	0	0	22.7	10.0	10-Sep-24 06:15:24.600	
0	0	0	2	14	0	0	189	0	0	0	19.8	28.5	0	0	22.7	10.0	10-Sep-24 06:15:24.644	
0	0	0	4	11	0	0	187	0	0	0	19.8	28.5	0	0	22.7	10.0	10-Sep-24 06:15:24.692	
0	0	0	3	9	0	0	216	0	0	0	19.8	28.5	0	0	22.7	10.0	10-Sep-24 06:15:24.743	
0	0	0	3	10	0	0	183	0	0	0	19.8	28.5	0	0	22.7	10.0	10-Sep-24 06:15:24.788	
0	0	0	3	13	0	0	177	0	0	0	19.8	28.5	0	0	22.7	10.0	10-Sep-24 06:15:24.832	
0	0	0	4	14	0	0	177	0	0	0	19.8	28.5	0	0	22.7	10.0	10-Sep-24 06:15:24.875	
0	0	0	2	8	0	0	196	0	0	0	19.8	28.5	0	0	22.7	10.0	10-Sep-24 06:15:24.919	
0	0	0	1	11	0	0	199	0	0	0	19.8	28.5	0	0	22.7	10.0	10-Sep-24 06:15:24.964	
0	0	0	4	9	0	0	198	0	0	0	19.8	28.5	0	0	22.7	10.0	10-Sep-24 06:15:25.007	
0	0	0	2	15	0	0	207	0	0	0	19.8	28.5	0	0	22.7	10.0	10-Sep-24 06:15:25.052	
0	0	0	3	12	0	0	216	0	0	0	19.8	28.5	0	0	22.7	10.0	10-Sep-24 06:15:25.096	
0	0	0	3	6	0	0	187	0	0	0	19.8	28.5	0	0	22.7	10.0	10-Sep-24 06:15:25.140	
0	0	0	2	12	0	0	218	0	0	0	19.8	28.5	0	0	22.7	10.0	10-Sep-24 06:15:25.239	
0	0	0	4	12	0	0	194	0	0	0	19.8	28.5	0	0	22.7	10.0	10-Sep-24 06:15:25.284	
0	0	0	2	10	0	0	202	0	0	0	19.8	28.5	0	0	22.7	10.0	10-Sep-24 06:15:25.328	
0	0	0	3	10	0	0	215	0	0	0	19.8	28.5	0	0	22.7	10.0	10-Sep-24 06:15:25.372	
0	0	0	2	10	0	0	178	0	0	0	19.8	28.5	0	0	22.7	10.0	10-Sep-24 06:15:25.416	
0	0	0	4	9	0	0	182	0	0	0	19.8	28.5	0	0	22.7	10.0	10-Sep-24 06:15:25.460	
0	0	0	1	10	0	0	182	0	0	0	19.8	28.5	0	0	22.7	10.0	10-Sep-24 06:15:25.505	
0	0	0	3	15	0	0	194	0	0	0	19.8	28.5	0	0	22.7	10.0	10-Sep-24 06:15:25.548	
0	0	0	1	12	0	0	203	0	0	0	19.8	28.5	0	0	22.7	10.0	10-Sep-24 06:15:25.592	
0	0	0	2	11	0	0	213	0	0	0	19.8	28.5	0	0	22.7	10.0	10-Sep-24 06:15:25.636	
0	0	0	1	8	0	0	202	0	0	0	19.8	28.5	0	0	22.7	10.0	10-Sep-24 06:15:25.679	
0	0	0	5	9	0	0	201	0	0	0	19.8	28.5	0	0	22.7	10.0	10-Sep-24 06:15:25.726	
0	0	0	2	9	0	0	186	0	0	0	19.8	28.5	0	0	22.7	10.0	10-Sep-24 06:15:25.771	
0	0	0	2	10	0	0	189	0	0	0	19.8	28.5	0	0	22.7	10.0	10-Sep-24 06:15:25.816	
0	0	0	2	9	0	0	175	0	0	0	19.8	28.5	0	0	22.7	10.0	10-Sep-24 06:15:25.859	
0	0	0	4	10	0	0	178	0	0	0	19.8	28.5	0	0	22.7	10.0	10-Sep-24 06:15:25.904	
0	0	0	3	10	0	0	178	0	0	0	19.8	28.5	0	0	22.7	10.0	10-Sep-24 06:15:25.948	
0	0	0	3	18	0	0	198	0	0	0	19.8	28.5	0	0	22.7	10.0	10-Sep-24 06:15:25.992	
0	0	0	2	8	0	0	210	0	0	0	19.8	28.5	0	0	22.7	10.0	10-Sep-24 06:15:26.036	
0	0	0	2	6	0	0	196	0	0	0	19.8	28.5	0	0	22.7	10.0	10-Sep-24 06:15:26.080	
0	0	0	2	12	0	0	199	0	0	0	19.8	28.5	0	0	22.7	10.0	10-Sep-24 06:15:26.124	
0	0	0	4	9	0	0	185	0	0	0	19.8	28.5	0	0	22.7	10.0	10-Sep-24 06:15:26.167	
0	0	0	2	11	0	0	196	0	0	0	19.8	28.5	0	0	22.7	10.0	10-Sep-24 06:15:26.212	
0	0	0	3	10	0	0	227	0	0	0	19.8	28.5	0	0	22.7	10.0	10-Sep-24 06:15:26.323	
0	0	0	1	5	0	0	192	0	0	0	19.8	28.5	0	0	22.7	10.0	10-Sep-24 06:15:26.367	
0	0	0	2	6	0	0	190	0	0	0	19.8	28.5	0	0	22.7	10.0	10-Sep-24 06:15:26.411	
0	0	0	4	7	0	0	201	0	0	0	19.8	28.5	0	0	22.7	10.0	10-Sep-24 06:15:26.456	
0	0	0	2	9	0	0	202	0	0	0	19.8	28.5	0	0	22.7	10.0	10-Sep-24 06:15:26.500	
0	0	0	2	4	0	0	197	0	0	0	19.8	28.5	0	0	22.7	10.0	10-Sep-24 06:15:26.544	
0	0	0	1	8	0	0	217	0	0	0	19.8	28.5	0	0	22.7	10.0	10-Sep-24 06:15:26.588	
0	0	0	2	10	0	0	206	0	0	0	19.8	28.5	0	0	22.7	10.0	10-Sep-24 06:15:26.632	
0	0	0	3	6	0	0	176	0	0	0	19.8	28.5	0	0	22.7	10.0	10-Sep-24 06:15:26.676	
0	0	0	3	5	0	0	205	0	0	0	19.8	28.5	0	0	22.7	10.0	10-Sep-24 06:15:26.719	
0	0	0	4	5	0	0	187	0	0	0	19.8	28.5	0	0	22.7	10.0	10-Sep-24 06:15:26.771	
0	0	0	3	8	0	0	177	0	0	0	19.8	28.5	0	0	22.7	10.0	10-Sep-24 06:15:26.816	
0	0	0	2	7	0	0	196	0	0	0	19.8	28.5	0	0	22.7	10.0	10-Sep-24 06:15:26.859	
0	0	0	3	11	0	0	173	0	0	0	19.8	28.5	0	0	22.7	10.0	10-Sep-24 06:15:26.903	
0	0	0	2	12	0	0	194	0	0	0	19.8	28.5	0	0	22.7	10.0	10-Sep-24 06:15:26.948	
0	0	0	4	16	0	0	192	0	0	0	19.8	28.5	0	0	22.7	10.0	10-Sep-24 06:15:26.992	
0	0	0	2	6	0	0	183	0	0	0	19.8	28.5	0	0	22.7	10.0	10-Sep-24 06:15:27.036	
0	0	0	3	8	0	0	195	0	0	0	19.8	28.5	0	0	22.7	10.0	10-Sep-24 06:15:27.079	
0	0	0	3	8	0	0	194	0	0	0	19.8	28.5	0	0	22.7	10.0	10-Sep-24 06:15:27.124	
0	0	0	0	6	0	0	202	0	0	0	19.8	28.5	0	0	22.7	10.0	10-Sep-24 06:15:27.168	
0	0	0	1	8	0	0	202	0	0	0	19.8	28.5	0	0	22.7	10.0	10-Sep-24 06:15:27.211	
0	0	0	3	8	0	0	205	0	0	0	19.8	28.5	0	0	22.7	10.0	10-Sep-24 06:15:27.263	
0	0	0	1	11	0	0	182	0	0	0	19.8	28.5	0	0	22.7	10.0	10-Sep-24 06:15:27.308	
0	0	0	2	12	0	0	207	0	0	0	19.8	28.5	0	0	22.7	10.0	10-Sep-24 06:15:27.410	
0	0	0	1	15	0	0	186	0	0	0	19.8	28.5	0	0	22.7	10.0	10-Sep-24 06:15:27.457	
0	0	0	4	13	0	0	201	0	0	0	19.8	28.5	0	0	22.7	10.0	10-Sep-24 06:15:27.499	
0	0	0	2	10	0	0	195	0	0	0	19.8	28.5	0	0	22.7	10.0	10-Sep-24 06:15:27.543	
0	0	0	2	7	0	0	187	0	0	0	19.8	28.5	0	0	22.7	10.0	10-Sep-24 06:15:27.588	
0	0	0	5	9	0	0	192	0	0	0	19.8	28.5	0	0	22.7	10.0	10-Sep-24 06:15:27.631	
0	0	0	2	8	0	0	205	0	0	0	19.8	28.5	0	0	22.7	10.0	10-Sep-24 06:15:27.676	
0	0	0	4	10	0	0	211	0	0	0	19.8	28.5	0	0	22.7	10.0	10-Sep-24 06:15:27.720	
0	0	0	2	9	0	0	201	0	0	0	19.8	28.5	0	0	22.7	10.0	10-Sep-24 06:15:27.772	
0	0	0	6	12	0	0	201	0	0	0	19.8	28.5	0	0	22.7	10.0	10-Sep-24 06:15:27.816	
0	0	0	3	11	0	0	167	0	0	0	19.8	28.5	0	0	22.7	10.0	10-Sep-24 06:15:27.860	
0	0	0	1	9	0	0	221	0	0	0	19.8	28.5	0	0	22.7	10.0	10-Sep-24 06:15:27.903	
0	0	0	4	8	0	0	195	0	0	0	19.8	28.5	0	0	22.7	10.0	10-Sep-24 06:15:27.948	
0	0	0	2	9	0	0	223	0	0	0	19.8	28.5	0	0	22.7	10.0	10-Sep-24 06:15:27.991	
0	0	0	3	10	0	0	227	0	0	0	19.8	28.5	0	0	22.7	10.0	10-Sep-24 06:15:28.036	
0	0	0	4	7	0	0	211	0	0	0	19.8	28.5	0	0	22.7	10.0	10-Sep-24 06:15:28.080	
0	0	0	2	14	0	0	193	0	0	0	19.8	28.5	0	0	22.7	10.0	10-Sep-24 06:15:28.123	
0	0	0	3	7	0	0	193	0	0	0	19.8	28.5	0	0	22.7	10.0	10-Sep-24 06:15:28.167	
0	0	0	2	8	0	0	197	0	0	0	19.8	28.5	0	0	22.7	10.0	10-Sep-24 06:15:28.211	
0	0	0	2	8	0	0	197	0	0	0	19.8	28.5	0	0	22.7	10.0	10-Sep-24 06:15:28.255	
0	0	0	1	7	0	0	238	0	0	0	19.8	28.5	0	0	22.7	10.0	10-Sep-24 06:15:28.307	
0	0	0	3	12	0	0	200	0	0	0	19.8	28.5	0	0	22.7	10.0	10-Sep-24 06:15:28.353	
0	0	0	1	10	0	0	217	0	0	0	19.8	28.5	0	0	22.7	10.0	10-Sep-24 06:15:28.396	
0	0	0	1	18	0	0	187	0	0	0	19.8	28.5	0	0	22.7	10.0	10-Sep-24 06:15:28.490	
0	0	0	4	10	0	0	188	0	0	0	19.8	28.5	0	0	22.7	10.0	10-Sep-24 06:15:28.536	
0	0	0	3	9	0	0	197	0	0	0	19.8	28.5	0	0	22.7	10.0	10-Sep-24 06:15:28.579	
0	0	0	2	12	0	0	182	0	0	0	19.8	28.5	0	0	22.7	10.0	10-Sep-24 06:15:28.624	
0	0	0	3	15	0	0	208	0	0	0	19.8	28.5	0	0	22.7	10.0	10-Sep-24 06:15:28.667	
0	0	0	1	13	0	0	195	0	0	0	19.8	28.5	0	0	22.7	10.0	10-Sep-24 06:15:28.712	
0	0	0	4	7	0	0	199	0	0	0	19.8	28.5	0	0	22.7	10.0	10-Sep-24 06:15:28.756	
0	0	0	2	11	0	0	199	0	0	0	19.8	28.5	0	0	22.7	10.0	10-Sep-24 06:15:28.807	
0	0	0	5	4	0	0	175	0	0	0	19.8	28.5	0	0	22.7	10.0	10-Sep-24 06:15:28.851	
0	0	0	2	13	0	0	189	0	0	0	19.8	28.5	0	0	22.7	10.0	10-Sep-24 06:15:28.896	
0	0	0	2	10	0	0	166	0	0	0	19.8	28.5	0	0	22.7	10.0	10-Sep-24 06:15:28.940	
0	0	0	2	8	0	0	192	0	0	0	19.8	28.5	0	0	22.7	10.0	10-Sep-24 06:15:28.983	
0	0	0	3	9	0	0	212	0	0	0	19.8	28.5	0	0	22.7	10.0	10-Sep-24 06:15:29.027	
0	0	0	2	10	0	0	213	0	0	0	19.8	28.5	0	0	22.7	10.0	10-Sep-24 06:15:29.072	
0	0	0	2	10	0	0	187	0	0	0	19.8	28.5	0	0	22.7	10.0	10-Sep-24 06:15:29.116	
0	0	0	2	9	0	0	213	0	0	0	19.8	28.5	0	0	22.7	10.0	10-Sep-24 06:15:29.160	
0	0	0	5	13	0	0	212	0	0	0	19.8	28.5	0	0	22.7	10.0	10-Sep-24 06:15:29.204	
0	0	0	4	10	0	0	216	0	0	0	19.8	28.5	0	0	22.7	10.0	10-Sep-24 06:15:29.331	
0	0	0	2	9	0	0	185	0	0	0	19.8	28.5	0	0	22.7	10.0	10-Sep-24 06:15:29.400	
0	0	0	3	10	0	0	190	0	0	0	19.8	28.5	0	0	22.7	10.0	10-Sep-24 06:15:29.444	
0	0	0	1	7	0	0	181	0	0	0	19.8	28.5	0	0	22.7	10.0	10-Sep-24 06:15:29.547	
0	0	0	3	12	0	0	190	0	0	0	19.8	28.5	0	0	22.7	10.0	10-Sep-24 06:15:29.596	
0	0	0	3	11	0	0	212	0	0	0	19.8	28.5	0	0	22.7	10.0	10-Sep-24 06:15:29.640	
0	0	0	1	9	0	0	187	0	0	0	19.8	28.5	0	0	22.7	10.0	10-Sep-24 06:15:29.684	
0	0	0	2	13	0	0	226	0	0	0	19.8	28.5	0	0	22.7	10.0	10-Sep-24 06:15:29.726	
0	0	0	2	12	0	0	169	0	0	0	19.8	28.5	0	0	22.7	10.0	10-Sep-24 06:15:29.768	
0	0	0	2	12	0	0	175	0	0	0	19.8	28.5	0	0	22.7	10.0	10-Sep-24 06:15:29.819	
0	0	0	1	14	0	0	237	0	0	0	19.8	28.5	0	0	22.7	10.0	10-Sep-24 06:15:29.864	
0	0	0	2	12	0	0	189	0	0	0	19.8	28.5	0	0	22.7	10.0	10-Sep-24 06:15:29.908	
0	0	0	1	10	0	0	195	0	0	0	19.8	28.5	0	0	22.7	10.0	10-Sep-24 06:15:29.951	
0	0	0	4	10	0	0	190	0	0	0	19.8	28.5	0	0	22.7	10.0	10-Sep-24 06:15:29.996	
0	0	0	1	10	0	0	186	0	0	0	19.8	28.5	0	0	22.7	10.0	10-Sep-24 06:15:30.040	
0	0	0	2	11	0	0	193	0	0	0	19.8	28.5	0	0	22.7	10.0	10-Sep-24 06:15:30.084	
0	0	0	2	10	0	0	218	0	0	0	19.8	28.5	0	0	22.7	10.0	10-Sep-24 06:15:30.129	
0	0	0	5	6	0	0	188	0	0	0	19.8	28.5	0	0	22.7	10.0	10-Sep-24 06:15:30.172	
0	0	0	2	5	0	0	195	0	0	0	19.8	28.5	0	0	22.7	10.0	10-Sep-24 06:15:30.216	
0	0	0	3	8	0	0	199	0	0	0	19.8	28.5	0	0	22.7	10.0	10-Sep-24 06:15:30.260	
0	0	0	1	9	0	0	214	0	0	0	19.8	28.5	0	0	22.7	10.0	10-Sep-24 06:15:30.310	
0	0	0	2	9	0	0	192	0	0	0	19.8	28.5	0	0	22.7	10.0	10-Sep-24 06:15:30.356	
0	0	0	2	9	0	0	203	0	0	0	19.8	28.5	0	0	22.7	10.0	10-Sep-24 06:15:30.399	
0	0	0	4	11	0	0	190	0	0	0	19.8	28.5	0	0	22.7	10.0	10-Sep-24 06:15:30.444	
0	0	0	3	12	0	0	210	0	0	0	19.8	28.5	0	0	22.7	10.0	10-Sep-24 06:15:30.488	
0	0	0	1	8	0	0	209	0	0	0	19.8	28.5	0	0	22.7	10.0	10-Sep-24 06:15:30.532	
0	0	0	3	10	0	0	166	0	0	0	19.8	28.5	0	0	22.7	10.0	10-Sep-24 06:15:30.624	
0	0	0	3	12	0	0	193	0	0	0	19.8	28.5	0	0	22.7	10.0	10-Sep-24 06:15:30.672	
0	0	0	1	13	0	0	197	0	0	0	19.8	28.5	0	0	22.7	10.0	10-Sep-24 06:15:30.715	
0	0	0	2	9	0	0	186	0	0	0	19.8	28.5	0	0	22.7	10.0	10-Sep-24 06:15:30.760	
0	0	0	3	11	0	0	183	0	0	0	19.8	28.5	0	0	22.7	10.0	10-Sep-24 06:15:30.804	
0	0	0	1	12	0	0	174	0	0	0	19.8	28.5	0	0	22.7	10.0	10-Sep-24 06:15:30.854	
0	0	0	3	12	0	0	165	0	0	0	19.8	28.5	0	0	22.7	10.0	10-Sep-24 06:15:30.899	
0	0	0	1	12	0	0	212	0	0	0	19.8	28.5	0	0	22.7	10.0	10-Sep-24 06:15:30.944	
0	0	0	5	15	0	0	198	0	0	0	19.8	28.5	0	0	22.7	10.0	10-Sep-24 06:15:30.987	
0	0	0	5	7	0	0	201	0	0	0	19.8	28.5	0	0	22.7	10.0	10-Sep-24 06:15:31.031	
0	0	0	4	5	0	0	214	0	0	0	19.8	28.5	0	0	22.7	10.0	10-Sep-24 06:15:31.076	
0	0	0	4	16	0	0	206	0	0	0	19.8	28.5	0	0	22.7	10.0	10-Sep-24 06:15:31.120	
0	0	0	4	14	0	0	185	0	0	0	19.8	28.5	0	0	22.7	10.0	10-Sep-24 06:15:31.164	
0	0	0	3	12	0	0	207	0	0	0	19.8	28.5	0	0	22.7	10.0	10-Sep-24 06:15:31.208	
0	0	0	1	9	0	0	207	0	0	0	19.8	28.5	0	0	22.7	10.0	10-Sep-24 06:15:31.251	
0	0	0	3	15	0	0	185	0	0	0	19.8	28.5	0	0	22.7	10.0	10-Sep-24 06:15:31.296	
0	0	0	2	10	0	0	188	0	0	0	19.8	28.5	0	0	22.7	10.0	10-Sep-24 06:15:31.347	
0	0	0	1	9	0	0	203	0	0	0	19.8	28.5	0	0	22.7	10.0	10-Sep-24 06:15:31.392	
0	0	0	2	12	0	0	206	0	0	0	19.8	28.5	0	0	22.7	10.0	10-Sep-24 06:15:31.435	
0	0	0	2	8	0	0	193	0	0	0	19.8	28.5	0	0	22.7	10.0	10-Sep-24 06:15:31.480	
0	0	0	1	11	0	0	177	0	0	0	19.8	28.5	0	0	22.7	10.0	10-Sep-24 06:15:31.524	
0	0	0	4	10	0	0	173	0	0	0	19.8	28.5	0	0	22.7	10.0	10-Sep-24 06:15:31.568	
0	0	0	2	5	0	0	200	0	0	0	19.8	28.5	0	0	22.7	10.0	10-Sep-24 06:15:31.612	
0	0	0	3	7	0	0	199	0	0	0	19.8	28.5	0	0	22.7	10.0	10-Sep-24 06:15:31.714	
0	0	0	4	10	0	0	188	0	0	0	19.8	28.5	0	0	22.7	10.0	10-Sep-24 06:15:31.760	
0	0	0	4	7	0	0	220	0	0	0	19.8	28.5	0	0	22.7	10.0	10-Sep-24 06:15:31.804	
0	0	0	2	6	0	0	192	0	0	0	19.8	28.5	0	0	22.7	10.0	10-Sep-24 06:15:31.855	
0	0	0	3	8	0	0	180	0	0	0	19.8	28.5	0	0	22.7	10.0	10-Sep-24 06:15:31.900	
0	0	0	3	10	0	0	208	0	0	0	19.8	28.5	0	0	22.7	10.0	10-Sep-24 06:15:31.944	
0	0	0	2	4	0	0	215	0	0	0	19.8	28.5	0	0	22.7	10.0	10-Sep-24 06:15:31.988	
0	0	0	3	8	0	0	174	0	0	0	19.8	28.5	0	0	22.7	10.0	10-Sep-24 06:15:32.031	
0	0	0	2	13	0	0	198	0	0	0	19.8	28.5	0	0	22.7	10.0	10-Sep-24 06:15:32.076	
0	0	0	3	14	0	0	196	0	0	0	19.8	28.5	0	0	22.7	10.0	10-Sep-24 06:15:32.120	
0	0	0	2	8	0	0	185	0	0	0	19.8	28.5	0	0	22.7	10.0	10-Sep-24 06:15:32.163	
0	0	0	2	10	0	0	190	0	0	0	19.8	28.5	0	0	22.7	10.0	10-Sep-24 06:15:32.208	
0	0	0	2	8	0	0	197	0	0	0	19.8	28.5	0	0	22.7	10.0	10-Sep-24 06:15:32.251	
0	0	0	2	7	0	0	204	0	0	0	19.8	28.5	0	0	22.7	10.0	10-Sep-24 06:15:32.296	
0	0	0	2	7	0	0	216	0	0	0	19.8	28.5	0	0	22.7	10.0	10-Sep-24 06:15:32.339	
0	0	0	2	8	0	0	206	0	0	0	19.8	28.5	0	0	22.7	10.0	10-Sep-24 06:15:32.391	
0	0	0	1	10	0	0	187	0	0	0	19.8	28.5	0	0	22.7	10.0	10-Sep-24 06:15:32.436	
0	0	0	2	7	0	0	197	0	0	0	19.8	28.5	0	0	22.7	10.0	10-Sep-24 06:15:32.480	
0	0	0	1	9	0	0	201	0	0	0	19.8	28.5	0	0	22.7	10.0	10-Sep-24 06:15:32.523	
0	0	0	1	16	0	0	183	0	0	0	19.8	28.5	0	0	22.7	10.0	10-Sep-24 06:15:32.568	
0	0	0	1	7	0	0	200	0	0	0	19.8	28.5	0	0	22.7	10.0	10-Sep-24 06:15:32.611	
0	0	0	2	12	0	0	166	0	0	0	19.8	28.5	0	0	22.7	10.0	10-Sep-24 06:15:32.655	
0	0	0	4	8	0	0	203	0	0	0	19.8	28.5	0	0	22.7	10.0	10-Sep-24 06:15:32.699	
0	0	0	1	15	0	0	213	0	0	0	19.8	28.5	0	0	22.7	10.0	10-Sep-24 06:15:32.802	
0	0	0	3	7	0	0	177	0	0	0	19.8	28.5	0	0	22.7	10.0	10-Sep-24 06:15:32.848	
0	0	0	3	8	0	0	187	0	0	0	19.8	28.5	0	0	22.7	10.0	10-Sep-24 06:15:32.898	
0	0	0	4	12	0	0	174	0	0	0	19.8	28.5	0	0	22.7	10.0	10-Sep-24 06:15:32.935	
0	0	0	4	12	0	0	189	0	0	0	19.8	28.5	0	0	22.7	10.0	10-Sep-24 06:15:32.980	
0	0	0	3	12	0	0	210	0	0	0	19.8	28.5	0	0	22.7	10.0	10-Sep-24 06:15:33.024	
0	0	0	1	9	0	0	227	0	0	0	19.8	28.5	0	0	22.7	10.0	10-Sep-24 06:15:33.068	
0	0	0	2	11	0	0	202	0	0	0	19.8	28.5	0	0	22.7	10.0	10-Sep-24 06:15:33.111	
0	0	0	3	7	0	0	204	0	0	0	19.8	28.5	0	0	22.7	10.0	10-Sep-24 06:15:33.155	
0	0	0	4	9	0	0	208	0	0	0	19.8	28.5	0	0	22.7	10.0	10-Sep-24 06:15:33.199	
0	0	0	4	11	0	0	184	0	0	0	19.8	28.5	0	0	22.7	10.0	10-Sep-24 06:15:33.244	
0	0	0	1	3	0	0	191	0	0	0	19.8	28.5	0	0	22.7	10.0	10-Sep-24 06:15:33.287	
0	0	0	2	9	0	0	187	0	0	0	19.8	28.5	0	0	22.7	10.0	10-Sep-24 06:15:33.331	
0	0	0	2	13	0	0	183	0	0	0	19.8	28.5	0	0	22.7	10.0	10-Sep-24 06:15:33.383	
0	0	0	3	11	0	0	218	0	0	0	19.8	28.5	0	0	22.7	10.0	10-Sep-24 06:15:33.429	
0	0	0	3	8	0	0	191	0	0	0	19.8	28.5	0	0	22.7	10.0	10-Sep-24 06:15:33.472	
0	0	0	2	8	0	0	213	0	0	0	19.8	28.5	0	0	22.7	10.0	10-Sep-24 06:15:33.516	
0	0	0	3	6	0	0	195	0	0	0	19.8	28.5	0	0	22.7	10.0	10-Sep-24 06:15:33.560	
0	0	0	2	8	0	0	195	0	0	0	19.8	28.5	0	0	22.7	10.0	10-Sep-24 06:15:33.603	
0	0	0	2	10	0	0	173	0	0	0	19.8	28.5	0	0	22.7	10.0	10-Sep-24 06:15:33.647	
0	0	0	1	11	0	0	203	0	0	0	19.8	28.5	0	0	22.7	10.0	10-Sep-24 06:15:33.692	
0	0	0	2	14	0	0	199	0	0	0	19.8	28.5	0	0	22.7	10.0	10-Sep-24 06:15:33.736	
0	0	0	2	10	0	0	188	0	0	0	19.8	28.5	0	0	22.7	10.0	10-Sep-24 06:15:33.780	
0	0	0	2	12	0	0	190	0	0	0	19.8	28.5	0	0	22.7	10.0	10-Sep-24 06:15:33.890	
0	0	0	1	11	0	0	185	0	0	0	19.8	28.5	0	0	22.7	10.0	10-Sep-24 06:15:33.936	
0	0	0	3	8	0	0	221	0	0	0	19.8	28.5	0	0	22.7	10.0	10-Sep-24 06:15:33.980	
0	0	0	2	7	0	0	200	0	0	0	19.8	28.5	0	0	22.7	10.0	10-Sep-24 06:15:34.023	
0	0	0	3	11	0	0	194	0	0	0	19.8	28.5	0	0	22.7	10.0	10-Sep-24 06:15:34.068	
0	0	0	3	7	0	0	211	0	0	0	19.8	28.5	0	0	22.7	10.0	10-Sep-24 06:15:34.111	
0	0	0	4	10	0	0	198	0	0	0	19.8	28.5	0	0	22.7	10.0	10-Sep-24 06:15:34.156	
0	0	0	3	10	0	0	210	0	0	0	19.8	28.5	0	0	22.7	10.0	10-Sep-24 06:15:34.200	
0	0	0	1	6	0	0	204	0	0	0	19.8	28.5	0	0	22.7	10.0	10-Sep-24 06:15:34.244	
0	0	0	2	8	0	0	184	0	0	0	19.8	28.5	0	0	22.7	10.0	10-Sep-24 06:15:34.287	
0	0	0	3	9	0	0	180	0	0	0	19.8	28.5	0	0	22.7	10.0	10-Sep-24 06:15:34.331	
0	0	0	2	14	0	0	204	0	0	0	19.8	28.5	0	0	22.7	10.0	10-Sep-24 06:15:34.376	
0	0	0	4	10	0	0	198	0	0	0	19.8	28.5	0	0	22.7	10.0	10-Sep-24 06:15:34.463	
0	0	0	2	8	0	0	204	0	0	0	19.8	28.5	0	0	22.7	10.0	10-Sep-24 06:15:34.545	
0	0	0	1	15	0	0	203	0	0	0	19.8	28.5	0	0	22.7	10.0	10-Sep-24 06:15:34.616	
0	0	0	1	11	0	0	200	0	0	0	19.8	28.5	0	0	22.7	10.0	10-Sep-24 06:15:34.667	
0	0	0	2	8	0	0	205	0	0	0	19.8	28.5	0	0	22.7	10.0	10-Sep-24 06:15:34.711	
0	0	0	6	8	0	0	209	0	0	0	19.8	28.5	0	0	22.7	10.0	10-Sep-24 06:15:34.756	
0	0	0	2	11	0	0	202	0	0	0	19.8	28.5	0	0	22.7	10.0	10-Sep-24 06:15:34.800	
0	0	0	3	14	0	0	193	0	0	0	19.8	28.5	0	0	22.7	10.0	10-Sep-24 06:15:34.844	
0	0	0	6	5	0	0	204	0	0	0	19.8	28.5	0	0	22.7	10.0	10-Sep-24 06:15:34.955	
0	0	0	2	12	0	0	193	0	0	0	19.8	28.5	0	0	22.7	10.0	10-Sep-24 06:15:35.000	
0	0	0	2	6	0	0	207	0	0	0	19.8	28.5	0	0	22.7	10.0	10-Sep-24 06:15:35.044	
0	0	0	2	6	0	0	185	0	0	0	19.8	28.5	0	0	22.7	10.0	10-Sep-24 06:15:35.089	
0	0	0	2	11	0	0	201	0	0	0	19.8	28.5	0	0	22.7	10.0	10-Sep-24 06:15:35.132	
0	0	0	3	4	0	0	197	0	0	0	19.8	28.5	0	0	22.7	10.0	10-Sep-24 06:15:35.176	
0	0	0	2	13	0	0	180	0	0	0	19.8	28.5	0	0	22.7	10.0	10-Sep-24 06:15:35.220	
0	0	0	2	7	0	0	228	0	0	0	19.8	28.5	0	0	22.7	10.0	10-Sep-24 06:15:35.263	
0	0	0	2	8	0	0	202	0	0	0	19.8	28.5	0	0	22.7	10.0	10-Sep-24 06:15:35.308	
0	0	0	2	11	0	0	201	0	0	0	19.8	28.5	0	0	22.7	10.0	10-Sep-24 06:15:35.351	
0	0	0	2	12	0	0	192	0	0	0	19.8	28.5	0	0	22.7	10.0	10-Sep-24 06:15:35.396	
0	0	0	3	10	0	0	208	0	0	0	19.8	28.5	0	0	22.7	10.0	10-Sep-24 06:15:35.448	
0	0	0	1	13	0	0	219	0	0	0	19.8	28.5	0	0	22.7	10.0	10-Sep-24 06:15:35.495	
0	0	0	1	9	0	0	198	0	0	0	19.8	28.5	0	0	22.7	10.0	10-Sep-24 06:15:35.539	
0	0	0	1	6	0	0	204	0	0	0	19.8	28.5	0	0	22.7	10.0	10-Sep-24 06:15:35.584	
0	0	0	2	22	0	0	200	0	0	0	19.8	28.5	0	0	22.7	10.0	10-Sep-24 06:15:35.628	
0	0	0	2	11	0	0	173	0	0	0	19.8	28.5	0	0	22.7	10.0	10-Sep-24 06:15:35.672	
0	0	0	2	8	0	0	222	0	0	0	19.8	28.5	0	0	22.7	10.0	10-Sep-24 06:15:35.716	
0	0	0	2	11	0	0	188	0	0	0	19.8	28.5	0	0	22.7	10.0	10-Sep-24 06:15:35.760	
0	0	0	3	8	0	0	194	0	0	0	19.8	28.5	0	0	22.7	10.0	10-Sep-24 06:15:35.804	
0	0	0	3	9	0	0	211	0	0	0	19.8	28.5	0	0	22.7	10.0	10-Sep-24 06:15:35.847	
0	0	0	1	7	0	0	197	0	0	0	19.8	28.5	0	0	22.7	10.0	10-Sep-24 06:15:35.891	
0	0	0	3	11	0	0	214	0	0	0	19.8	28.5	0	0	22.7	10.0	10-Sep-24 06:15:35.944	
0	0	0	2	13	0	0	197	0	0	0	19.8	28.5	0	0	22.7	10.0	10-Sep-24 06:15:36.038	
0	0	0	3	7	0	0	217	0	0	0	19.8	28.5	0	0	22.7	10.0	10-Sep-24 06:15:36.083	
0	0	0	3	10	0	0	218	0	0	0	19.8	28.5	0	0	22.7	10.0	10-Sep-24 06:15:36.128	
0	0	0	2	11	0	0	214	0	0	0	19.8	28.5	0	0	22.7	10.0	10-Sep-24 06:15:36.172	
0	0	0	2	12	0	0	222	0	0	0	19.8	28.5	0	0	22.7	10.0	10-Sep-24 06:15:36.216	
0	0	0	2	7	0	0	197	0	0	0	19.8	28.5	0	0	22.7	10.0	10-Sep-24 06:15:36.260	
0	0	0	2	9	0	0	189	0	0	0	19.8	28.5	0	0	22.7	10.0	10-Sep-24 06:15:36.303	
0	0	0	3	14	0	0	189	0	0	0	19.8	28.5	0	0	22.7	10.0	10-Sep-24 06:15:36.348	
0	0	0	2	13	0	0	172	0	0	0	19.8	28.5	0	0	22.7	10.0	10-Sep-24 06:15:36.392	
0	0	0	3	7	0	0	193	0	0	0	19.8	28.5	0	0	22.7	10.0	10-Sep-24 06:15:36.440	
0	0	0	3	9	0	0	212	0	0	0	19.8	28.5	0	0	22.7	10.0	10-Sep-24 06:15:36.488	
0	0	0	3	12	0	0	151	0	0	0	19.8	28.5	0	0	22.7	10.0	10-Sep-24 06:15:36.533	
0	0	0	2	17	0	0	190	0	0	0	19.8	28.5	0	0	22.7	10.0	10-Sep-24 06:15:36.576	
0	0	0	5	9	0	0	195	0	0	0	19.8	28.5	0	0	22.7	10.0	10-Sep-24 06:15:36.620	
0	0	0	4	7	0	0	213	0	0	0	19.8	28.5	0	0	22.7	10.0	10-Sep-24 06:15:36.664	
0	0	0	2	17	0	0	210	0	0	0	19.8	28.5	0	0	22.7	10.0	10-Sep-24 06:15:36.708	
0	0	0	4	8	0	0	195	0	0	0	19.8	28.5	0	0	22.7	10.0	10-Sep-24 06:15:36.752	
0	0	0	6	12	0	0	209	0	0	0	19.8	28.5	0	0	22.7	10.0	10-Sep-24 06:15:36.796	
0	0	0	2	8	0	0	186	0	0	0	19.8	28.5	0	0	22.7	10.0	10-Sep-24 06:15:36.840	
0	0	0	5	9	0	0	206	0	0	0	19.8	28.5	0	0	22.7	10.0	10-Sep-24 06:15:36.883	
0	0	0	2	13	0	0	205	0	0	0	19.8	28.5	0	0	22.7	10.0	10-Sep-24 06:15:36.927	
0	0	0	3	8	0	0	180	0	0	0	19.8	28.5	0	0	22.7	10.0	10-Sep-24 06:15:36.976	
0	0	0	3	11	0	0	203	0	0	0	19.8	28.5	0	0	22.7	10.0	10-Sep-24 06:15:37.023	
0	0	0	4	10	0	0	182	0	0	0	19.8	28.5	0	0	22.7	10.0	10-Sep-24 06:15:37.126	
0	0	0	4	8	0	0	202	0	0	0	19.8	28.5	0	0	22.7	10.0	10-Sep-24 06:15:37.172	
0	0	0	3	10	0	0	194	0	0	0	19.8	28.5	0	0	22.7	10.0	10-Sep-24 06:15:37.216	
0	0	0	3	10	0	0	207	0	0	0	19.8	28.5	0	0	22.7	10.0	10-Sep-24 06:15:37.260	
0	0	0	1	14	0	0	179	0	0	0	19.8	28.5	0	0	22.7	10.0	10-Sep-24 06:15:37.304	
0	0	0	4	6	0	0	203	0	0	0	19.8	28.5	0	0	22.7	10.0	10-Sep-24 06:15:37.348	
0	0	0	2	7	0	0	208	0	0	0	19.8	28.5	0	0	22.7	10.0	10-Sep-24 06:15:37.392	
0	0	0	5	13	0	0	191	0	0	0	19.8	28.5	0	0	22.7	10.0	10-Sep-24 06:15:37.436	
0	0	0	3	10	0	0	209	0	0	0	19.8	28.5	0	0	22.7	10.0	10-Sep-24 06:15:37.485	
0	0	0	2	9	0	0	174	0	0	0	19.8	28.5	0	0	22.7	10.0	10-Sep-24 06:15:37.524	
0	0	0	3	8	0	0	206	0	0	0	19.8	28.5	0	0	22.7	10.0	10-Sep-24 06:15:37.568	
0	0	0	1	8	0	0	195	0	0	0	19.8	28.5	0	0	22.7	10.0	10-Sep-24 06:15:37.612	
0	0	0	2	7	0	0	207	0	0	0	19.8	28.5	0	0	22.7	10.0	10-Sep-24 06:15:37.656	
0	0	0	3	8	0	0	207	0	0	0	19.8	28.5	0	0	22.7	10.0	10-Sep-24 06:15:37.700	
0	0	0	3	14	0	0	172	0	0	0	19.8	28.5	0	0	22.7	10.0	10-Sep-24 06:15:37.744	
0	0	0	3	7	0	0	185	0	0	0	19.8	28.5	0	0	22.7	10.0	10-Sep-24 06:15:37.788	
0	0	0	2	13	0	0	198	0	0	0	19.8	28.5	0	0	22.7	10.0	10-Sep-24 06:15:37.832	
0	0	0	2	10	0	0	190	0	0	0	19.8	28.5	0	0	22.7	10.0	10-Sep-24 06:15:37.876	
0	0	0	1	10	0	0	198	0	0	0	19.8	28.5	0	0	22.7	10.0	10-Sep-24 06:15:37.920	
0	0	0	1	13	0	0	190	0	0	0	19.8	28.5	0	0	22.7	10.0	10-Sep-24 06:15:37.964	
0	0	0	3	13	0	0	197	0	0	0	19.8	28.5	0	0	22.7	10.0	10-Sep-24 06:15:38.016	
0	0	0	1	6	0	0	198	0	0	0	19.8	28.5	0	0	22.7	10.0	10-Sep-24 06:15:38.059	
0	0	0	3	11	0	0	222	0	0	0	19.8	28.5	0	0	22.7	10.0	10-Sep-24 06:15:38.104	
0	0	0	2	5	0	0	215	0	0	0	19.8	28.5	0	0	22.7	10.0	10-Sep-24 06:15:38.206	
0	0	0	3	9	0	0	190	0	0	0	19.8	28.5	0	0	22.7	10.0	10-Sep-24 06:15:38.251	
0	0	0	3	15	0	0	201	0	0	0	19.8	28.5	0	0	22.7	10.0	10-Sep-24 06:15:38.296	
0	0	0	2	8	0	0	220	0	0	0	19.8	28.5	0	0	22.7	10.0	10-Sep-24 06:15:38.339	
0	0	0	4	17	0	0	184	0	0	0	19.8	28.5	0	0	22.7	10.0	10-Sep-24 06:15:38.384	
0	0	0	3	10	0	0	179	0	0	0	19.8	28.5	0	0	22.7	10.0	10-Sep-24 06:15:38.428	
0	0	0	2	8	0	0	198	0	0	0	19.8	28.5	0	0	22.7	10.0	10-Sep-24 06:15:38.472	
0	0	0	3	3	0	0	209	0	0	0	19.8	28.5	0	0	22.7	10.0	10-Sep-24 06:15:38.520	
0	0	0	2	9	0	0	200	0	0	0	19.8	28.5	0	0	22.7	10.0	10-Sep-24 06:15:38.563	
0	0	0	2	13	0	0	191	0	0	0	19.8	28.5	0	0	22.7	10.0	10-Sep-24 06:15:38.608	
0	0	0	1	10	0	0	187	0	0	0	19.8	28.5	0	0	22.7	10.0	10-Sep-24 06:15:38.651	
0	0	0	3	9	0	0	193	0	0	0	19.8	28.5	0	0	22.7	10.0	10-Sep-24 06:15:38.695	
0	0	0	3	20	0	0	210	0	0	0	19.8	28.5	0	0	22.7	10.0	10-Sep-24 06:15:38.740	
0	0	0	3	10	0	0	183	0	0	0	19.8	28.5	0	0	22.7	10.0	10-Sep-24 06:15:38.784	
0	0	0	4	14	0	0	203	0	0	0	19.8	28.5	0	0	22.7	10.0	10-Sep-24 06:15:38.829	
0	0	0	4	14	0	0	225	0	0	0	19.8	28.5	0	0	22.7	10.0	10-Sep-24 06:15:38.872	
0	0	0	3	6	0	0	204	0	0	0	19.8	28.5	0	0	22.7	10.0	10-Sep-24 06:15:38.916	
0	0	0	2	10	0	0	195	0	0	0	19.8	28.5	0	0	22.7	10.0	10-Sep-24 06:15:38.960	
0	0	0	4	13	0	0	201	0	0	0	19.8	28.5	0	0	22.7	10.0	10-Sep-24 06:15:39.012	
0	0	0	2	11	0	0	191	0	0	0	19.8	28.5	0	0	22.7	10.0	10-Sep-24 06:15:39.056	
0	0	0	5	8	0	0	218	0	0	0	19.8	28.5	0	0	22.7	10.0	10-Sep-24 06:15:39.099	
0	0	0	2	11	0	0	212	0	0	0	19.8	28.5	0	0	22.7	10.0	10-Sep-24 06:15:39.144	
0	0	0	1	7	0	0	194	0	0	0	19.8	28.5	0	0	22.7	10.0	10-Sep-24 06:15:39.188	
0	0	0	1	11	0	0	212	0	0	0	19.8	28.5	0	0	22.7	10.0	10-Sep-24 06:15:39.290	
0	0	0	2	14	0	0	205	0	0	0	19.8	28.5	0	0	22.7	10.0	10-Sep-24 06:15:39.336	
0	0	0	4	9	0	0	179	0	0	0	19.8	28.5	0	0	22.7	10.0	10-Sep-24 06:15:39.379	
0	0	0	1	7	0	0	212	0	0	0	19.8	28.5	0	0	22.7	10.0	10-Sep-24 06:15:39.423	
0	0	0	7	10	0	0	225	0	0	0	19.8	28.5	0	0	22.7	10.0	10-Sep-24 06:15:39.468	
0	0	0	2	6	0	0	205	0	0	0	19.8	28.5	0	0	22.7	10.0	10-Sep-24 06:15:39.519	
0	0	0	1	11	0	0	180	0	0	0	19.8	28.5	0	0	22.7	10.0	10-Sep-24 06:15:39.564	
0	0	0	2	10	0	0	202	0	0	0	19.8	28.5	0	0	22.7	10.0	10-Sep-24 06:15:39.608	
0	0	0	2	11	0	0	174	0	0	0	19.8	28.5	0	0	22.7	10.0	10-Sep-24 06:15:39.684	
0	0	0	3	11	0	0	202	0	0	0	19.8	28.5	0	0	22.7	10.0	10-Sep-24 06:15:39.778	
0	0	0	1	9	0	0	200	0	0	0	19.8	28.5	0	0	22.7	10.0	10-Sep-24 06:15:39.854	
0	0	0	4	9	0	0	202	0	0	0	19.8	28.5	0	0	22.7	10.0	10-Sep-24 06:15:39.900	
0	0	0	4	9	0	0	192	0	0	0	19.8	28.5	0	0	22.7	10.0	10-Sep-24 06:15:39.944	
0	0	0	2	12	0	0	218	0	0	0	19.8	28.5	0	0	22.7	10.0	10-Sep-24 06:15:39.988	
0	0	0	2	18	0	0	219	0	0	0	19.8	28.5	0	0	22.7	10.0	10-Sep-24 06:15:40.040	
0	0	0	3	11	0	0	214	0	0	0	19.8	28.5	0	0	22.7	10.0	10-Sep-24 06:15:40.085	
0	0	0	1	18	0	0	204	0	0	0	19.8	28.5	0	0	22.7	10.0	10-Sep-24 06:15:40.128	
0	0	0	1	10	0	0	200	0	0	0	19.8	28.5	0	0	22.7	10.0	10-Sep-24 06:15:40.172	
0	0	0	4	8	0	0	200	0	0	0	19.8	28.5	0	0	22.7	10.0	10-Sep-24 06:15:40.216	
0	0	0	4	14	0	0	197	0	0	0	19.8	28.5	0	0	22.7	10.0	10-Sep-24 06:15:40.260	
0	0	0	4	6	0	0	218	0	0	0	19.8	28.5	0	0	22.7	10.0	10-Sep-24 06:15:40.352	
0	0	0	1	10	0	0	199	0	0	0	19.8	28.5	0	0	22.7	10.0	10-Sep-24 06:15:40.400	
0	0	0	5	6	0	0	198	0	0	0	19.8	28.5	0	0	22.7	10.0	10-Sep-24 06:15:40.444	
0	0	0	2	9	0	0	198	0	0	0	19.8	28.5	0	0	22.7	10.0	10-Sep-24 06:15:40.488	
0	0	0	1	11	0	0	206	0	0	0	19.8	28.5	0	0	22.7	10.0	10-Sep-24 06:15:40.539	
0	0	0	3	10	0	0	186	0	0	0	19.8	28.5	0	0	22.7	10.0	10-Sep-24 06:15:40.584	
0	0	0	6	5	0	0	198	0	0	0	19.8	28.5	0	0	22.7	10.0	10-Sep-24 06:15:40.628	
0	0	0	2	12	0	0	171	0	0	0	19.8	28.5	0	0	22.7	10.0	10-Sep-24 06:15:40.672	
0	0	0	2	12	0	0	211	0	0	0	19.8	28.5	0	0	22.7	10.0	10-Sep-24 06:15:40.716	
0	0	0	3	9	0	0	202	0	0	0	19.8	28.5	0	0	22.7	10.0	10-Sep-24 06:15:40.760	
0	0	0	3	9	0	0	209	0	0	0	19.8	28.5	0	0	22.7	10.0	10-Sep-24 06:15:40.804	
0	0	0	2	7	0	0	190	0	0	0	19.8	28.5	0	0	22.7	10.0	10-Sep-24 06:15:40.845	
0	0	0	2	11	0	0	192	0	0	0	19.8	28.5	0	0	22.7	10.0	10-Sep-24 06:15:40.888	
0	0	0	3	16	0	0	184	0	0	0	19.8	28.5	0	0	22.7	10.0	10-Sep-24 06:15:40.932	
0	0	0	2	10	0	0	192	0	0	0	19.8	28.5	0	0	22.7	10.0	10-Sep-24 06:15:40.976	
0	0	0	3	9	0	0	212	0	0	0	19.8	28.5	0	0	22.7	10.0	10-Sep-24 06:15:41.020	
0	0	0	1	9	0	0	231	0	0	0	19.8	28.5	0	0	22.7	10.0	10-Sep-24 06:15:41.072	
0	0	0	1	14	0	0	198	0	0	0	19.8	28.5	0	0	22.7	10.0	10-Sep-24 06:15:41.116	
0	0	0	2	8	0	0	198	0	0	0	19.8	28.5	0	0	22.7	10.0	10-Sep-24 06:15:41.160	
0	0	0	1	8	0	0	202	0	0	0	19.8	28.5	0	0	22.7	10.0	10-Sep-24 06:15:41.204	
0	0	0	3	9	0	0	188	0	0	0	19.8	28.5	0	0	22.7	10.0	10-Sep-24 06:15:41.248	
0	0	0	4	8	0	0	190	0	0	0	19.8	28.5	0	0	22.7	10.0	10-Sep-24 06:15:41.292	
0	0	0	1	14	0	0	183	0	0	0	19.8	28.5	0	0	22.7	10.0	10-Sep-24 06:15:41.336	
0	0	0	1	6	0	0	195	0	0	0	19.8	28.5	0	0	22.7	10.0	10-Sep-24 06:15:41.438	
0	0	0	1	8	0	0	180	0	0	0	19.8	28.5	0	0	22.7	10.0	10-Sep-24 06:15:41.484	
0	0	0	3	6	0	0	210	0	0	0	19.8	28.5	0	0	22.7	10.0	10-Sep-24 06:15:41.527	
0	0	0	2	10	0	0	195	0	0	0	19.8	28.5	0	0	22.7	10.0	10-Sep-24 06:15:41.579	
0	0	0	1	15	0	0	188	0	0	0	19.8	28.5	0	0	22.7	10.0	10-Sep-24 06:15:41.625	
0	0	0	1	4	0	0	200	0	0	0	19.8	28.5	0	0	22.7	10.0	10-Sep-24 06:15:41.668	
0	0	0	4	12	0	0	200	0	0	0	19.8	28.5	0	0	22.7	10.0	10-Sep-24 06:15:41.712	
0	0	0	3	8	0	0	205	0	0	0	19.8	28.5	0	0	22.7	10.0	10-Sep-24 06:15:41.755	
0	0	0	1	10	0	0	212	0	0	0	19.8	28.5	0	0	22.7	10.0	10-Sep-24 06:15:41.800	
0	0	0	5	7	0	0	207	0	0	0	19.8	28.5	0	0	22.7	10.0	10-Sep-24 06:15:41.844	
0	0	0	5	6	0	0	169	0	0	0	19.8	28.5	0	0	22.7	10.0	10-Sep-24 06:15:41.889	
0	0	0	2	13	0	0	200	0	0	0	19.8	28.5	0	0	22.7	10.0	10-Sep-24 06:15:41.932	
0	0	0	1	17	0	0	171	0	0	0	19.8	28.5	0	0	22.7	10.0	10-Sep-24 06:15:41.976	
0	0	0	2	12	0	0	189	0	0	0	19.8	28.5	0	0	22.7	10.0	10-Sep-24 06:15:42.020	
0	0	0	2	10	0	0	236	0	0	0	19.8	28.5	0	0	22.7	10.0	10-Sep-24 06:15:42.064	
0	0	0	2	4	0	0	226	0	0	0	19.8	28.5	0	0	22.7	10.0	10-Sep-24 06:15:42.116	
0	0	0	3	5	0	0	212	0	0	0	19.8	28.5	0	0	22.7	10.0	10-Sep-24 06:15:42.160	
0	0	0	2	9	0	0	203	0	0	0	19.8	28.5	0	0	22.7	10.0	10-Sep-24 06:15:42.196	
0	0	0	2	11	0	0	189	0	0	0	19.8	28.5	0	0	22.7	10.0	10-Sep-24 06:15:42.240	
0	0	0	4	12	0	0	186	0	0	0	19.8	28.5	0	0	22.7	10.0	10-Sep-24 06:15:42.284	
0	0	0	1	12	0	0	203	0	0	0	19.8	28.5	0	0	22.7	10.0	10-Sep-24 06:15:42.328	
0	0	0	3	9	0	0	196	0	0	0	19.8	28.5	0	0	22.7	10.0	10-Sep-24 06:15:42.372	
0	0	0	2	14	0	0	225	0	0	0	19.8	28.5	0	0	22.7	10.0	10-Sep-24 06:15:42.416	
0	0	0	4	8	0	0	224	0	0	0	19.8	28.5	0	0	22.7	10.0	10-Sep-24 06:15:42.519	
0	0	0	4	11	0	0	192	0	0	0	19.8	28.5	0	0	22.7	10.0	10-Sep-24 06:15:42.564	
0	0	0	2	10	0	0	207	0	0	0	19.8	28.5	0	0	22.7	10.0	10-Sep-24 06:15:42.613	
0	0	0	2	9	0	0	217	0	0	0	19.8	28.5	0	0	22.7	10.0	10-Sep-24 06:15:42.660	
0	0	0	2	9	0	0	195	0	0	0	19.8	28.5	0	0	22.7	10.0	10-Sep-24 06:15:42.703	
0	0	0	1	8	0	0	191	0	0	0	19.8	28.5	0	0	22.7	10.0	10-Sep-24 06:15:42.748	
0	0	0	2	13	0	0	222	0	0	0	19.8	28.5	0	0	22.7	10.0	10-Sep-24 06:15:42.792	
0	0	0	1	11	0	0	188	0	0	0	19.8	28.5	0	0	22.7	10.0	10-Sep-24 06:15:42.837	
0	0	0	2	10	0	0	201	0	0	0	19.8	28.5	0	0	22.7	10.0	10-Sep-24 06:15:42.880	
0	0	0	3	8	0	0	194	0	0	0	19.8	28.5	0	0	22.7	10.0	10-Sep-24 06:15:42.924	
0	0	0	3	9	0	0	202	0	0	0	19.8	28.5	0	0	22.7	10.0	10-Sep-24 06:15:42.967	
0	0	0	3	10	0	0	177	0	0	0	19.8	28.5	0	0	22.7	10.0	10-Sep-24 06:15:43.012	
0	0	0	2	12	0	0	210	0	0	0	19.8	28.5	0	0	22.7	10.0	10-Sep-24 06:15:43.056	
0	0	0	1	11	0	0	201	0	0	0	19.8	28.5	0	0	22.7	10.0	10-Sep-24 06:15:43.105	
0	0	0	3	7	0	0	241	0	0	0	19.8	28.5	0	0	22.7	10.0	10-Sep-24 06:15:43.153	
0	0	0	3	10	0	0	224	0	0	0	19.8	28.5	0	0	22.7	10.0	10-Sep-24 06:15:43.196	
0	0	0	1	16	0	0	180	0	0	0	19.8	28.5	0	0	22.7	10.0	10-Sep-24 06:15:43.240	
0	0	0	3	7	0	0	217	0	0	0	19.8	28.5	0	0	22.7	10.0	10-Sep-24 06:15:43.284	
0	0	0	2	9	0	0	188	0	0	0	19.8	28.5	0	0	22.7	10.0	10-Sep-24 06:15:43.328	
0	0	0	2	5	0	0	183	0	0	0	19.8	28.5	0	0	22.7	10.0	10-Sep-24 06:15:43.370	
0	0	0	3	14	0	0	199	0	0	0	19.8	28.5	0	0	22.7	10.0	10-Sep-24 06:15:43.407	
0	0	0	3	8	0	0	193	0	0	0	19.8	28.5	0	0	22.7	10.0	10-Sep-24 06:15:43.452	
0	0	0	4	7	0	0	194	0	0	0	19.8	28.5	0	0	22.7	10.0	10-Sep-24 06:15:43.496	
0	0	0	1	7	0	0	211	0	0	0	19.8	28.5	0	0	22.7	10.0	10-Sep-24 06:15:43.597	
0	0	0	1	13	0	0	227	0	0	0	19.8	28.5	0	0	22.7	10.0	10-Sep-24 06:15:43.651	
0	0	0	3	10	0	0	186	0	0	0	19.8	28.5	0	0	22.7	10.0	10-Sep-24 06:15:43.695	
0	0	0	3	18	0	0	191	0	0	0	19.8	28.5	0	0	22.7	10.0	10-Sep-24 06:15:43.740	
0	0	0	4	6	0	0	192	0	0	0	19.8	28.5	0	0	22.7	10.0	10-Sep-24 06:15:43.784	
0	0	0	3	11	0	0	211	0	0	0	19.8	28.5	0	0	22.7	10.0	10-Sep-24 06:15:43.828	
0	0	0	3	9	0	0	186	0	0	0	19.8	28.5	0	0	22.7	10.0	10-Sep-24 06:15:43.872	
0	0	0	3	12	0	0	201	0	0	0	19.8	28.5	0	0	22.7	10.0	10-Sep-24 06:15:43.916	
0	0	0	3	14	0	0	208	0	0	0	19.8	28.5	0	0	22.7	10.0	10-Sep-24 06:15:43.960	
0	0	0	3	10	0	0	189	0	0	0	19.8	28.5	0	0	22.7	10.0	10-Sep-24 06:15:44.004	
0	0	0	1	6	0	0	221	0	0	0	19.8	28.5	0	0	22.7	10.0	10-Sep-24 06:15:44.047	
0	0	0	3	7	0	0	176	0	0	0	19.8	28.5	0	0	22.7	10.0	10-Sep-24 06:15:44.092	
0	0	0	2	11	0	0	191	0	0	0	19.8	28.5	0	0	22.7	10.0	10-Sep-24 06:15:44.140	
0	0	0	2	14	0	0	208	0	0	0	19.8	28.5	0	0	22.7	10.0	10-Sep-24 06:15:44.188	
0	0	0	4	8	0	0	204	0	0	0	19.8	28.5	0	0	22.7	10.0	10-Sep-24 06:15:44.232	
0	0	0	3	13	0	0	192	0	0	0	19.8	28.5	0	0	22.7	10.0	10-Sep-24 06:15:44.276	
0	0	0	1	7	0	0	189	0	0	0	19.8	28.5	0	0	22.7	10.0	10-Sep-24 06:15:44.320	
0	0	0	4	14	0	0	196	0	0	0	19.8	28.5	0	0	22.7	10.0	10-Sep-24 06:15:44.364	
0	0	0	1	12	0	0	179	0	0	0	19.8	28.5	0	0	22.7	10.0	10-Sep-24 06:15:44.407	
0	0	0	3	12	0	0	179	0	0	0	19.8	28.5	0	0	22.7	10.0	10-Sep-24 06:15:44.452	
0	0	0	1	8	0	0	193	0	0	0	19.8	28.5	0	0	22.7	10.0	10-Sep-24 06:15:44.488	
0	0	0	2	14	0	0	212	0	0	0	19.8	28.5	0	0	22.7	10.0	10-Sep-24 06:15:44.532	
0	0	0	2	8	0	0	197	0	0	0	19.8	28.5	0	0	22.7	10.0	10-Sep-24 06:15:44.576	
0	0	0	2	12	0	0	226	0	0	0	19.8	28.5	0	0	22.7	10.0	10-Sep-24 06:15:44.684	
0	0	0	2	10	0	0	208	0	0	0	19.8	28.5	0	0	22.7	10.0	10-Sep-24 06:15:44.732	
0	0	0	2	8	0	0	181	0	0	0	19.8	28.5	0	0	22.7	10.0	10-Sep-24 06:15:44.776	
0	0	0	2	9	0	0	221	0	0	0	19.8	28.5	0	0	22.7	10.0	10-Sep-24 06:15:44.819	
0	0	0	2	16	0	0	202	0	0	0	19.8	28.5	0	0	22.7	10.0	10-Sep-24 06:15:44.899	
0	0	0	4	9	0	0	204	0	0	0	19.8	28.5	0	0	22.7	10.0	10-Sep-24 06:15:44.950	
0	0	0	1	5	0	0	172	0	0	0	19.8	28.5	0	0	22.7	10.0	10-Sep-24 06:15:45.023	
0	0	0	3	8	0	0	198	0	0	0	19.8	28.5	0	0	22.7	10.0	10-Sep-24 06:15:45.080	
0	0	0	4	18	0	0	195	0	0	0	19.8	28.5	0	0	22.7	10.0	10-Sep-24 06:15:45.124	
0	0	0	1	9	0	0	200	0	0	0	19.8	28.5	0	0	22.7	10.0	10-Sep-24 06:15:45.176	
0	0	0	5	5	0	0	208	0	0	0	19.8	28.5	0	0	22.7	10.0	10-Sep-24 06:15:45.220	
0	0	0	2	9	0	0	176	0	0	0	19.8	28.5	0	0	22.7	10.0	10-Sep-24 06:15:45.264	
0	0	0	7	5	0	0	200	0	0	0	19.8	28.5	0	0	22.7	10.0	10-Sep-24 06:15:45.308	
0	0	0	3	9	0	0	200	0	0	0	19.8	28.5	0	0	22.7	10.0	10-Sep-24 06:15:45.352	
0	0	0	1	12	0	0	178	0	0	0	19.8	28.5	0	0	22.7	10.0	10-Sep-24 06:15:45.396	
0	0	0	2	14	0	0	202	0	0	0	19.8	28.5	0	0	22.7	10.0	10-Sep-24 06:15:45.440	
0	0	0	5	17	0	0	176	0	0	0	19.8	28.5	0	0	22.7	10.0	10-Sep-24 06:15:45.484	
0	0	0	1	5	0	0	168	0	0	0	19.8	28.5	0	0	22.7	10.0	10-Sep-24 06:15:45.528	
0	0	0	1	17	0	0	193	0	0	0	19.8	28.5	0	0	22.7	10.0	10-Sep-24 06:15:45.573	
0	0	0	2	9	0	0	180	0	0	0	19.8	28.5	0	0	22.7	10.0	10-Sep-24 06:15:45.616	
0	0	0	3	12	0	0	202	0	0	0	19.8	28.5	0	0	22.7	10.0	10-Sep-24 06:15:45.664	
0	0	0	4	10	0	0	212	0	0	0	19.8	28.5	0	0	22.7	10.0	10-Sep-24 06:15:45.761	
0	0	0	2	7	0	0	184	0	0	0	19.8	28.5	0	0	22.7	10.0	10-Sep-24 06:15:45.808	
0	0	0	3	14	0	0	208	0	0	0	19.8	28.5	0	0	22.7	10.0	10-Sep-24 06:15:45.853	
0	0	0	2	6	0	0	197	0	0	0	19.8	28.5	0	0	22.7	10.0	10-Sep-24 06:15:45.896	
0	0	0	2	12	0	0	193	0	0	0	19.8	28.5	0	0	22.7	10.0	10-Sep-24 06:15:45.940	
0	0	0	2	11	0	0	201	0	0	0	19.8	28.5	0	0	22.7	10.0	10-Sep-24 06:15:45.984	
0	0	0	3	12	0	0	205	0	0	0	19.8	28.5	0	0	22.7	10.0	10-Sep-24 06:15:46.028	
0	0	0	4	9	0	0	200	0	0	0	19.8	28.5	0	0	22.7	10.0	10-Sep-24 06:15:46.072	
0	0	0	1	15	0	0	193	0	0	0	19.8	28.5	0	0	22.7	10.0	10-Sep-24 06:15:46.116	
0	0	0	4	10	0	0	197	0	0	0	19.8	28.5	0	0	22.7	10.0	10-Sep-24 06:15:46.160	
0	0	0	2	5	0	0	219	0	0	0	19.8	28.5	0	0	22.7	10.0	10-Sep-24 06:15:46.206	
0	0	0	3	9	0	0	189	0	0	0	19.8	28.5	0	0	22.7	10.0	10-Sep-24 06:15:46.254	
0	0	0	4	12	0	0	161	0	0	0	19.8	28.5	0	0	22.7	10.0	10-Sep-24 06:15:46.300	
0	0	0	3	11	0	0	189	0	0	0	19.8	28.5	0	0	22.7	10.0	10-Sep-24 06:15:46.344	
0	0	0	2	10	0	0	161	0	0	0	19.8	28.5	0	0	22.7	10.0	10-Sep-24 06:15:46.388	
0	0	0	3	7	0	0	190	0	0	0	19.8	28.5	0	0	22.7	10.0	10-Sep-24 06:15:46.432	
0	0	0	2	9	0	0	194	0	0	0	19.8	28.5	0	0	22.7	10.0	10-Sep-24 06:15:46.476	
0	0	0	2	11	0	0	182	0	0	0	19.8	28.5	0	0	22.7	10.0	10-Sep-24 06:15:46.521	
0	0	0	2	7	0	0	189	0	0	0	19.8	28.5	0	0	22.7	10.0	10-Sep-24 06:15:46.564	
0	0	0	5	11	0	0	193	0	0	0	19.8	28.5	0	0	22.7	10.0	10-Sep-24 06:15:46.608	
0	0	0	2	10	0	0	182	0	0	0	19.8	28.5	0	0	22.7	10.0	10-Sep-24 06:15:46.652	
0	0	0	1	12	0	0	170	0	0	0	19.8	28.5	0	0	22.7	10.0	10-Sep-24 06:15:46.704	
0	0	0	3	7	0	0	202	0	0	0	19.8	28.5	0	0	22.7	10.0	10-Sep-24 06:15:46.748	
0	0	0	3	10	0	0	208	0	0	0	19.8	28.5	0	0	22.7	10.0	10-Sep-24 06:15:46.851	
0	0	0	1	12	0	0	193	0	0	0	19.8	28.5	0	0	22.7	10.0	10-Sep-24 06:15:46.896	
0	0	0	3	14	0	0	225	0	0	0	19.8	28.5	0	0	22.7	10.0	10-Sep-24 06:15:46.940	
0	0	0	1	16	0	0	183	0	0	0	19.8	28.5	0	0	22.7	10.0	10-Sep-24 06:15:46.984	
0	0	0	2	8	0	0	181	0	0	0	19.8	28.5	0	0	22.7	10.0	10-Sep-24 06:15:47.027	
0	0	0	2	15	0	0	183	0	0	0	19.8	28.5	0	0	22.7	10.0	10-Sep-24 06:15:47.072	
0	0	0	1	12	0	0	215	0	0	0	19.8	28.5	0	0	22.7	10.0	10-Sep-24 06:15:47.116	
0	0	0	2	7	0	0	194	0	0	0	19.8	28.5	0	0	22.7	10.0	10-Sep-24 06:15:47.158	
0	0	0	1	12	0	0	198	0	0	0	19.8	28.5	0	0	22.7	10.0	10-Sep-24 06:15:47.200	
0	0	0	1	8	0	0	195	0	0	0	19.8	28.5	0	0	22.7	10.0	10-Sep-24 06:15:47.244	
0	0	0	3	12	0	0	181	0	0	0	19.8	28.5	0	0	22.7	10.0	10-Sep-24 06:15:47.288	
0	0	0	2	9	0	0	180	0	0	0	19.8	28.5	0	0	22.7	10.0	10-Sep-24 06:15:47.332	
0	0	0	3	14	0	0	187	0	0	0	19.8	28.5	0	0	22.7	10.0	10-Sep-24 06:15:47.376	
0	0	0	1	15	0	0	199	0	0	0	19.8	28.5	0	0	22.7	10.0	10-Sep-24 06:15:47.420	
0	0	0	2	10	0	0	196	0	0	0	19.8	28.5	0	0	22.7	10.0	10-Sep-24 06:15:47.464	
0	0	0	1	10	0	0	201	0	0	0	19.8	28.5	0	0	22.7	10.0	10-Sep-24 06:15:47.508	
0	0	0	2	8	0	0	196	0	0	0	19.8	28.5	0	0	22.7	10.0	10-Sep-24 06:15:47.552	
0	0	0	2	11	0	0	201	0	0	0	19.8	28.5	0	0	22.7	10.0	10-Sep-24 06:15:47.597	
0	0	0	1	11	0	0	215	0	0	0	19.8	28.5	0	0	22.7	10.0	10-Sep-24 06:15:47.640	
0	0	0	1	9	0	0	216	0	0	0	19.8	28.5	0	0	22.7	10.0	10-Sep-24 06:15:47.691	
0	0	0	1	5	0	0	164	0	0	0	19.8	28.5	0	0	22.7	10.0	10-Sep-24 06:15:47.736	
0	0	0	3	10	0	0	177	0	0	0	19.8	28.5	0	0	22.7	10.0	10-Sep-24 06:15:47.780	
0	0	0	4	14	0	0	207	0	0	0	19.8	28.5	0	0	22.7	10.0	10-Sep-24 06:15:47.824	
0	0	0	2	10	0	0	170	0	0	0	19.8	28.5	0	0	22.7	10.0	10-Sep-24 06:15:47.917	
0	0	0	5	13	0	0	202	0	0	0	19.8	28.5	0	0	22.7	10.0	10-Sep-24 06:15:47.964	
0	0	0	2	13	0	0	206	0	0	0	19.8	28.5	0	0	22.7	10.0	10-Sep-24 06:15:48.008	
0	0	0	1	8	0	0	196	0	0	0	19.8	28.5	0	0	22.7	10.0	10-Sep-24 06:15:48.051	
0	0	0	4	11	0	0	197	0	0	0	19.8	28.5	0	0	22.7	10.0	10-Sep-24 06:15:48.096	
0	0	0	2	12	0	0	215	0	0	0	19.8	28.5	0	0	22.7	10.0	10-Sep-24 06:15:48.140	
0	0	0	3	14	0	0	192	0	0	0	19.8	28.5	0	0	22.7	10.0	10-Sep-24 06:15:48.184	
0	0	0	1	7	0	0	189	0	0	0	19.8	28.5	0	0	22.7	10.0	10-Sep-24 06:15:48.235	
0	0	0	3	8	0	0	203	0	0	0	19.8	28.5	0	0	22.7	10.0	10-Sep-24 06:15:48.280	
0	0	0	1	14	0	0	201	0	0	0	19.8	28.5	0	0	22.7	10.0	10-Sep-24 06:15:48.324	
0	0	0	3	12	0	0	196	0	0	0	19.8	28.5	0	0	22.7	10.0	10-Sep-24 06:15:48.368	
0	0	0	3	8	0	0	194	0	0	0	19.8	28.5	0	0	22.7	10.0	10-Sep-24 06:15:48.412	
0	0	0	1	7	0	0	184	0	0	0	19.8	28.5	0	0	22.7	10.0	10-Sep-24 06:15:48.456	
0	0	0	2	11	0	0	168	0	0	0	19.8	28.5	0	0	22.7	10.0	10-Sep-24 06:15:48.500	
0	0	0	1	5	0	0	207	0	0	0	19.8	28.5	0	0	22.7	10.0	10-Sep-24 06:15:48.544	
0	0	0	2	11	0	0	225	0	0	0	19.8	28.5	0	0	22.7	10.0	10-Sep-24 06:15:48.589	
0	0	0	3	14	0	0	188	0	0	0	19.8	28.5	0	0	22.7	10.0	10-Sep-24 06:15:48.633	
0	0	0	3	9	0	0	201	0	0	0	19.8	28.5	0	0	22.7	10.0	10-Sep-24 06:15:48.676	
0	0	0	2	18	0	0	187	0	0	0	19.8	28.5	0	0	22.7	10.0	10-Sep-24 06:15:48.721	
0	0	0	1	9	0	0	227	0	0	0	19.8	28.5	0	0	22.7	10.0	10-Sep-24 06:15:48.763	
0	0	0	2	11	0	0	209	0	0	0	19.8	28.5	0	0	22.7	10.0	10-Sep-24 06:15:48.808	
0	0	0	8	12	0	0	194	0	0	0	19.8	28.5	0	0	22.7	10.0	10-Sep-24 06:15:48.853	
0	0	0	2	13	0	0	196	0	0	0	19.8	28.5	0	0	22.7	10.0	10-Sep-24 06:15:48.896	
0	0	0	4	9	0	0	187	0	0	0	19.8	28.5	0	0	22.7	10.0	10-Sep-24 06:15:48.990	
0	0	0	3	13	0	0	175	0	0	0	19.8	28.5	0	0	22.7	10.0	10-Sep-24 06:15:49.036	
0	0	0	1	7	0	0	195	0	0	0	19.8	28.5	0	0	22.7	10.0	10-Sep-24 06:15:49.080	
0	0	0	3	10	0	0	210	0	0	0	19.8	28.5	0	0	22.7	10.0	10-Sep-24 06:15:49.124	
0	0	0	2	11	0	0	167	0	0	0	19.8	28.5	0	0	22.7	10.0	10-Sep-24 06:15:49.168	
0	0	0	2	13	0	0	200	0	0	0	19.8	28.5	0	0	22.7	10.0	10-Sep-24 06:15:49.213	
0	0	0	1	8	0	0	216	0	0	0	19.8	28.5	0	0	22.7	10.0	10-Sep-24 06:15:49.265	
0	0	0	1	11	0	0	211	0	0	0	19.8	28.5	0	0	22.7	10.0	10-Sep-24 06:15:49.308	
0	0	0	2	11	0	0	205	0	0	0	19.8	28.5	0	0	22.7	10.0	10-Sep-24 06:15:49.352	
0	0	0	3	9	0	0	216	0	0	0	19.8	28.5	0	0	22.7	10.0	10-Sep-24 06:15:49.396	
0	0	0	2	10	0	0	183	0	0	0	19.8	28.5	0	0	22.7	10.0	10-Sep-24 06:15:49.440	
0	0	0	3	9	0	0	217	0	0	0	19.8	28.5	0	0	22.7	10.0	10-Sep-24 06:15:49.484	
0	0	0	3	15	0	0	216	0	0	0	19.8	28.5	0	0	22.7	10.0	10-Sep-24 06:15:49.528	
0	0	0	2	6	0	0	199	0	0	0	19.8	28.5	0	0	22.7	10.0	10-Sep-24 06:15:49.572	
0	0	0	2	10	0	0	196	0	0	0	19.8	28.5	0	0	22.7	10.0	10-Sep-24 06:15:49.616	
0	0	0	2	10	0	0	171	0	0	0	19.8	28.5	0	0	22.7	10.0	10-Sep-24 06:15:49.660	
0	0	0	2	7	0	0	201	0	0	0	19.8	28.5	0	0	22.7	10.0	10-Sep-24 06:15:49.704	
0	0	0	2	18	0	0	185	0	0	0	19.8	28.5	0	0	22.7	10.0	10-Sep-24 06:15:49.756	
0	0	0	2	10	0	0	190	0	0	0	19.8	28.5	0	0	22.7	10.0	10-Sep-24 06:15:49.800	
0	0	0	3	4	0	0	185	0	0	0	19.8	28.5	0	0	22.7	10.0	10-Sep-24 06:15:49.844	
0	0	0	3	12	0	0	189	0	0	0	19.8	28.5	0	0	22.7	10.0	10-Sep-24 06:15:49.888	
0	0	0	2	7	0	0	204	0	0	0	19.8	28.5	0	0	22.7	10.0	10-Sep-24 06:15:49.932	
0	0	0	2	13	0	0	206	0	0	0	19.8	28.5	0	0	22.7	10.0	10-Sep-24 06:15:49.977	
0	0	0	2	7	0	0	206	0	0	0	19.8	28.5	0	0	22.7	10.0	10-Sep-24 06:15:50.070	
0	0	0	2	12	0	0	184	0	0	0	19.8	28.5	0	0	22.7	10.0	10-Sep-24 06:15:50.141	
0	0	0	2	13	0	0	202	0	0	0	19.8	28.5	0	0	22.7	10.0	10-Sep-24 06:15:50.225	
0	0	0	2	9	0	0	183	0	0	0	19.8	28.5	0	0	22.7	10.0	10-Sep-24 06:15:50.306	
0	0	0	2	9	0	0	211	0	0	0	19.8	28.5	0	0	22.7	10.0	10-Sep-24 06:15:50.352	
0	0	0	1	8	0	0	192	0	0	0	19.8	28.5	0	0	22.7	10.0	10-Sep-24 06:15:50.396	
0	0	0	5	7	0	0	188	0	0	0	19.8	28.5	0	0	22.7	10.0	10-Sep-24 06:15:50.440	
0	0	0	1	9	0	0	174	0	0	0	19.8	28.5	0	0	22.7	10.0	10-Sep-24 06:15:50.483	
0	0	0	3	8	0	0	189	0	0	0	19.8	28.5	0	0	22.7	10.0	10-Sep-24 06:15:50.527	
0	0	0	3	13	0	0	181	0	0	0	19.8	28.5	0	0	22.7	10.0	10-Sep-24 06:15:50.572	
0	0	0	3	12	0	0	221	0	0	0	19.8	28.5	0	0	22.7	10.0	10-Sep-24 06:15:50.616	
0	0	0	2	7	0	0	192	0	0	0	19.8	28.5	0	0	22.7	10.0	10-Sep-24 06:15:50.660	
0	0	0	3	13	0	0	194	0	0	0	19.8	28.5	0	0	22.7	10.0	10-Sep-24 06:15:50.704	
0	0	0	2	11	0	0	195	0	0	0	19.8	28.5	0	0	22.7	10.0	10-Sep-24 06:15:50.748	
0	0	0	1	9	0	0	177	0	0	0	19.8	28.5	0	0	22.7	10.0	10-Sep-24 06:15:50.798	
0	0	0	2	4	0	0	192	0	0	0	19.8	28.5	0	0	22.7	10.0	10-Sep-24 06:15:50.834	
0	0	0	2	7	0	0	207	0	0	0	19.8	28.5	0	0	22.7	10.0	10-Sep-24 06:15:50.880	
0	0	0	2	10	0	0	161	0	0	0	19.8	28.5	0	0	22.7	10.0	10-Sep-24 06:15:50.924	
0	0	0	2	10	0	0	211	0	0	0	19.8	28.5	0	0	22.7	10.0	10-Sep-24 06:15:50.968	
0	0	0	4	8	0	0	215	0	0	0	19.8	28.5	0	0	22.7	10.0	10-Sep-24 06:15:51.012	
0	0	0	2	11	0	0	217	0	0	0	19.8	28.5	0	0	22.7	10.0	10-Sep-24 06:15:51.056	
0	0	0	3	8	0	0	177	0	0	0	19.8	28.5	0	0	22.7	10.0	10-Sep-24 06:15:51.158	
0	0	0	3	5	0	0	223	0	0	0	19.8	28.5	0	0	22.7	10.0	10-Sep-24 06:15:51.204	
0	0	0	5	9	0	0	200	0	0	0	19.8	28.5	0	0	22.7	10.0	10-Sep-24 06:15:51.248	
0	0	0	1	11	0	0	185	0	0	0	19.8	28.5	0	0	22.7	10.0	10-Sep-24 06:15:51.300	
0	0	0	2	8	0	0	189	0	0	0	19.8	28.5	0	0	22.7	10.0	10-Sep-24 06:15:51.344	
0	0	0	4	6	0	0	186	0	0	0	19.8	28.5	0	0	22.7	10.0	10-Sep-24 06:15:51.388	
0	0	0	2	10	0	0	177	0	0	0	19.8	28.5	0	0	22.7	10.0	10-Sep-24 06:15:51.432	
0	0	0	3	6	0	0	198	0	0	0	19.8	28.5	0	0	22.7	10.0	10-Sep-24 06:15:51.476	
0	0	0	2	11	0	0	222	0	0	0	19.8	28.5	0	0	22.7	10.0	10-Sep-24 06:15:51.520	
0	0	0	2	7	0	0	219	0	0	0	19.8	28.5	0	0	22.7	10.0	10-Sep-24 06:15:51.564	
0	0	0	5	9	0	0	202	0	0	0	19.8	28.5	0	0	22.7	10.0	10-Sep-24 06:15:51.608	
0	0	0	1	7	0	0	188	0	0	0	19.8	28.5	0	0	22.7	10.0	10-Sep-24 06:15:51.652	
0	0	0	3	14	0	0	182	0	0	0	19.8	28.5	0	0	22.7	10.0	10-Sep-24 06:15:51.696	
0	0	0	1	10	0	0	187	0	0	0	19.8	28.5	0	0	22.7	10.0	10-Sep-24 06:15:51.740	
0	0	0	1	12	0	0	179	0	0	0	19.8	28.5	0	0	22.7	10.0	10-Sep-24 06:15:51.792	
0	0	0	2	13	0	0	197	0	0	0	19.8	28.5	0	0	22.7	10.0	10-Sep-24 06:15:51.836	
0	0	0	3	6	0	0	176	0	0	0	19.8	28.5	0	0	22.7	10.0	10-Sep-24 06:15:51.880	
0	0	0	2	10	0	0	179	0	0	0	19.8	28.5	0	0	22.7	10.0	10-Sep-24 06:15:51.924	
0	0	0	4	7	0	0	206	0	0	0	19.8	28.5	0	0	22.7	10.0	10-Sep-24 06:15:51.968	
0	0	0	3	5	0	0	210	0	0	0	19.8	28.5	0	0	22.7	10.0	10-Sep-24 06:15:52.011	
0	0	0	2	13	0	0	203	0	0	0	19.8	28.5	0	0	22.7	10.0	10-Sep-24 06:15:52.056	
0	0	0	3	8	0	0	193	0	0	0	19.8	28.5	0	0	22.7	10.0	10-Sep-24 06:15:52.100	
0	0	0	1	12	0	0	192	0	0	0	19.8	28.5	0	0	22.7	10.0	10-Sep-24 06:15:52.144	
0	0	0	3	9	0	0	206	0	0	0	19.8	28.5	0	0	22.7	10.0	10-Sep-24 06:15:52.236	
0	0	0	5	8	0	0	211	0	0	0	19.8	28.5	0	0	22.7	10.0	10-Sep-24 06:15:52.279	
0	0	0	2	10	0	0	212	0	0	0	19.8	28.5	0	0	22.7	10.0	10-Sep-24 06:15:52.332	
0	0	0	1	8	0	0	205	0	0	0	19.8	28.5	0	0	22.7	10.0	10-Sep-24 06:15:52.375	
0	0	0	3	10	0	0	205	0	0	0	19.8	28.5	0	0	22.7	10.0	10-Sep-24 06:15:52.420	
0	0	0	4	15	0	0	206	0	0	0	19.8	28.5	0	0	22.7	10.0	10-Sep-24 06:15:52.464	
0	0	0	2	12	0	0	204	0	0	0	19.8	28.5	0	0	22.7	10.0	10-Sep-24 06:15:52.507	
0	0	0	5	12	0	0	178	0	0	0	19.8	28.5	0	0	22.7	10.0	10-Sep-24 06:15:52.552	
0	0	0	1	8	0	0	217	0	0	0	19.8	28.5	0	0	22.7	10.0	10-Sep-24 06:15:52.595	
0	0	0	2	11	0	0	220	0	0	0	19.8	28.5	0	0	22.7	10.0	10-Sep-24 06:15:52.640	
0	0	0	1	8	0	0	195	0	0	0	19.8	28.5	0	0	22.7	10.0	10-Sep-24 06:15:52.684	
0	0	0	1	10	0	0	205	0	0	0	19.8	28.5	0	0	22.7	10.0	10-Sep-24 06:15:52.728	
0	0	0	2	20	0	0	168	0	0	0	19.8	28.5	0	0	22.7	10.0	10-Sep-24 06:15:52.772	
0	0	0	2	11	0	0	186	0	0	0	19.8	28.5	0	0	22.7	10.0	10-Sep-24 06:15:52.824	
0	0	0	2	10	0	0	212	0	0	0	19.8	28.5	0	0	22.7	10.0	10-Sep-24 06:15:52.868	
0	0	0	3	12	0	0	217	0	0	0	19.8	28.5	0	0	22.7	10.0	10-Sep-24 06:15:52.912	
0	0	0	3	12	0	0	208	0	0	0	19.8	28.5	0	0	22.7	10.0	10-Sep-24 06:15:52.956	
0	0	0	3	8	0	0	185	0	0	0	19.8	28.5	0	0	22.7	10.0	10-Sep-24 06:15:53.000	
0	0	0	1	11	0	0	223	0	0	0	19.8	28.5	0	0	22.7	10.0	10-Sep-24 06:15:53.044	
0	0	0	2	10	0	0	207	0	0	0	19.8	28.5	0	0	22.7	10.0	10-Sep-24 06:15:53.088	
0	0	0	3	5	0	0	187	0	0	0	19.8	28.5	0	0	22.7	10.0	10-Sep-24 06:15:53.132	
0	0	0	2	7	0	0	213	0	0	0	19.8	28.5	0	0	22.7	10.0	10-Sep-24 06:15:53.176	
0	0	0	2	6	0	0	202	0	0	0	19.8	28.5	0	0	22.7	10.0	10-Sep-24 06:15:53.219	
0	0	0	3	9	0	0	223	0	0	0	19.8	28.5	0	0	22.7	10.0	10-Sep-24 06:15:53.323	
0	0	0	1	7	0	0	221	0	0	0	19.8	28.5	0	0	22.7	10.0	10-Sep-24 06:15:53.368	
0	0	0	4	6	0	0	213	0	0	0	19.8	28.5	0	0	22.7	10.0	10-Sep-24 06:15:53.412	
0	0	0	1	8	0	0	190	0	0	0	19.8	28.5	0	0	22.7	10.0	10-Sep-24 06:15:53.456	
0	0	0	1	8	0	0	220	0	0	0	19.8	28.5	0	0	22.7	10.0	10-Sep-24 06:15:53.500	
0	0	0	3	9	0	0	212	0	0	0	19.8	28.5	0	0	22.7	10.0	10-Sep-24 06:15:53.543	
0	0	0	2	9	0	0	191	0	0	0	19.8	28.5	0	0	22.7	10.0	10-Sep-24 06:15:53.587	
0	0	0	4	12	0	0	188	0	0	0	19.8	28.5	0	0	22.7	10.0	10-Sep-24 06:15:53.632	
0	0	0	2	10	0	0	201	0	0	0	19.8	28.5	0	0	22.7	10.0	10-Sep-24 06:15:53.676	
0	0	0	3	13	0	0	209	0	0	0	19.8	28.5	0	0	22.7	10.0	10-Sep-24 06:15:53.720	
0	0	0	3	15	0	0	181	0	0	0	19.8	28.5	0	0	22.7	10.0	10-Sep-24 06:15:53.764	
0	0	0	2	10	0	0	183	0	0	0	19.8	28.5	0	0	22.7	10.0	10-Sep-24 06:15:53.808	
0	0	0	2	17	0	0	222	0	0	0	19.8	28.5	0	0	22.7	10.0	10-Sep-24 06:15:53.859	
0	0	0	2	9	0	0	212	0	0	0	19.8	28.5	0	0	22.7	10.0	10-Sep-24 06:15:53.904	
0	0	0	4	7	0	0	205	0	0	0	19.8	28.5	0	0	22.7	10.0	10-Sep-24 06:15:53.947	
0	0	0	1	12	0	0	181	0	0	0	19.8	28.5	0	0	22.7	10.0	10-Sep-24 06:15:53.992	
0	0	0	1	11	0	0	173	0	0	0	19.8	28.5	0	0	22.7	10.0	10-Sep-24 06:15:54.036	
0	0	0	2	15	0	0	182	0	0	0	19.8	28.5	0	0	22.7	10.0	10-Sep-24 06:15:54.080	
0	0	0	1	8	0	0	184	0	0	0	19.8	28.5	0	0	22.7	10.0	10-Sep-24 06:15:54.124	
0	0	0	1	10	0	0	216	0	0	0	19.8	28.5	0	0	22.7	10.0	10-Sep-24 06:15:54.168	
0	0	0	2	9	0	0	189	0	0	0	19.8	28.5	0	0	22.7	10.0	10-Sep-24 06:15:54.211	
0	0	0	3	8	0	0	195	0	0	0	19.8	28.5	0	0	22.7	10.0	10-Sep-24 06:15:54.255	
0	0	0	1	8	0	0	204	0	0	0	19.8	28.5	0	0	22.7	10.0	10-Sep-24 06:15:54.300	
0	0	0	3	8	0	0	204	0	0	0	19.8	28.5	0	0	22.7	10.0	10-Sep-24 06:15:54.403	
0	0	0	3	9	0	0	196	0	0	0	19.8	28.5	0	0	22.7	10.0	10-Sep-24 06:15:54.455	
0	0	0	2	10	0	0	179	0	0	0	19.8	28.5	0	0	22.7	10.0	10-Sep-24 06:15:54.500	
0	0	0	1	7	0	0	215	0	0	0	19.8	28.5	0	0	22.7	10.0	10-Sep-24 06:15:54.544	
0	0	0	5	11	0	0	214	0	0	0	19.8	28.5	0	0	22.7	10.0	10-Sep-24 06:15:54.588	
0	0	0	2	8	0	0	211	0	0	0	19.8	28.5	0	0	22.7	10.0	10-Sep-24 06:15:54.632	
0	0	0	3	11	0	0	211	0	0	0	19.8	28.5	0	0	22.7	10.0	10-Sep-24 06:15:54.676	
0	0	0	3	9	0	0	190	0	0	0	19.8	28.5	0	0	22.7	10.0	10-Sep-24 06:15:54.719	
0	0	0	2	6	0	0	195	0	0	0	19.8	28.5	0	0	22.7	10.0	10-Sep-24 06:15:54.764	
0	0	0	4	8	0	0	207	0	0	0	19.8	28.5	0	0	22.7	10.0	10-Sep-24 06:15:54.808	
0	0	0	4	12	0	0	203	0	0	0	19.8	28.5	0	0	22.7	10.0	10-Sep-24 06:15:54.858	
0	0	0	3	12	0	0	209	0	0	0	19.8	28.5	0	0	22.7	10.0	10-Sep-24 06:15:54.905	
0	0	0	2	14	0	0	214	0	0	0	19.8	28.5	0	0	22.7	10.0	10-Sep-24 06:15:54.948	
0	0	0	2	12	0	0	204	0	0	0	19.8	28.5	0	0	22.7	10.0	10-Sep-24 06:15:54.991	
0	0	0	4	17	0	0	223	0	0	0	19.8	28.5	0	0	22.7	10.0	10-Sep-24 06:15:55.035	
0	0	0	3	13	0	0	174	0	0	0	19.8	28.5	0	0	22.7	10.0	10-Sep-24 06:15:55.080	
0	0	0	1	9	0	0	195	0	0	0	19.8	28.5	0	0	22.7	10.0	10-Sep-24 06:15:55.123	
0	0	0	4	10	0	0	194	0	0	0	19.8	28.5	0	0	22.7	10.0	10-Sep-24 06:15:55.168	
0	0	0	2	4	0	0	216	0	0	0	19.8	28.5	0	0	22.7	10.0	10-Sep-24 06:15:55.212	
0	0	0	1	8	0	0	181	0	0	0	19.8	28.5	0	0	22.7	10.0	10-Sep-24 06:15:55.255	
0	0	0	3	9	0	0	200	0	0	0	19.8	28.5	0	0	22.7	10.0	10-Sep-24 06:15:55.300	
0	0	0	2	13	0	0	211	0	0	0	19.8	28.5	0	0	22.7	10.0	10-Sep-24 06:15:55.380	
0	0	0	1	12	0	0	207	0	0	0	19.8	28.5	0	0	22.7	10.0	10-Sep-24 06:15:55.540	
0	0	0	5	8	0	0	187	0	0	0	19.8	28.5	0	0	22.7	10.0	10-Sep-24 06:15:55.589	
0	0	0	3	10	0	0	180	0	0	0	19.8	28.5	0	0	22.7	10.0	10-Sep-24 06:15:55.633	
0	0	0	2	8	0	0	197	0	0	0	19.8	28.5	0	0	22.7	10.0	10-Sep-24 06:15:55.676	
0	0	0	2	11	0	0	175	0	0	0	19.8	28.5	0	0	22.7	10.0	10-Sep-24 06:15:55.720	
0	0	0	1	18	0	0	192	0	0	0	19.8	28.5	0	0	22.7	10.0	10-Sep-24 06:15:55.764	
0	0	0	4	13	0	0	196	0	0	0	19.8	28.5	0	0	22.7	10.0	10-Sep-24 06:15:55.808	
0	0	0	2	6	0	0	176	0	0	0	19.8	28.5	0	0	22.7	10.0	10-Sep-24 06:15:55.852	
0	0	0	4	10	0	0	189	0	0	0	19.8	28.5	0	0	22.7	10.0	10-Sep-24 06:15:55.890	
0	0	0	5	8	0	0	205	0	0	0	19.8	28.5	0	0	22.7	10.0	10-Sep-24 06:15:55.939	
0	0	0	4	8	0	0	189	0	0	0	19.8	28.5	0	0	22.7	10.0	10-Sep-24 06:15:55.984	
0	0	0	3	10	0	0	210	0	0	0	19.8	28.5	0	0	22.7	10.0	10-Sep-24 06:15:56.028	
0	0	0	4	5	0	0	200	0	0	0	19.8	28.5	0	0	22.7	10.0	10-Sep-24 06:15:56.071	
0	0	0	1	7	0	0	195	0	0	0	19.8	28.5	0	0	22.7	10.0	10-Sep-24 06:15:56.116	
0	0	0	2	11	0	0	211	0	0	0	19.8	28.5	0	0	22.7	10.0	10-Sep-24 06:15:56.160	
0	0	0	3	9	0	0	217	0	0	0	19.8	28.5	0	0	22.7	10.0	10-Sep-24 06:15:56.203	
0	0	0	2	11	0	0	224	0	0	0	19.8	28.5	0	0	22.7	10.0	10-Sep-24 06:15:56.248	
0	0	0	2	11	0	0	201	0	0	0	19.8	28.5	0	0	22.7	10.0	10-Sep-24 06:15:56.291	
0	0	0	2	11	0	0	194	0	0	0	19.8	28.5	0	0	22.7	10.0	10-Sep-24 06:15:56.336	
0	0	0	4	6	0	0	206	0	0	0	19.8	28.5	0	0	22.7	10.0	10-Sep-24 06:15:56.387	
0	0	0	4	6	0	0	188	0	0	0	19.8	28.5	0	0	22.7	10.0	10-Sep-24 06:15:56.429	
0	0	0	1	9	0	0	192	0	0	0	19.8	28.5	0	0	22.7	10.0	10-Sep-24 06:15:56.472	
0	0	0	1	10	0	0	223	0	0	0	19.8	28.5	0	0	22.7	10.0	10-Sep-24 06:15:56.516	
0	0	0	1	12	0	0	187	0	0	0	19.8	28.5	0	0	22.7	10.0	10-Sep-24 06:15:56.608	
0	0	0	2	11	0	0	187	0	0	0	19.8	28.5	0	0	22.7	10.0	10-Sep-24 06:15:56.648	
0	0	0	1	12	0	0	185	0	0	0	19.8	28.5	0	0	22.7	10.0	10-Sep-24 06:15:56.692	
0	0	0	2	11	0	0	197	0	0	0	19.8	28.5	0	0	22.7	10.0	10-Sep-24 06:15:56.736	
0	0	0	1	11	0	0	185	0	0	0	19.8	28.5	0	0	22.7	10.0	10-Sep-24 06:15:56.780	
0	0	0	2	18	0	0	182	0	0	0	19.8	28.5	0	0	22.7	10.0	10-Sep-24 06:15:56.824	
0	0	0	2	9	0	0	223	0	0	0	19.8	28.5	0	0	22.7	10.0	10-Sep-24 06:15:56.868	
0	0	0	3	12	0	0	191	0	0	0	19.8	28.5	0	0	22.7	10.0	10-Sep-24 06:15:56.920	
0	0	0	3	13	0	0	173	0	0	0	19.8	28.5	0	0	22.7	10.0	10-Sep-24 06:15:56.965	
0	0	0	3	10	0	0	201	0	0	0	19.8	28.5	0	0	22.7	10.0	10-Sep-24 06:15:57.008	
0	0	0	2	10	0	0	201	0	0	0	19.8	28.5	0	0	22.7	10.0	10-Sep-24 06:15:57.052	
0	0	0	2	7	0	0	196	0	0	0	19.8	28.5	0	0	22.7	10.0	10-Sep-24 06:15:57.096	
0	0	0	2	11	0	0	206	0	0	0	19.8	28.5	0	0	22.7	10.0	10-Sep-24 06:15:57.140	
0	0	0	1	11	0	0	212	0	0	0	19.8	28.5	0	0	22.7	10.0	10-Sep-24 06:15:57.184	
0	0	0	3	13	0	0	206	0	0	0	19.8	28.5	0	0	22.7	10.0	10-Sep-24 06:15:57.227	
0	0	0	2	10	0	0	196	0	0	0	19.8	28.5	0	0	22.7	10.0	10-Sep-24 06:15:57.272	
0	0	0	5	7	0	0	187	0	0	0	19.8	28.5	0	0	22.7	10.0	10-Sep-24 06:15:57.316	
0	0	0	2	11	0	0	216	0	0	0	19.8	28.5	0	0	22.7	10.0	10-Sep-24 06:15:57.360	
0	0	0	1	10	0	0	218	0	0	0	19.8	28.5	0	0	22.7	10.0	10-Sep-24 06:15:57.410	
0	0	0	3	6	0	0	190	0	0	0	19.8	28.5	0	0	22.7	10.0	10-Sep-24 06:15:57.456	
0	0	0	3	13	0	0	172	0	0	0	19.8	28.5	0	0	22.7	10.0	10-Sep-24 06:15:57.500	
0	0	0	2	8	0	0	191	0	0	0	19.8	28.5	0	0	22.7	10.0	10-Sep-24 06:15:57.543	
0	0	0	4	6	0	0	194	0	0	0	19.8	28.5	0	0	22.7	10.0	10-Sep-24 06:15:57.588	
0	0	0	3	10	0	0	200	0	0	0	19.8	28.5	0	0	22.7	10.0	10-Sep-24 06:15:57.689	
0	0	0	4	11	0	0	193	0	0	0	19.8	28.5	0	0	22.7	10.0	10-Sep-24 06:15:57.736	
0	0	0	3	4	0	0	169	0	0	0	19.8	28.5	0	0	22.7	10.0	10-Sep-24 06:15:57.780	
0	0	0	2	9	0	0	200	0	0	0	19.8	28.5	0	0	22.7	10.0	10-Sep-24 06:15:57.823	
0	0	0	4	5	0	0	192	0	0	0	19.8	28.5	0	0	22.7	10.0	10-Sep-24 06:15:57.859	
0	0	0	5	7	0	0	226	0	0	0	19.8	28.5	0	0	22.7	10.0	10-Sep-24 06:15:57.904	
0	0	0	4	8	0	0	216	0	0	0	19.8	28.5	0	0	22.7	10.0	10-Sep-24 06:15:57.953	
0	0	0	2	8	0	0	201	0	0	0	19.8	28.5	0	0	22.7	10.0	10-Sep-24 06:15:57.999	
0	0	0	2	8	0	0	214	0	0	0	19.8	28.5	0	0	22.7	10.0	10-Sep-24 06:15:58.043	
0	0	0	3	14	0	0	201	0	0	0	19.8	28.5	0	0	22.7	10.0	10-Sep-24 06:15:58.087	
0	0	0	3	13	0	0	213	0	0	0	19.8	28.5	0	0	22.7	10.0	10-Sep-24 06:15:58.124	
0	0	0	3	8	0	0	182	0	0	0	19.8	28.5	0	0	22.7	10.0	10-Sep-24 06:15:58.168	
0	0	0	3	7	0	0	205	0	0	0	19.8	28.5	0	0	22.7	10.0	10-Sep-24 06:15:58.212	
0	0	0	3	11	0	0	202	0	0	0	19.8	28.5	0	0	22.7	10.0	10-Sep-24 06:15:58.256	
0	0	0	2	12	0	0	202	0	0	0	19.8	28.5	0	0	22.7	10.0	10-Sep-24 06:15:58.300	
0	0	0	1	9	0	0	198	0	0	0	19.8	28.5	0	0	22.7	10.0	10-Sep-24 06:15:58.343	
0	0	0	1	16	0	0	181	0	0	0	19.8	28.5	0	0	22.7	10.0	10-Sep-24 06:15:58.388	
0	0	0	3	15	0	0	201	0	0	0	19.8	28.5	0	0	22.7	10.0	10-Sep-24 06:15:58.440	
0	0	0	2	8	0	0	197	0	0	0	19.8	28.5	0	0	22.7	10.0	10-Sep-24 06:15:58.484	
0	0	0	3	11	0	0	203	0	0	0	19.8	28.5	0	0	22.7	10.0	10-Sep-24 06:15:58.528	
0	0	0	1	17	0	0	212	0	0	0	19.8	28.5	0	0	22.7	10.0	10-Sep-24 06:15:58.572	
0	0	0	3	12	0	0	184	0	0	0	19.8	28.5	0	0	22.7	10.0	10-Sep-24 06:15:58.616	
0	0	0	3	14	0	0	203	0	0	0	19.8	28.5	0	0	22.7	10.0	10-Sep-24 06:15:58.660	
0	0	0	2	11	0	0	183	0	0	0	19.8	28.5	0	0	22.7	10.0	10-Sep-24 06:15:58.762	
0	0	0	1	13	0	0	203	0	0	0	19.8	28.5	0	0	22.7	10.0	10-Sep-24 06:15:58.808	
0	0	0	2	7	0	0	168	0	0	0	19.8	28.5	0	0	22.7	10.0	10-Sep-24 06:15:58.852	
0	0	0	5	12	0	0	190	0	0	0	19.8	28.5	0	0	22.7	10.0	10-Sep-24 06:15:58.895	
0	0	0	4	10	0	0	202	0	0	0	19.8	28.5	0	0	22.7	10.0	10-Sep-24 06:15:58.940	
0	0	0	4	15	0	0	180	0	0	0	19.8	28.5	0	0	22.7	10.0	10-Sep-24 06:15:58.982	
0	0	0	1	18	0	0	219	0	0	0	19.8	28.5	0	0	22.7	10.0	10-Sep-24 06:15:59.024	
0	0	0	4	11	0	0	186	0	0	0	19.8	28.5	0	0	22.7	10.0	10-Sep-24 06:15:59.068	
0	0	0	2	10	0	0	179	0	0	0	19.8	28.5	0	0	22.7	10.0	10-Sep-24 06:15:59.112	
0	0	0	1	13	0	0	225	0	0	0	19.8	28.5	0	0	22.7	10.0	10-Sep-24 06:15:59.156	
0	0	0	3	7	0	0	218	0	0	0	19.8	28.5	0	0	22.7	10.0	10-Sep-24 06:15:59.200	
0	0	0	2	7	0	0	225	0	0	0	19.8	28.5	0	0	22.7	10.0	10-Sep-24 06:15:59.244	
0	0	0	4	7	0	0	180	0	0	0	19.8	28.5	0	0	22.7	10.0	10-Sep-24 06:15:59.287	
0	0	0	3	12	0	0	185	0	0	0	19.8	28.5	0	0	22.7	10.0	10-Sep-24 06:15:59.332	
0	0	0	2	11	0	0	199	0	0	0	19.8	28.5	0	0	22.7	10.0	10-Sep-24 06:15:59.376	
0	0	0	4	9	0	0	210	0	0	0	19.8	28.5	0	0	22.7	10.0	10-Sep-24 06:15:59.420	
0	0	0	4	12	0	0	191	0	0	0	19.8	28.5	0	0	22.7	10.0	10-Sep-24 06:15:59.471	
0	0	0	2	4	0	0	210	0	0	0	19.8	28.5	0	0	22.7	10.0	10-Sep-24 06:15:59.515	
0	0	0	2	14	0	0	219	0	0	0	19.8	28.5	0	0	22.7	10.0	10-Sep-24 06:15:59.560	
0	0	0	2	14	0	0	187	0	0	0	19.8	28.5	0	0	22.7	10.0	10-Sep-24 06:15:59.603	
0	0	0	2	10	0	0	198	0	0	0	19.8	28.5	0	0	22.7	10.0	10-Sep-24 06:15:59.648	
0	0	0	1	17	0	0	200	0	0	0	19.8	28.5	0	0	22.7	10.0	10-Sep-24 06:15:59.692	
0	0	0	1	13	0	0	215	0	0	0	19.8	28.5	0	0	22.7	10.0	10-Sep-24 06:15:59.735	
0	0	0	1	10	0	0	196	0	0	0	19.8	28.5	0	0	22.7	10.0	10-Sep-24 06:15:59.827	
0	0	0	5	10	0	0	181	0	0	0	19.8	28.5	0	0	22.7	10.0	10-Sep-24 06:15:59.872	
0	0	0	4	11	0	0	181	0	0	0	19.8	28.5	0	0	22.7	10.0	10-Sep-24 06:15:59.917	
0	0	0	2	9	0	0	190	0	0	0	19.8	28.5	0	0	22.7	10.0	10-Sep-24 06:15:59.961	
0	0	0	2	13	0	0	198	0	0	0	19.8	28.5	0	0	22.7	10.0	10-Sep-24 06:16:00.001	
0	0	0	3	8	0	0	207	0	0	0	19.8	28.5	0	0	22.7	10.0	10-Sep-24 06:16:00.044	
0	0	0	5	8	0	0	186	0	0	0	19.8	28.5	0	0	22.7	10.0	10-Sep-24 06:16:00.087	
0	0	0	2	10	0	0	203	0	0	0	19.8	28.5	0	0	22.7	10.0	10-Sep-24 06:16:00.132	
0	0	0	2	8	0	0	168	0	0	0	19.8	28.5	0	0	22.7	10.0	10-Sep-24 06:16:00.175	
0	0	0	3	9	0	0	175	0	0	0	19.8	28.5	0	0	22.7	10.0	10-Sep-24 06:16:00.221	
0	0	0	3	7	0	0	187	0	0	0	19.8	28.5	0	0	22.7	10.0	10-Sep-24 06:16:00.264	
0	0	0	1	11	0	0	207	0	0	0	19.8	28.5	0	0	22.7	10.0	10-Sep-24 06:16:00.308	
0	0	0	2	9	0	0	209	0	0	0	19.8	28.5	0	0	22.7	10.0	10-Sep-24 06:16:00.351	
0	0	0	2	13	0	0	183	0	0	0	19.8	28.5	0	0	22.7	10.0	10-Sep-24 06:16:00.396	
0	0	0	2	8	0	0	199	0	0	0	19.8	28.5	0	0	22.7	10.0	10-Sep-24 06:16:00.440	
0	0	0	2	11	0	0	222	0	0	0	19.8	28.5	0	0	22.7	10.0	10-Sep-24 06:16:00.492	
0	0	0	2	5	0	0	210	0	0	0	19.8	28.5	0	0	22.7	10.0	10-Sep-24 06:16:00.568	
0	0	0	2	13	0	0	186	0	0	0	19.8	28.5	0	0	22.7	10.0	10-Sep-24 06:16:00.662	
0	0	0	2	12	0	0	213	0	0	0	19.8	28.5	0	0	22.7	10.0	10-Sep-24 06:16:00.718	
0	0	0	2	7	0	0	211	0	0	0	19.8	28.5	0	0	22.7	10.0	10-Sep-24 06:16:00.771	
0	0	0	1	15	0	0	194	0	0	0	19.8	28.5	0	0	22.7	10.0	10-Sep-24 06:16:00.816	
0	0	0	3	13	0	0	203	0	0	0	19.8	28.5	0	0	22.7	10.0	10-Sep-24 06:16:00.919	
0	0	0	4	11	0	0	194	0	0	0	19.8	28.5	0	0	22.7	10.0	10-Sep-24 06:16:00.964	
0	0	0	2	13	0	0	232	0	0	0	19.8	28.5	0	0	22.7	10.0	10-Sep-24 06:16:01.015	
0	0	0	2	10	0	0	204	0	0	0	19.8	28.5	0	0	22.7	10.0	10-Sep-24 06:16:01.061	
0	0	0	1	13	0	0	175	0	0	0	19.8	28.5	0	0	22.7	10.0	10-Sep-24 06:16:01.104	
0	0	0	2	13	0	0	197	0	0	0	19.8	28.5	0	0	22.7	10.0	10-Sep-24 06:16:01.148	
0	0	0	1	15	0	0	215	0	0	0	19.8	28.5	0	0	22.7	10.0	10-Sep-24 06:16:01.192	
0	0	0	1	10	0	0	194	0	0	0	19.8	28.5	0	0	22.7	10.0	10-Sep-24 06:16:01.236	
0	0	0	2	10	0	0	197	0	0	0	19.8	28.5	0	0	22.7	10.0	10-Sep-24 06:16:01.280	
