C1	C2	C3	C4	C5	C6	C7	C8	BC1	BC2	BC3	BC4	BC5	BC6	BC7	BC8	IT	T

0	0	0	1	11	0	0	175	0	0	0	19.8	28.5	0	0	22.7	10.0	10-Sep-24 06:00:32.155	
0	0	0	2	8	0	0	170	0	0	0	19.8	28.5	0	0	22.7	10.0	10-Sep-24 06:00:32.203	
0	0	0	2	7	0	0	174	0	0	0	19.8	28.5	0	0	22.7	10.0	10-Sep-24 06:00:32.249	
0	0	0	1	12	0	0	182	0	0	0	19.8	28.5	0	0	22.7	10.0	10-Sep-24 06:00:32.292	
0	0	0	1	8	0	0	170	0	0	0	19.8	28.5	0	0	22.7	10.0	10-Sep-24 06:00:32.335	
0	0	0	2	10	0	0	177	0	0	0	19.8	28.5	0	0	22.7	10.0	10-Sep-24 06:00:32.439	
0	0	0	1	7	0	0	167	0	0	0	19.8	28.5	0	0	22.7	10.0	10-Sep-24 06:00:32.483	
0	0	0	1	11	0	0	152	0	0	0	19.8	28.5	0	0	22.7	10.0	10-Sep-24 06:00:32.528	
0	0	0	1	6	0	0	152	0	0	0	19.8	28.5	0	0	22.7	10.0	10-Sep-24 06:00:32.572	
0	0	0	2	7	0	0	158	0	0	0	19.8	28.5	0	0	22.7	10.0	10-Sep-24 06:00:32.616	
0	0	0	2	5	0	0	168	0	0	0	19.8	28.5	0	0	22.7	10.0	10-Sep-24 06:00:32.667	
0	0	0	3	7	0	0	173	0	0	0	19.8	28.5	0	0	22.7	10.0	10-Sep-24 06:00:32.710	
0	0	0	2	8	0	0	172	0	0	0	19.8	28.5	0	0	22.7	10.0	10-Sep-24 06:00:32.751	
0	0	0	2	9	0	0	190	0	0	0	19.8	28.5	0	0	22.7	10.0	10-Sep-24 06:00:32.796	
0	0	0	2	8	0	0	162	0	0	0	19.8	28.5	0	0	22.7	10.0	10-Sep-24 06:00:32.840	
0	0	0	3	8	0	0	159	0	0	0	19.8	28.5	0	0	22.7	10.0	10-Sep-24 06:00:32.883	
0	0	0	2	15	0	0	198	0	0	0	19.8	28.5	0	0	22.7	10.0	10-Sep-24 06:00:32.928	
0	0	0	1	7	0	0	152	0	0	0	19.8	28.5	0	0	22.7	10.0	10-Sep-24 06:00:32.972	
0	0	0	3	12	0	0	170	0	0	0	19.8	28.5	0	0	22.7	10.0	10-Sep-24 06:00:33.016	
0	0	0	2	7	0	0	172	0	0	0	19.8	28.5	0	0	22.7	10.0	10-Sep-24 06:00:33.060	
0	0	0	1	7	0	0	178	0	0	0	19.8	28.5	0	0	22.7	10.0	10-Sep-24 06:00:33.103	
0	0	0	2	13	0	0	168	0	0	0	19.8	28.5	0	0	22.7	10.0	10-Sep-24 06:00:33.148	
0	0	0	2	13	0	0	160	0	0	0	19.8	28.5	0	0	22.7	10.0	10-Sep-24 06:00:33.201	
0	0	0	1	12	0	0	168	0	0	0	19.8	28.5	0	0	22.7	10.0	10-Sep-24 06:00:33.244	
0	0	0	1	8	0	0	139	0	0	0	19.8	28.5	0	0	22.7	10.0	10-Sep-24 06:00:33.287	
0	0	0	1	10	0	0	178	0	0	0	19.8	28.5	0	0	22.7	10.0	10-Sep-24 06:00:33.332	
0	0	0	2	16	0	0	155	0	0	0	19.8	28.5	0	0	22.7	10.0	10-Sep-24 06:00:33.376	
0	0	0	2	7	0	0	182	0	0	0	19.8	28.5	0	0	22.7	10.0	10-Sep-24 06:00:33.420	
0	0	0	2	11	0	0	171	0	0	0	19.8	28.5	0	0	22.7	10.0	10-Sep-24 06:00:33.512	
0	0	0	1	7	0	0	140	0	0	0	19.8	28.5	0	0	22.7	10.0	10-Sep-24 06:00:33.555	
0	0	0	1	6	0	0	183	0	0	0	19.8	28.5	0	0	22.7	10.0	10-Sep-24 06:00:33.600	
0	0	0	1	9	0	0	152	0	0	0	19.8	28.5	0	0	22.7	10.0	10-Sep-24 06:00:33.644	
0	0	0	1	8	0	0	170	0	0	0	19.8	28.5	0	0	22.7	10.0	10-Sep-24 06:00:33.693	
0	0	0	3	10	0	0	160	0	0	0	19.8	28.5	0	0	22.7	10.0	10-Sep-24 06:00:33.740	
0	0	0	2	8	0	0	166	0	0	0	19.8	28.5	0	0	22.7	10.0	10-Sep-24 06:00:33.784	
0	0	0	2	7	0	0	163	0	0	0	19.8	28.5	0	0	22.7	10.0	10-Sep-24 06:00:33.828	
0	0	0	4	10	0	0	164	0	0	0	19.8	28.5	0	0	22.7	10.0	10-Sep-24 06:00:33.872	
0	0	0	2	8	0	0	179	0	0	0	19.8	28.5	0	0	22.7	10.0	10-Sep-24 06:00:33.915	
0	0	0	1	10	0	0	179	0	0	0	19.8	28.5	0	0	22.7	10.0	10-Sep-24 06:00:33.960	
0	0	0	1	12	0	0	167	0	0	0	19.8	28.5	0	0	22.7	10.0	10-Sep-24 06:00:34.037	
0	0	0	2	6	0	0	152	0	0	0	19.8	28.5	0	0	22.7	10.0	10-Sep-24 06:00:34.121	
0	0	0	2	6	0	0	145	0	0	0	19.8	28.5	0	0	22.7	10.0	10-Sep-24 06:00:34.185	
0	0	0	1	8	0	0	183	0	0	0	19.8	28.5	0	0	22.7	10.0	10-Sep-24 06:00:34.236	
0	0	0	2	3	0	0	179	0	0	0	19.8	28.5	0	0	22.7	10.0	10-Sep-24 06:00:34.282	
0	0	0	3	9	0	0	167	0	0	0	19.8	28.5	0	0	22.7	10.0	10-Sep-24 06:00:34.328	
0	0	0	3	13	0	0	156	0	0	0	19.8	28.5	0	0	22.7	10.0	10-Sep-24 06:00:34.372	
0	0	0	3	15	0	0	147	0	0	0	19.8	28.5	0	0	22.7	10.0	10-Sep-24 06:00:34.416	
0	0	0	1	15	0	0	168	0	0	0	19.8	28.5	0	0	22.7	10.0	10-Sep-24 06:00:34.460	
0	0	0	1	10	0	0	158	0	0	0	19.8	28.5	0	0	22.7	10.0	10-Sep-24 06:00:34.553	
0	0	0	1	9	0	0	186	0	0	0	19.8	28.5	0	0	22.7	10.0	10-Sep-24 06:00:34.599	
0	0	0	2	11	0	0	168	0	0	0	19.8	28.5	0	0	22.7	10.0	10-Sep-24 06:00:34.644	
0	0	0	2	10	0	0	187	0	0	0	19.8	28.5	0	0	22.7	10.0	10-Sep-24 06:00:34.696	
0	0	0	1	13	0	0	184	0	0	0	19.8	28.5	0	0	22.7	10.0	10-Sep-24 06:00:34.741	
0	0	0	1	14	0	0	163	0	0	0	19.8	28.5	0	0	22.7	10.0	10-Sep-24 06:00:34.784	
0	0	0	3	10	0	0	177	0	0	0	19.8	28.5	0	0	22.7	10.0	10-Sep-24 06:00:34.828	
0	0	0	1	10	0	0	151	0	0	0	19.8	28.5	0	0	22.7	10.0	10-Sep-24 06:00:34.872	
0	0	0	3	12	0	0	181	0	0	0	19.8	28.5	0	0	22.7	10.0	10-Sep-24 06:00:34.916	
0	0	0	3	8	0	0	177	0	0	0	19.8	28.5	0	0	22.7	10.0	10-Sep-24 06:00:34.960	
0	0	0	1	2	0	0	170	0	0	0	19.8	28.5	0	0	22.7	10.0	10-Sep-24 06:00:35.003	
0	0	0	3	2	0	0	153	0	0	0	19.8	28.5	0	0	22.7	10.0	10-Sep-24 06:00:35.048	
0	0	0	2	11	0	0	174	0	0	0	19.8	28.5	0	0	22.7	10.0	10-Sep-24 06:00:35.092	
0	0	0	3	4	0	0	176	0	0	0	19.8	28.5	0	0	22.7	10.0	10-Sep-24 06:00:35.136	
0	0	0	1	10	0	0	148	0	0	0	19.8	28.5	0	0	22.7	10.0	10-Sep-24 06:00:35.180	
0	0	0	2	10	0	0	187	0	0	0	19.8	28.5	0	0	22.7	10.0	10-Sep-24 06:00:35.231	
0	0	0	2	12	0	0	186	0	0	0	19.8	28.5	0	0	22.7	10.0	10-Sep-24 06:00:35.277	
0	0	0	1	10	0	0	170	0	0	0	19.8	28.5	0	0	22.7	10.0	10-Sep-24 06:00:35.320	
0	0	0	3	10	0	0	163	0	0	0	19.8	28.5	0	0	22.7	10.0	10-Sep-24 06:00:35.364	
0	0	0	3	5	0	0	192	0	0	0	19.8	28.5	0	0	22.7	10.0	10-Sep-24 06:00:35.407	
0	0	0	1	8	0	0	177	0	0	0	19.8	28.5	0	0	22.7	10.0	10-Sep-24 06:00:35.452	
0	0	0	2	6	0	0	162	0	0	0	19.8	28.5	0	0	22.7	10.0	10-Sep-24 06:00:35.488	
0	0	0	1	11	0	0	179	0	0	0	19.8	28.5	0	0	22.7	10.0	10-Sep-24 06:00:35.532	
0	0	0	3	7	0	0	155	0	0	0	19.8	28.5	0	0	22.7	10.0	10-Sep-24 06:00:35.633	
0	0	0	8	9	0	0	183	0	0	0	19.8	28.5	0	0	22.7	10.0	10-Sep-24 06:00:35.680	
0	0	0	4	8	0	0	163	0	0	0	19.8	28.5	0	0	22.7	10.0	10-Sep-24 06:00:35.731	
0	0	0	4	7	0	0	150	0	0	0	19.8	28.5	0	0	22.7	10.0	10-Sep-24 06:00:35.776	
0	0	0	1	6	0	0	177	0	0	0	19.8	28.5	0	0	22.7	10.0	10-Sep-24 06:00:35.820	
0	0	0	2	12	0	0	177	0	0	0	19.8	28.5	0	0	22.7	10.0	10-Sep-24 06:00:35.864	
0	0	0	2	14	0	0	160	0	0	0	19.8	28.5	0	0	22.7	10.0	10-Sep-24 06:00:35.908	
0	0	0	2	7	0	0	208	0	0	0	19.8	28.5	0	0	22.7	10.0	10-Sep-24 06:00:35.951	
0	0	0	4	8	0	0	165	0	0	0	19.8	28.5	0	0	22.7	10.0	10-Sep-24 06:00:35.996	
0	0	0	3	14	0	0	174	0	0	0	19.8	28.5	0	0	22.7	10.0	10-Sep-24 06:00:36.040	
0	0	0	1	11	0	0	167	0	0	0	19.8	28.5	0	0	22.7	10.0	10-Sep-24 06:00:36.084	
0	0	0	4	11	0	0	168	0	0	0	19.8	28.5	0	0	22.7	10.0	10-Sep-24 06:00:36.128	
0	0	0	2	7	0	0	176	0	0	0	19.8	28.5	0	0	22.7	10.0	10-Sep-24 06:00:36.171	
0	0	0	3	5	0	0	179	0	0	0	19.8	28.5	0	0	22.7	10.0	10-Sep-24 06:00:36.225	
0	0	0	1	8	0	0	171	0	0	0	19.8	28.5	0	0	22.7	10.0	10-Sep-24 06:00:36.267	
0	0	0	1	9	0	0	175	0	0	0	19.8	28.5	0	0	22.7	10.0	10-Sep-24 06:00:36.312	
0	0	0	3	12	0	0	175	0	0	0	19.8	28.5	0	0	22.7	10.0	10-Sep-24 06:00:36.356	
0	0	0	3	5	0	0	178	0	0	0	19.8	28.5	0	0	22.7	10.0	10-Sep-24 06:00:36.400	
0	0	0	3	9	0	0	191	0	0	0	19.8	28.5	0	0	22.7	10.0	10-Sep-24 06:00:36.442	
0	0	0	1	8	0	0	168	0	0	0	19.8	28.5	0	0	22.7	10.0	10-Sep-24 06:00:36.479	
0	0	0	3	9	0	0	162	0	0	0	19.8	28.5	0	0	22.7	10.0	10-Sep-24 06:00:36.525	
0	0	0	1	9	0	0	154	0	0	0	19.8	28.5	0	0	22.7	10.0	10-Sep-24 06:00:36.568	
0	0	0	3	7	0	0	152	0	0	0	19.8	28.5	0	0	22.7	10.0	10-Sep-24 06:00:36.611	
0	0	0	2	8	0	0	154	0	0	0	19.8	28.5	0	0	22.7	10.0	10-Sep-24 06:00:36.714	
0	0	0	4	8	0	0	184	0	0	0	19.8	28.5	0	0	22.7	10.0	10-Sep-24 06:00:36.765	
0	0	0	1	7	0	0	162	0	0	0	19.8	28.5	0	0	22.7	10.0	10-Sep-24 06:00:36.811	
0	0	0	1	11	0	0	175	0	0	0	19.8	28.5	0	0	22.7	10.0	10-Sep-24 06:00:36.856	
0	0	0	1	4	0	0	173	0	0	0	19.8	28.5	0	0	22.7	10.0	10-Sep-24 06:00:36.899	
0	0	0	2	7	0	0	173	0	0	0	19.8	28.5	0	0	22.7	10.0	10-Sep-24 06:00:36.944	
0	0	0	2	7	0	0	164	0	0	0	19.8	28.5	0	0	22.7	10.0	10-Sep-24 06:00:36.987	
0	0	0	2	15	0	0	196	0	0	0	19.8	28.5	0	0	22.7	10.0	10-Sep-24 06:00:37.032	
0	0	0	4	7	0	0	194	0	0	0	19.8	28.5	0	0	22.7	10.0	10-Sep-24 06:00:37.075	
0	0	0	3	7	0	0	182	0	0	0	19.8	28.5	0	0	22.7	10.0	10-Sep-24 06:00:37.119	
0	0	0	4	9	0	0	185	0	0	0	19.8	28.5	0	0	22.7	10.0	10-Sep-24 06:00:37.164	
0	0	0	1	7	0	0	165	0	0	0	19.8	28.5	0	0	22.7	10.0	10-Sep-24 06:00:37.208	
0	0	0	2	10	0	0	160	0	0	0	19.8	28.5	0	0	22.7	10.0	10-Sep-24 06:00:37.257	
0	0	0	4	6	0	0	164	0	0	0	19.8	28.5	0	0	22.7	10.0	10-Sep-24 06:00:37.304	
0	0	0	2	11	0	0	170	0	0	0	19.8	28.5	0	0	22.7	10.0	10-Sep-24 06:00:37.348	
0	0	0	3	7	0	0	180	0	0	0	19.8	28.5	0	0	22.7	10.0	10-Sep-24 06:00:37.391	
0	0	0	2	10	0	0	166	0	0	0	19.8	28.5	0	0	22.7	10.0	10-Sep-24 06:00:37.436	
0	0	0	2	10	0	0	178	0	0	0	19.8	28.5	0	0	22.7	10.0	10-Sep-24 06:00:37.480	
0	0	0	3	6	0	0	169	0	0	0	19.8	28.5	0	0	22.7	10.0	10-Sep-24 06:00:37.523	
0	0	0	4	8	0	0	158	0	0	0	19.8	28.5	0	0	22.7	10.0	10-Sep-24 06:00:37.568	
0	0	0	1	3	0	0	163	0	0	0	19.8	28.5	0	0	22.7	10.0	10-Sep-24 06:00:37.610	
0	0	0	3	9	0	0	180	0	0	0	19.8	28.5	0	0	22.7	10.0	10-Sep-24 06:00:37.656	
0	0	0	5	9	0	0	169	0	0	0	19.8	28.5	0	0	22.7	10.0	10-Sep-24 06:00:37.700	
0	0	0	2	10	0	0	151	0	0	0	19.8	28.5	0	0	22.7	10.0	10-Sep-24 06:00:37.800	
0	0	0	4	7	0	0	163	0	0	0	19.8	28.5	0	0	22.7	10.0	10-Sep-24 06:00:37.839	
0	0	0	3	9	0	0	165	0	0	0	19.8	28.5	0	0	22.7	10.0	10-Sep-24 06:00:37.884	
0	0	0	5	3	0	0	190	0	0	0	19.8	28.5	0	0	22.7	10.0	10-Sep-24 06:00:37.927	
0	0	0	1	8	0	0	169	0	0	0	19.8	28.5	0	0	22.7	10.0	10-Sep-24 06:00:37.964	
0	0	0	2	10	0	0	168	0	0	0	19.8	28.5	0	0	22.7	10.0	10-Sep-24 06:00:38.008	
0	0	0	2	8	0	0	149	0	0	0	19.8	28.5	0	0	22.7	10.0	10-Sep-24 06:00:38.053	
0	0	0	1	11	0	0	166	0	0	0	19.8	28.5	0	0	22.7	10.0	10-Sep-24 06:00:38.096	
0	0	0	3	10	0	0	171	0	0	0	19.8	28.5	0	0	22.7	10.0	10-Sep-24 06:00:38.140	
0	0	0	2	4	0	0	181	0	0	0	19.8	28.5	0	0	22.7	10.0	10-Sep-24 06:00:38.184	
0	0	0	1	6	0	0	167	0	0	0	19.8	28.5	0	0	22.7	10.0	10-Sep-24 06:00:38.227	
0	0	0	2	8	0	0	169	0	0	0	19.8	28.5	0	0	22.7	10.0	10-Sep-24 06:00:38.277	
0	0	0	1	6	0	0	169	0	0	0	19.8	28.5	0	0	22.7	10.0	10-Sep-24 06:00:38.325	
0	0	0	1	7	0	0	195	0	0	0	19.8	28.5	0	0	22.7	10.0	10-Sep-24 06:00:38.368	
0	0	0	1	6	0	0	170	0	0	0	19.8	28.5	0	0	22.7	10.0	10-Sep-24 06:00:38.411	
0	0	0	3	8	0	0	164	0	0	0	19.8	28.5	0	0	22.7	10.0	10-Sep-24 06:00:38.455	
0	0	0	1	7	0	0	185	0	0	0	19.8	28.5	0	0	22.7	10.0	10-Sep-24 06:00:38.500	
0	0	0	2	13	0	0	166	0	0	0	19.8	28.5	0	0	22.7	10.0	10-Sep-24 06:00:38.544	
0	0	0	3	9	0	0	164	0	0	0	19.8	28.5	0	0	22.7	10.0	10-Sep-24 06:00:38.588	
0	0	0	4	7	0	0	168	0	0	0	19.8	28.5	0	0	22.7	10.0	10-Sep-24 06:00:38.631	
0	0	0	3	5	0	0	151	0	0	0	19.8	28.5	0	0	22.7	10.0	10-Sep-24 06:00:38.676	
0	0	0	3	5	0	0	170	0	0	0	19.8	28.5	0	0	22.7	10.0	10-Sep-24 06:00:38.720	
0	0	0	2	7	0	0	178	0	0	0	19.8	28.5	0	0	22.7	10.0	10-Sep-24 06:00:38.763	
0	0	0	3	8	0	0	150	0	0	0	19.8	28.5	0	0	22.7	10.0	10-Sep-24 06:00:38.875	
0	0	0	2	6	0	0	169	0	0	0	19.8	28.5	0	0	22.7	10.0	10-Sep-24 06:00:38.920	
0	0	0	1	10	0	0	154	0	0	0	19.8	28.5	0	0	22.7	10.0	10-Sep-24 06:00:38.963	
0	0	0	2	7	0	0	169	0	0	0	19.8	28.5	0	0	22.7	10.0	10-Sep-24 06:00:39.008	
0	0	0	1	10	0	0	166	0	0	0	19.8	28.5	0	0	22.7	10.0	10-Sep-24 06:00:39.052	
0	0	0	3	12	0	0	155	0	0	0	19.8	28.5	0	0	22.7	10.0	10-Sep-24 06:00:39.095	
0	0	0	3	7	0	0	186	0	0	0	19.8	28.5	0	0	22.7	10.0	10-Sep-24 06:00:39.139	
0	0	0	3	8	0	0	174	0	0	0	19.8	28.5	0	0	22.7	10.0	10-Sep-24 06:00:39.184	
0	0	0	2	8	0	0	190	0	0	0	19.8	28.5	0	0	22.7	10.0	10-Sep-24 06:00:39.260	
0	0	0	3	8	0	0	175	0	0	0	19.8	28.5	0	0	22.7	10.0	10-Sep-24 06:00:39.370	
0	0	0	2	12	0	0	160	0	0	0	19.8	28.5	0	0	22.7	10.0	10-Sep-24 06:00:39.427	
0	0	0	4	7	0	0	158	0	0	0	19.8	28.5	0	0	22.7	10.0	10-Sep-24 06:00:39.472	
0	0	0	1	7	0	0	164	0	0	0	19.8	28.5	0	0	22.7	10.0	10-Sep-24 06:00:39.515	
0	0	0	2	12	0	0	164	0	0	0	19.8	28.5	0	0	22.7	10.0	10-Sep-24 06:00:39.560	
0	0	0	2	14	0	0	164	0	0	0	19.8	28.5	0	0	22.7	10.0	10-Sep-24 06:00:39.604	
0	0	0	3	10	0	0	158	0	0	0	19.8	28.5	0	0	22.7	10.0	10-Sep-24 06:00:39.648	
0	0	0	2	14	0	0	168	0	0	0	19.8	28.5	0	0	22.7	10.0	10-Sep-24 06:00:39.692	
0	0	0	3	9	0	0	154	0	0	0	19.8	28.5	0	0	22.7	10.0	10-Sep-24 06:00:39.736	
0	0	0	2	7	0	0	170	0	0	0	19.8	28.5	0	0	22.7	10.0	10-Sep-24 06:00:39.780	
0	0	0	3	13	0	0	172	0	0	0	19.8	28.5	0	0	22.7	10.0	10-Sep-24 06:00:39.834	
0	0	0	1	7	0	0	175	0	0	0	19.8	28.5	0	0	22.7	10.0	10-Sep-24 06:00:39.928	
0	0	0	1	5	0	0	182	0	0	0	19.8	28.5	0	0	22.7	10.0	10-Sep-24 06:00:39.976	
0	0	0	2	6	0	0	166	0	0	0	19.8	28.5	0	0	22.7	10.0	10-Sep-24 06:00:40.020	
0	0	0	4	4	0	0	146	0	0	0	19.8	28.5	0	0	22.7	10.0	10-Sep-24 06:00:40.064	
0	0	0	1	12	0	0	182	0	0	0	19.8	28.5	0	0	22.7	10.0	10-Sep-24 06:00:40.108	
0	0	0	2	8	0	0	171	0	0	0	19.8	28.5	0	0	22.7	10.0	10-Sep-24 06:00:40.152	
0	0	0	2	7	0	0	182	0	0	0	19.8	28.5	0	0	22.7	10.0	10-Sep-24 06:00:40.196	
0	0	0	3	8	0	0	176	0	0	0	19.8	28.5	0	0	22.7	10.0	10-Sep-24 06:00:40.240	
0	0	0	2	6	0	0	166	0	0	0	19.8	28.5	0	0	22.7	10.0	10-Sep-24 06:00:40.283	
0	0	0	1	4	0	0	144	0	0	0	19.8	28.5	0	0	22.7	10.0	10-Sep-24 06:00:40.334	
0	0	0	5	8	0	0	167	0	0	0	19.8	28.5	0	0	22.7	10.0	10-Sep-24 06:00:40.380	
0	0	0	2	7	0	0	179	0	0	0	19.8	28.5	0	0	22.7	10.0	10-Sep-24 06:00:40.425	
0	0	0	1	2	0	0	163	0	0	0	19.8	28.5	0	0	22.7	10.0	10-Sep-24 06:00:40.467	
0	0	0	2	16	0	0	183	0	0	0	19.8	28.5	0	0	22.7	10.0	10-Sep-24 06:00:40.512	
0	0	0	2	7	0	0	158	0	0	0	19.8	28.5	0	0	22.7	10.0	10-Sep-24 06:00:40.556	
0	0	0	1	7	0	0	167	0	0	0	19.8	28.5	0	0	22.7	10.0	10-Sep-24 06:00:40.599	
0	0	0	1	12	0	0	168	0	0	0	19.8	28.5	0	0	22.7	10.0	10-Sep-24 06:00:40.644	
0	0	0	1	8	0	0	165	0	0	0	19.8	28.5	0	0	22.7	10.0	10-Sep-24 06:00:40.687	
0	0	0	3	18	0	0	145	0	0	0	19.8	28.5	0	0	22.7	10.0	10-Sep-24 06:00:40.732	
0	0	0	2	4	0	0	191	0	0	0	19.8	28.5	0	0	22.7	10.0	10-Sep-24 06:00:40.776	
0	0	0	1	5	0	0	146	0	0	0	19.8	28.5	0	0	22.7	10.0	10-Sep-24 06:00:40.827	
0	0	0	1	3	0	0	175	0	0	0	19.8	28.5	0	0	22.7	10.0	10-Sep-24 06:00:40.862	
0	0	0	2	5	0	0	165	0	0	0	19.8	28.5	0	0	22.7	10.0	10-Sep-24 06:00:40.907	
0	0	0	4	9	0	0	175	0	0	0	19.8	28.5	0	0	22.7	10.0	10-Sep-24 06:00:41.010	
0	0	0	2	7	0	0	156	0	0	0	19.8	28.5	0	0	22.7	10.0	10-Sep-24 06:00:41.056	
0	0	0	2	7	0	0	147	0	0	0	19.8	28.5	0	0	22.7	10.0	10-Sep-24 06:00:41.099	
0	0	0	2	7	0	0	176	0	0	0	19.8	28.5	0	0	22.7	10.0	10-Sep-24 06:00:41.144	
0	0	0	2	14	0	0	173	0	0	0	19.8	28.5	0	0	22.7	10.0	10-Sep-24 06:00:41.188	
0	0	0	3	6	0	0	184	0	0	0	19.8	28.5	0	0	22.7	10.0	10-Sep-24 06:00:41.231	
0	0	0	3	8	0	0	207	0	0	0	19.8	28.5	0	0	22.7	10.0	10-Sep-24 06:00:41.276	
0	0	0	2	8	0	0	180	0	0	0	19.8	28.5	0	0	22.7	10.0	10-Sep-24 06:00:41.327	
0	0	0	3	8	0	0	192	0	0	0	19.8	28.5	0	0	22.7	10.0	10-Sep-24 06:00:41.373	
0	0	0	2	4	0	0	176	0	0	0	19.8	28.5	0	0	22.7	10.0	10-Sep-24 06:00:41.415	
0	0	0	3	10	0	0	186	0	0	0	19.8	28.5	0	0	22.7	10.0	10-Sep-24 06:00:41.461	
0	0	0	1	10	0	0	186	0	0	0	19.8	28.5	0	0	22.7	10.0	10-Sep-24 06:00:41.504	
0	0	0	2	5	0	0	166	0	0	0	19.8	28.5	0	0	22.7	10.0	10-Sep-24 06:00:41.547	
0	0	0	2	14	0	0	164	0	0	0	19.8	28.5	0	0	22.7	10.0	10-Sep-24 06:00:41.591	
0	0	0	3	12	0	0	164	0	0	0	19.8	28.5	0	0	22.7	10.0	10-Sep-24 06:00:41.628	
0	0	0	3	12	0	0	167	0	0	0	19.8	28.5	0	0	22.7	10.0	10-Sep-24 06:00:41.672	
0	0	0	1	8	0	0	185	0	0	0	19.8	28.5	0	0	22.7	10.0	10-Sep-24 06:00:41.716	
0	0	0	2	7	0	0	180	0	0	0	19.8	28.5	0	0	22.7	10.0	10-Sep-24 06:00:41.760	
0	0	0	2	6	0	0	184	0	0	0	19.8	28.5	0	0	22.7	10.0	10-Sep-24 06:00:41.803	
0	0	0	2	11	0	0	152	0	0	0	19.8	28.5	0	0	22.7	10.0	10-Sep-24 06:00:41.851	
0	0	0	4	7	0	0	171	0	0	0	19.8	28.5	0	0	22.7	10.0	10-Sep-24 06:00:41.896	
0	0	0	2	7	0	0	158	0	0	0	19.8	28.5	0	0	22.7	10.0	10-Sep-24 06:00:41.939	
0	0	0	2	12	0	0	177	0	0	0	19.8	28.5	0	0	22.7	10.0	10-Sep-24 06:00:41.984	
0	0	0	2	8	0	0	139	0	0	0	19.8	28.5	0	0	22.7	10.0	10-Sep-24 06:00:42.087	
0	0	0	2	9	0	0	176	0	0	0	19.8	28.5	0	0	22.7	10.0	10-Sep-24 06:00:42.131	
0	0	0	2	8	0	0	147	0	0	0	19.8	28.5	0	0	22.7	10.0	10-Sep-24 06:00:42.168	
0	0	0	2	8	0	0	164	0	0	0	19.8	28.5	0	0	22.7	10.0	10-Sep-24 06:00:42.212	
0	0	0	2	7	0	0	170	0	0	0	19.8	28.5	0	0	22.7	10.0	10-Sep-24 06:00:42.255	
0	0	0	3	10	0	0	161	0	0	0	19.8	28.5	0	0	22.7	10.0	10-Sep-24 06:00:42.300	
0	0	0	1	8	0	0	167	0	0	0	19.8	28.5	0	0	22.7	10.0	10-Sep-24 06:00:42.351	
0	0	0	1	6	0	0	157	0	0	0	19.8	28.5	0	0	22.7	10.0	10-Sep-24 06:00:42.395	
0	0	0	4	9	0	0	161	0	0	0	19.8	28.5	0	0	22.7	10.0	10-Sep-24 06:00:42.440	
0	0	0	3	5	0	0	169	0	0	0	19.8	28.5	0	0	22.7	10.0	10-Sep-24 06:00:42.483	
0	0	0	1	6	0	0	168	0	0	0	19.8	28.5	0	0	22.7	10.0	10-Sep-24 06:00:42.528	
0	0	0	2	9	0	0	166	0	0	0	19.8	28.5	0	0	22.7	10.0	10-Sep-24 06:00:42.571	
0	0	0	1	11	0	0	167	0	0	0	19.8	28.5	0	0	22.7	10.0	10-Sep-24 06:00:42.615	
0	0	0	3	8	0	0	149	0	0	0	19.8	28.5	0	0	22.7	10.0	10-Sep-24 06:00:42.659	
0	0	0	2	6	0	0	157	0	0	0	19.8	28.5	0	0	22.7	10.0	10-Sep-24 06:00:42.697	
0	0	0	2	7	0	0	165	0	0	0	19.8	28.5	0	0	22.7	10.0	10-Sep-24 06:00:42.740	
0	0	0	2	10	0	0	170	0	0	0	19.8	28.5	0	0	22.7	10.0	10-Sep-24 06:00:42.784	
0	0	0	2	8	0	0	166	0	0	0	19.8	28.5	0	0	22.7	10.0	10-Sep-24 06:00:42.828	
0	0	0	2	6	0	0	141	0	0	0	19.8	28.5	0	0	22.7	10.0	10-Sep-24 06:00:42.880	
0	0	0	3	8	0	0	173	0	0	0	19.8	28.5	0	0	22.7	10.0	10-Sep-24 06:00:42.924	
0	0	0	4	9	0	0	189	0	0	0	19.8	28.5	0	0	22.7	10.0	10-Sep-24 06:00:42.968	
0	0	0	1	5	0	0	185	0	0	0	19.8	28.5	0	0	22.7	10.0	10-Sep-24 06:00:43.011	
0	0	0	4	11	0	0	178	0	0	0	19.8	28.5	0	0	22.7	10.0	10-Sep-24 06:00:43.056	
0	0	0	1	6	0	0	181	0	0	0	19.8	28.5	0	0	22.7	10.0	10-Sep-24 06:00:43.148	
0	0	0	3	10	0	0	177	0	0	0	19.8	28.5	0	0	22.7	10.0	10-Sep-24 06:00:43.187	
0	0	0	1	8	0	0	171	0	0	0	19.8	28.5	0	0	22.7	10.0	10-Sep-24 06:00:43.231	
0	0	0	3	6	0	0	165	0	0	0	19.8	28.5	0	0	22.7	10.0	10-Sep-24 06:00:43.276	
0	0	0	3	6	0	0	157	0	0	0	19.8	28.5	0	0	22.7	10.0	10-Sep-24 06:00:43.320	
0	0	0	4	11	0	0	172	0	0	0	19.8	28.5	0	0	22.7	10.0	10-Sep-24 06:00:43.370	
0	0	0	2	10	0	0	169	0	0	0	19.8	28.5	0	0	22.7	10.0	10-Sep-24 06:00:43.416	
0	0	0	1	9	0	0	155	0	0	0	19.8	28.5	0	0	22.7	10.0	10-Sep-24 06:00:43.460	
0	0	0	1	15	0	0	167	0	0	0	19.8	28.5	0	0	22.7	10.0	10-Sep-24 06:00:43.504	
0	0	0	3	8	0	0	173	0	0	0	19.8	28.5	0	0	22.7	10.0	10-Sep-24 06:00:43.548	
0	0	0	1	7	0	0	178	0	0	0	19.8	28.5	0	0	22.7	10.0	10-Sep-24 06:00:43.591	
0	0	0	1	17	0	0	175	0	0	0	19.8	28.5	0	0	22.7	10.0	10-Sep-24 06:00:43.636	
0	0	0	4	12	0	0	174	0	0	0	19.8	28.5	0	0	22.7	10.0	10-Sep-24 06:00:43.680	
0	0	0	2	8	0	0	163	0	0	0	19.8	28.5	0	0	22.7	10.0	10-Sep-24 06:00:43.724	
0	0	0	1	7	0	0	165	0	0	0	19.8	28.5	0	0	22.7	10.0	10-Sep-24 06:00:43.768	
0	0	0	4	9	0	0	176	0	0	0	19.8	28.5	0	0	22.7	10.0	10-Sep-24 06:00:43.812	
0	0	0	2	10	0	0	173	0	0	0	19.8	28.5	0	0	22.7	10.0	10-Sep-24 06:00:43.856	
0	0	0	2	9	0	0	163	0	0	0	19.8	28.5	0	0	22.7	10.0	10-Sep-24 06:00:43.907	
0	0	0	2	6	0	0	164	0	0	0	19.8	28.5	0	0	22.7	10.0	10-Sep-24 06:00:43.952	
0	0	0	2	6	0	0	177	0	0	0	19.8	28.5	0	0	22.7	10.0	10-Sep-24 06:00:43.996	
0	0	0	1	9	0	0	154	0	0	0	19.8	28.5	0	0	22.7	10.0	10-Sep-24 06:00:44.040	
0	0	0	4	5	0	0	149	0	0	0	19.8	28.5	0	0	22.7	10.0	10-Sep-24 06:00:44.084	
0	0	0	1	10	0	0	178	0	0	0	19.8	28.5	0	0	22.7	10.0	10-Sep-24 06:00:44.128	
0	0	0	4	10	0	0	184	0	0	0	19.8	28.5	0	0	22.7	10.0	10-Sep-24 06:00:44.230	
0	0	0	2	6	0	0	172	0	0	0	19.8	28.5	0	0	22.7	10.0	10-Sep-24 06:00:44.275	
0	0	0	0	12	0	0	170	0	0	0	19.8	28.5	0	0	22.7	10.0	10-Sep-24 06:00:44.319	
0	0	0	2	10	0	0	164	0	0	0	19.8	28.5	0	0	22.7	10.0	10-Sep-24 06:00:44.364	
0	0	0	2	4	0	0	177	0	0	0	19.8	28.5	0	0	22.7	10.0	10-Sep-24 06:00:44.407	
0	0	0	1	12	0	0	171	0	0	0	19.8	28.5	0	0	22.7	10.0	10-Sep-24 06:00:44.485	
0	0	0	3	10	0	0	156	0	0	0	19.8	28.5	0	0	22.7	10.0	10-Sep-24 06:00:44.567	
0	0	0	1	7	0	0	170	0	0	0	19.8	28.5	0	0	22.7	10.0	10-Sep-24 06:00:44.641	
0	0	0	2	9	0	0	180	0	0	0	19.8	28.5	0	0	22.7	10.0	10-Sep-24 06:00:44.684	
0	0	0	3	4	0	0	175	0	0	0	19.8	28.5	0	0	22.7	10.0	10-Sep-24 06:00:44.727	
0	0	0	1	11	0	0	152	0	0	0	19.8	28.5	0	0	22.7	10.0	10-Sep-24 06:00:44.772	
0	0	0	5	10	0	0	154	0	0	0	19.8	28.5	0	0	22.7	10.0	10-Sep-24 06:00:44.815	
0	0	0	1	7	0	0	164	0	0	0	19.8	28.5	0	0	22.7	10.0	10-Sep-24 06:00:44.859	
0	0	0	2	8	0	0	198	0	0	0	19.8	28.5	0	0	22.7	10.0	10-Sep-24 06:00:44.910	
0	0	0	2	7	0	0	200	0	0	0	19.8	28.5	0	0	22.7	10.0	10-Sep-24 06:00:44.947	
0	0	0	2	4	0	0	182	0	0	0	19.8	28.5	0	0	22.7	10.0	10-Sep-24 06:00:44.992	
0	0	0	2	9	0	0	177	0	0	0	19.8	28.5	0	0	22.7	10.0	10-Sep-24 06:00:45.036	
0	0	0	2	11	0	0	176	0	0	0	19.8	28.5	0	0	22.7	10.0	10-Sep-24 06:00:45.080	
0	0	0	1	7	0	0	186	0	0	0	19.8	28.5	0	0	22.7	10.0	10-Sep-24 06:00:45.124	
0	0	0	1	13	0	0	181	0	0	0	19.8	28.5	0	0	22.7	10.0	10-Sep-24 06:00:45.168	
0	0	0	2	13	0	0	165	0	0	0	19.8	28.5	0	0	22.7	10.0	10-Sep-24 06:00:45.212	
0	0	0	2	8	0	0	154	0	0	0	19.8	28.5	0	0	22.7	10.0	10-Sep-24 06:00:45.314	
0	0	0	4	5	0	0	168	0	0	0	19.8	28.5	0	0	22.7	10.0	10-Sep-24 06:00:45.359	
0	0	0	2	9	0	0	154	0	0	0	19.8	28.5	0	0	22.7	10.0	10-Sep-24 06:00:45.413	
0	0	0	2	9	0	0	160	0	0	0	19.8	28.5	0	0	22.7	10.0	10-Sep-24 06:00:45.456	
0	0	0	2	13	0	0	151	0	0	0	19.8	28.5	0	0	22.7	10.0	10-Sep-24 06:00:45.500	
0	0	0	1	6	0	0	163	0	0	0	19.8	28.5	0	0	22.7	10.0	10-Sep-24 06:00:45.544	
0	0	0	2	9	0	0	166	0	0	0	19.8	28.5	0	0	22.7	10.0	10-Sep-24 06:00:45.587	
0	0	0	1	10	0	0	173	0	0	0	19.8	28.5	0	0	22.7	10.0	10-Sep-24 06:00:45.632	
0	0	0	4	8	0	0	177	0	0	0	19.8	28.5	0	0	22.7	10.0	10-Sep-24 06:00:45.675	
0	0	0	5	5	0	0	173	0	0	0	19.8	28.5	0	0	22.7	10.0	10-Sep-24 06:00:45.720	
0	0	0	2	4	0	0	171	0	0	0	19.8	28.5	0	0	22.7	10.0	10-Sep-24 06:00:45.763	
0	0	0	3	5	0	0	129	0	0	0	19.8	28.5	0	0	22.7	10.0	10-Sep-24 06:00:45.808	
0	0	0	2	6	0	0	190	0	0	0	19.8	28.5	0	0	22.7	10.0	10-Sep-24 06:00:45.851	
0	0	0	2	17	0	0	168	0	0	0	19.8	28.5	0	0	22.7	10.0	10-Sep-24 06:00:45.896	
0	0	0	1	7	0	0	205	0	0	0	19.8	28.5	0	0	22.7	10.0	10-Sep-24 06:00:45.948	
0	0	0	4	13	0	0	199	0	0	0	19.8	28.5	0	0	22.7	10.0	10-Sep-24 06:00:45.992	
0	0	0	1	8	0	0	162	0	0	0	19.8	28.5	0	0	22.7	10.0	10-Sep-24 06:00:46.036	
0	0	0	2	6	0	0	176	0	0	0	19.8	28.5	0	0	22.7	10.0	10-Sep-24 06:00:46.080	
0	0	0	1	11	0	0	184	0	0	0	19.8	28.5	0	0	22.7	10.0	10-Sep-24 06:00:46.124	
0	0	0	1	7	0	0	186	0	0	0	19.8	28.5	0	0	22.7	10.0	10-Sep-24 06:00:46.167	
0	0	0	4	8	0	0	142	0	0	0	19.8	28.5	0	0	22.7	10.0	10-Sep-24 06:00:46.212	
0	0	0	1	8	0	0	165	0	0	0	19.8	28.5	0	0	22.7	10.0	10-Sep-24 06:00:46.256	
0	0	0	1	7	0	0	173	0	0	0	19.8	28.5	0	0	22.7	10.0	10-Sep-24 06:00:46.300	
0	0	0	3	13	0	0	180	0	0	0	19.8	28.5	0	0	22.7	10.0	10-Sep-24 06:00:46.402	
0	0	0	1	8	0	0	176	0	0	0	19.8	28.5	0	0	22.7	10.0	10-Sep-24 06:00:46.456	
0	0	0	3	6	0	0	173	0	0	0	19.8	28.5	0	0	22.7	10.0	10-Sep-24 06:00:46.500	
0	0	0	2	7	0	0	152	0	0	0	19.8	28.5	0	0	22.7	10.0	10-Sep-24 06:00:46.543	
0	0	0	3	6	0	0	151	0	0	0	19.8	28.5	0	0	22.7	10.0	10-Sep-24 06:00:46.587	
0	0	0	2	7	0	0	165	0	0	0	19.8	28.5	0	0	22.7	10.0	10-Sep-24 06:00:46.631	
0	0	0	2	12	0	0	167	0	0	0	19.8	28.5	0	0	22.7	10.0	10-Sep-24 06:00:46.676	
0	0	0	3	6	0	0	181	0	0	0	19.8	28.5	0	0	22.7	10.0	10-Sep-24 06:00:46.719	
0	0	0	3	8	0	0	173	0	0	0	19.8	28.5	0	0	22.7	10.0	10-Sep-24 06:00:46.764	
0	0	0	3	9	0	0	170	0	0	0	19.8	28.5	0	0	22.7	10.0	10-Sep-24 06:00:46.808	
0	0	0	3	9	0	0	175	0	0	0	19.8	28.5	0	0	22.7	10.0	10-Sep-24 06:00:46.851	
0	0	0	2	7	0	0	172	0	0	0	19.8	28.5	0	0	22.7	10.0	10-Sep-24 06:00:46.896	
0	0	0	3	11	0	0	172	0	0	0	19.8	28.5	0	0	22.7	10.0	10-Sep-24 06:00:46.940	
0	0	0	5	9	0	0	191	0	0	0	19.8	28.5	0	0	22.7	10.0	10-Sep-24 06:00:46.991	
0	0	0	2	8	0	0	153	0	0	0	19.8	28.5	0	0	22.7	10.0	10-Sep-24 06:00:47.036	
0	0	0	1	9	0	0	215	0	0	0	19.8	28.5	0	0	22.7	10.0	10-Sep-24 06:00:47.080	
0	0	0	2	7	0	0	176	0	0	0	19.8	28.5	0	0	22.7	10.0	10-Sep-24 06:00:47.124	
0	0	0	2	11	0	0	167	0	0	0	19.8	28.5	0	0	22.7	10.0	10-Sep-24 06:00:47.168	
0	0	0	1	10	0	0	135	0	0	0	19.8	28.5	0	0	22.7	10.0	10-Sep-24 06:00:47.212	
0	0	0	3	11	0	0	185	0	0	0	19.8	28.5	0	0	22.7	10.0	10-Sep-24 06:00:47.256	
0	0	0	2	8	0	0	179	0	0	0	19.8	28.5	0	0	22.7	10.0	10-Sep-24 06:00:47.300	
0	0	0	3	12	0	0	186	0	0	0	19.8	28.5	0	0	22.7	10.0	10-Sep-24 06:00:47.344	
0	0	0	1	11	0	0	162	0	0	0	19.8	28.5	0	0	22.7	10.0	10-Sep-24 06:00:47.388	
0	0	0	4	11	0	0	177	0	0	0	19.8	28.5	0	0	22.7	10.0	10-Sep-24 06:00:47.498	
0	0	0	2	6	0	0	162	0	0	0	19.8	28.5	0	0	22.7	10.0	10-Sep-24 06:00:47.543	
0	0	0	3	10	0	0	179	0	0	0	19.8	28.5	0	0	22.7	10.0	10-Sep-24 06:00:47.588	
0	0	0	2	8	0	0	143	0	0	0	19.8	28.5	0	0	22.7	10.0	10-Sep-24 06:00:47.631	
0	0	0	1	8	0	0	168	0	0	0	19.8	28.5	0	0	22.7	10.0	10-Sep-24 06:00:47.675	
0	0	0	1	8	0	0	165	0	0	0	19.8	28.5	0	0	22.7	10.0	10-Sep-24 06:00:47.720	
0	0	0	2	15	0	0	170	0	0	0	19.8	28.5	0	0	22.7	10.0	10-Sep-24 06:00:47.764	
0	0	0	3	7	0	0	176	0	0	0	19.8	28.5	0	0	22.7	10.0	10-Sep-24 06:00:47.807	
0	0	0	1	6	0	0	183	0	0	0	19.8	28.5	0	0	22.7	10.0	10-Sep-24 06:00:47.850	
0	0	0	5	5	0	0	150	0	0	0	19.8	28.5	0	0	22.7	10.0	10-Sep-24 06:00:47.888	
0	0	0	2	4	0	0	174	0	0	0	19.8	28.5	0	0	22.7	10.0	10-Sep-24 06:00:47.932	
0	0	0	3	9	0	0	146	0	0	0	19.8	28.5	0	0	22.7	10.0	10-Sep-24 06:00:47.980	
0	0	0	2	14	0	0	171	0	0	0	19.8	28.5	0	0	22.7	10.0	10-Sep-24 06:00:48.028	
0	0	0	1	11	0	0	169	0	0	0	19.8	28.5	0	0	22.7	10.0	10-Sep-24 06:00:48.074	
0	0	0	3	10	0	0	155	0	0	0	19.8	28.5	0	0	22.7	10.0	10-Sep-24 06:00:48.116	
0	0	0	2	10	0	0	150	0	0	0	19.8	28.5	0	0	22.7	10.0	10-Sep-24 06:00:48.160	
0	0	0	3	9	0	0	171	0	0	0	19.8	28.5	0	0	22.7	10.0	10-Sep-24 06:00:48.204	
0	0	0	2	15	0	0	189	0	0	0	19.8	28.5	0	0	22.7	10.0	10-Sep-24 06:00:48.248	
0	0	0	2	11	0	0	201	0	0	0	19.8	28.5	0	0	22.7	10.0	10-Sep-24 06:00:48.292	
0	0	0	4	7	0	0	159	0	0	0	19.8	28.5	0	0	22.7	10.0	10-Sep-24 06:00:48.336	
0	0	0	3	8	0	0	177	0	0	0	19.8	28.5	0	0	22.7	10.0	10-Sep-24 06:00:48.379	
0	0	0	2	10	0	0	196	0	0	0	19.8	28.5	0	0	22.7	10.0	10-Sep-24 06:00:48.424	
0	0	0	1	9	0	0	165	0	0	0	19.8	28.5	0	0	22.7	10.0	10-Sep-24 06:00:48.467	
0	0	0	1	10	0	0	158	0	0	0	19.8	28.5	0	0	22.7	10.0	10-Sep-24 06:00:48.578	
0	0	0	2	9	0	0	157	0	0	0	19.8	28.5	0	0	22.7	10.0	10-Sep-24 06:00:48.624	
0	0	0	4	14	0	0	180	0	0	0	19.8	28.5	0	0	22.7	10.0	10-Sep-24 06:00:48.668	
0	0	0	2	8	0	0	159	0	0	0	19.8	28.5	0	0	22.7	10.0	10-Sep-24 06:00:48.712	
0	0	0	3	8	0	0	164	0	0	0	19.8	28.5	0	0	22.7	10.0	10-Sep-24 06:00:48.756	
0	0	0	2	8	0	0	202	0	0	0	19.8	28.5	0	0	22.7	10.0	10-Sep-24 06:00:48.799	
0	0	0	2	13	0	0	181	0	0	0	19.8	28.5	0	0	22.7	10.0	10-Sep-24 06:00:48.843	
0	0	0	4	12	0	0	164	0	0	0	19.8	28.5	0	0	22.7	10.0	10-Sep-24 06:00:48.888	
0	0	0	3	8	0	0	164	0	0	0	19.8	28.5	0	0	22.7	10.0	10-Sep-24 06:00:48.933	
0	0	0	1	12	0	0	152	0	0	0	19.8	28.5	0	0	22.7	10.0	10-Sep-24 06:00:48.976	
0	0	0	3	7	0	0	166	0	0	0	19.8	28.5	0	0	22.7	10.0	10-Sep-24 06:00:49.028	
0	0	0	2	7	0	0	138	0	0	0	19.8	28.5	0	0	22.7	10.0	10-Sep-24 06:00:49.071	
0	0	0	2	6	0	0	182	0	0	0	19.8	28.5	0	0	22.7	10.0	10-Sep-24 06:00:49.116	
0	0	0	2	6	0	0	147	0	0	0	19.8	28.5	0	0	22.7	10.0	10-Sep-24 06:00:49.159	
0	0	0	3	14	0	0	174	0	0	0	19.8	28.5	0	0	22.7	10.0	10-Sep-24 06:00:49.204	
0	0	0	2	7	0	0	160	0	0	0	19.8	28.5	0	0	22.7	10.0	10-Sep-24 06:00:49.248	
0	0	0	2	8	0	0	153	0	0	0	19.8	28.5	0	0	22.7	10.0	10-Sep-24 06:00:49.292	
0	0	0	3	8	0	0	172	0	0	0	19.8	28.5	0	0	22.7	10.0	10-Sep-24 06:00:49.336	
0	0	0	3	9	0	0	173	0	0	0	19.8	28.5	0	0	22.7	10.0	10-Sep-24 06:00:49.380	
0	0	0	2	6	0	0	182	0	0	0	19.8	28.5	0	0	22.7	10.0	10-Sep-24 06:00:49.424	
0	0	0	1	9	0	0	154	0	0	0	19.8	28.5	0	0	22.7	10.0	10-Sep-24 06:00:49.467	
0	0	0	3	12	0	0	166	0	0	0	19.8	28.5	0	0	22.7	10.0	10-Sep-24 06:00:49.520	
0	0	0	2	6	0	0	187	0	0	0	19.8	28.5	0	0	22.7	10.0	10-Sep-24 06:00:49.564	
0	0	0	2	13	0	0	164	0	0	0	19.8	28.5	0	0	22.7	10.0	10-Sep-24 06:00:49.710	
0	0	0	2	11	0	0	171	0	0	0	19.8	28.5	0	0	22.7	10.0	10-Sep-24 06:00:49.797	
0	0	0	2	3	0	0	152	0	0	0	19.8	28.5	0	0	22.7	10.0	10-Sep-24 06:00:49.865	
0	0	0	1	9	0	0	172	0	0	0	19.8	28.5	0	0	22.7	10.0	10-Sep-24 06:00:49.913	
0	0	0	4	9	0	0	174	0	0	0	19.8	28.5	0	0	22.7	10.0	10-Sep-24 06:00:49.955	
0	0	0	1	6	0	0	166	0	0	0	19.8	28.5	0	0	22.7	10.0	10-Sep-24 06:00:50.000	
0	0	0	1	7	0	0	167	0	0	0	19.8	28.5	0	0	22.7	10.0	10-Sep-24 06:00:50.052	
0	0	0	2	11	0	0	169	0	0	0	19.8	28.5	0	0	22.7	10.0	10-Sep-24 06:00:50.098	
0	0	0	2	4	0	0	182	0	0	0	19.8	28.5	0	0	22.7	10.0	10-Sep-24 06:00:50.144	
0	0	0	1	9	0	0	165	0	0	0	19.8	28.5	0	0	22.7	10.0	10-Sep-24 06:00:50.188	
0	0	0	2	1	0	0	188	0	0	0	19.8	28.5	0	0	22.7	10.0	10-Sep-24 06:00:50.232	
0	0	0	1	6	0	0	184	0	0	0	19.8	28.5	0	0	22.7	10.0	10-Sep-24 06:00:50.275	
0	0	0	3	9	0	0	163	0	0	0	19.8	28.5	0	0	22.7	10.0	10-Sep-24 06:00:50.320	
0	0	0	3	8	0	0	182	0	0	0	19.8	28.5	0	0	22.7	10.0	10-Sep-24 06:00:50.364	
0	0	0	3	7	0	0	163	0	0	0	19.8	28.5	0	0	22.7	10.0	10-Sep-24 06:00:50.408	
0	0	0	3	12	0	0	181	0	0	0	19.8	28.5	0	0	22.7	10.0	10-Sep-24 06:00:50.451	
0	0	0	3	6	0	0	156	0	0	0	19.8	28.5	0	0	22.7	10.0	10-Sep-24 06:00:50.495	
0	0	0	3	6	0	0	158	0	0	0	19.8	28.5	0	0	22.7	10.0	10-Sep-24 06:00:50.546	
0	0	0	1	5	0	0	161	0	0	0	19.8	28.5	0	0	22.7	10.0	10-Sep-24 06:00:50.592	
0	0	0	1	9	0	0	168	0	0	0	19.8	28.5	0	0	22.7	10.0	10-Sep-24 06:00:50.636	
0	0	0	2	5	0	0	182	0	0	0	19.8	28.5	0	0	22.7	10.0	10-Sep-24 06:00:50.679	
0	0	0	2	9	0	0	173	0	0	0	19.8	28.5	0	0	22.7	10.0	10-Sep-24 06:00:50.782	
0	0	0	1	14	0	0	169	0	0	0	19.8	28.5	0	0	22.7	10.0	10-Sep-24 06:00:50.828	
0	0	0	2	11	0	0	192	0	0	0	19.8	28.5	0	0	22.7	10.0	10-Sep-24 06:00:50.871	
0	0	0	2	10	0	0	151	0	0	0	19.8	28.5	0	0	22.7	10.0	10-Sep-24 06:00:50.916	
0	0	0	2	5	0	0	164	0	0	0	19.8	28.5	0	0	22.7	10.0	10-Sep-24 06:00:50.959	
0	0	0	2	9	0	0	170	0	0	0	19.8	28.5	0	0	22.7	10.0	10-Sep-24 06:00:51.004	
0	0	0	3	9	0	0	182	0	0	0	19.8	28.5	0	0	22.7	10.0	10-Sep-24 06:00:51.054	
0	0	0	1	11	0	0	184	0	0	0	19.8	28.5	0	0	22.7	10.0	10-Sep-24 06:00:51.100	
0	0	0	2	11	0	0	176	0	0	0	19.8	28.5	0	0	22.7	10.0	10-Sep-24 06:00:51.144	
0	0	0	2	8	0	0	159	0	0	0	19.8	28.5	0	0	22.7	10.0	10-Sep-24 06:00:51.187	
0	0	0	3	8	0	0	146	0	0	0	19.8	28.5	0	0	22.7	10.0	10-Sep-24 06:00:51.231	
0	0	0	4	5	0	0	140	0	0	0	19.8	28.5	0	0	22.7	10.0	10-Sep-24 06:00:51.276	
0	0	0	2	6	0	0	173	0	0	0	19.8	28.5	0	0	22.7	10.0	10-Sep-24 06:00:51.320	
0	0	0	0	16	0	0	168	0	0	0	19.8	28.5	0	0	22.7	10.0	10-Sep-24 06:00:51.364	
0	0	0	1	9	0	0	139	0	0	0	19.8	28.5	0	0	22.7	10.0	10-Sep-24 06:00:51.407	
0	0	0	1	5	0	0	174	0	0	0	19.8	28.5	0	0	22.7	10.0	10-Sep-24 06:00:51.452	
0	0	0	2	11	0	0	155	0	0	0	19.8	28.5	0	0	22.7	10.0	10-Sep-24 06:00:51.496	
0	0	0	3	10	0	0	165	0	0	0	19.8	28.5	0	0	22.7	10.0	10-Sep-24 06:00:51.545	
0	0	0	2	9	0	0	148	0	0	0	19.8	28.5	0	0	22.7	10.0	10-Sep-24 06:00:51.593	
0	0	0	1	5	0	0	175	0	0	0	19.8	28.5	0	0	22.7	10.0	10-Sep-24 06:00:51.635	
0	0	0	2	12	0	0	139	0	0	0	19.8	28.5	0	0	22.7	10.0	10-Sep-24 06:00:51.680	
0	0	0	2	8	0	0	173	0	0	0	19.8	28.5	0	0	22.7	10.0	10-Sep-24 06:00:51.723	
0	0	0	1	8	0	0	153	0	0	0	19.8	28.5	0	0	22.7	10.0	10-Sep-24 06:00:51.767	
0	0	0	2	7	0	0	160	0	0	0	19.8	28.5	0	0	22.7	10.0	10-Sep-24 06:00:51.870	
0	0	0	1	7	0	0	181	0	0	0	19.8	28.5	0	0	22.7	10.0	10-Sep-24 06:00:51.917	
0	0	0	2	9	0	0	162	0	0	0	19.8	28.5	0	0	22.7	10.0	10-Sep-24 06:00:51.960	
0	0	0	5	12	0	0	169	0	0	0	19.8	28.5	0	0	22.7	10.0	10-Sep-24 06:00:52.004	
0	0	0	2	13	0	0	180	0	0	0	19.8	28.5	0	0	22.7	10.0	10-Sep-24 06:00:52.055	
0	0	0	1	3	0	0	179	0	0	0	19.8	28.5	0	0	22.7	10.0	10-Sep-24 06:00:52.100	
0	0	0	2	8	0	0	181	0	0	0	19.8	28.5	0	0	22.7	10.0	10-Sep-24 06:00:52.143	
0	0	0	4	12	0	0	175	0	0	0	19.8	28.5	0	0	22.7	10.0	10-Sep-24 06:00:52.188	
0	0	0	1	6	0	0	180	0	0	0	19.8	28.5	0	0	22.7	10.0	10-Sep-24 06:00:52.232	
0	0	0	1	7	0	0	193	0	0	0	19.8	28.5	0	0	22.7	10.0	10-Sep-24 06:00:52.276	
0	0	0	1	11	0	0	154	0	0	0	19.8	28.5	0	0	22.7	10.0	10-Sep-24 06:00:52.320	
0	0	0	2	6	0	0	182	0	0	0	19.8	28.5	0	0	22.7	10.0	10-Sep-24 06:00:52.363	
0	0	0	2	8	0	0	179	0	0	0	19.8	28.5	0	0	22.7	10.0	10-Sep-24 06:00:52.408	
0	0	0	2	12	0	0	175	0	0	0	19.8	28.5	0	0	22.7	10.0	10-Sep-24 06:00:52.452	
0	0	0	1	8	0	0	170	0	0	0	19.8	28.5	0	0	22.7	10.0	10-Sep-24 06:00:52.495	
0	0	0	1	4	0	0	176	0	0	0	19.8	28.5	0	0	22.7	10.0	10-Sep-24 06:00:52.540	
0	0	0	2	10	0	0	166	0	0	0	19.8	28.5	0	0	22.7	10.0	10-Sep-24 06:00:52.591	
0	0	0	2	7	0	0	180	0	0	0	19.8	28.5	0	0	22.7	10.0	10-Sep-24 06:00:52.628	
0	0	0	2	6	0	0	178	0	0	0	19.8	28.5	0	0	22.7	10.0	10-Sep-24 06:00:52.672	
0	0	0	5	11	0	0	162	0	0	0	19.8	28.5	0	0	22.7	10.0	10-Sep-24 06:00:52.716	
0	0	0	2	12	0	0	161	0	0	0	19.8	28.5	0	0	22.7	10.0	10-Sep-24 06:00:52.760	
0	0	0	5	12	0	0	180	0	0	0	19.8	28.5	0	0	22.7	10.0	10-Sep-24 06:00:52.804	
0	0	0	2	8	0	0	179	0	0	0	19.8	28.5	0	0	22.7	10.0	10-Sep-24 06:00:52.848	
0	0	0	2	12	0	0	164	0	0	0	19.8	28.5	0	0	22.7	10.0	10-Sep-24 06:00:52.951	
0	0	0	3	3	0	0	183	0	0	0	19.8	28.5	0	0	22.7	10.0	10-Sep-24 06:00:52.995	
0	0	0	3	8	0	0	164	0	0	0	19.8	28.5	0	0	22.7	10.0	10-Sep-24 06:00:53.039	
0	0	0	6	4	0	0	154	0	0	0	19.8	28.5	0	0	22.7	10.0	10-Sep-24 06:00:53.092	
0	0	0	2	7	0	0	157	0	0	0	19.8	28.5	0	0	22.7	10.0	10-Sep-24 06:00:53.135	
0	0	0	2	8	0	0	158	0	0	0	19.8	28.5	0	0	22.7	10.0	10-Sep-24 06:00:53.179	
0	0	0	2	7	0	0	160	0	0	0	19.8	28.5	0	0	22.7	10.0	10-Sep-24 06:00:53.223	
0	0	0	1	7	0	0	184	0	0	0	19.8	28.5	0	0	22.7	10.0	10-Sep-24 06:00:53.268	
0	0	0	2	16	0	0	167	0	0	0	19.8	28.5	0	0	22.7	10.0	10-Sep-24 06:00:53.312	
0	0	0	1	9	0	0	173	0	0	0	19.8	28.5	0	0	22.7	10.0	10-Sep-24 06:00:53.356	
0	0	0	2	12	0	0	150	0	0	0	19.8	28.5	0	0	22.7	10.0	10-Sep-24 06:00:53.400	
0	0	0	1	5	0	0	156	0	0	0	19.8	28.5	0	0	22.7	10.0	10-Sep-24 06:00:53.443	
0	0	0	3	7	0	0	180	0	0	0	19.8	28.5	0	0	22.7	10.0	10-Sep-24 06:00:53.488	
0	0	0	4	5	0	0	148	0	0	0	19.8	28.5	0	0	22.7	10.0	10-Sep-24 06:00:53.531	
0	0	0	3	9	0	0	169	0	0	0	19.8	28.5	0	0	22.7	10.0	10-Sep-24 06:00:53.575	
0	0	0	2	10	0	0	172	0	0	0	19.8	28.5	0	0	22.7	10.0	10-Sep-24 06:00:53.627	
0	0	0	3	8	0	0	155	0	0	0	19.8	28.5	0	0	22.7	10.0	10-Sep-24 06:00:53.672	
0	0	0	3	5	0	0	175	0	0	0	19.8	28.5	0	0	22.7	10.0	10-Sep-24 06:00:53.716	
0	0	0	2	9	0	0	160	0	0	0	19.8	28.5	0	0	22.7	10.0	10-Sep-24 06:00:53.760	
0	0	0	1	6	0	0	151	0	0	0	19.8	28.5	0	0	22.7	10.0	10-Sep-24 06:00:53.804	
0	0	0	3	7	0	0	175	0	0	0	19.8	28.5	0	0	22.7	10.0	10-Sep-24 06:00:53.847	
0	0	0	2	7	0	0	176	0	0	0	19.8	28.5	0	0	22.7	10.0	10-Sep-24 06:00:53.884	
0	0	0	1	9	0	0	177	0	0	0	19.8	28.5	0	0	22.7	10.0	10-Sep-24 06:00:53.928	
0	0	0	3	6	0	0	156	0	0	0	19.8	28.5	0	0	22.7	10.0	10-Sep-24 06:00:54.030	
0	0	0	1	8	0	0	195	0	0	0	19.8	28.5	0	0	22.7	10.0	10-Sep-24 06:00:54.076	
0	0	0	1	8	0	0	181	0	0	0	19.8	28.5	0	0	22.7	10.0	10-Sep-24 06:00:54.127	
0	0	0	1	7	0	0	176	0	0	0	19.8	28.5	0	0	22.7	10.0	10-Sep-24 06:00:54.172	
0	0	0	2	6	0	0	162	0	0	0	19.8	28.5	0	0	22.7	10.0	10-Sep-24 06:00:54.215	
0	0	0	3	8	0	0	173	0	0	0	19.8	28.5	0	0	22.7	10.0	10-Sep-24 06:00:54.252	
0	0	0	2	5	0	0	177	0	0	0	19.8	28.5	0	0	22.7	10.0	10-Sep-24 06:00:54.296	
0	0	0	3	9	0	0	179	0	0	0	19.8	28.5	0	0	22.7	10.0	10-Sep-24 06:00:54.340	
0	0	0	2	12	0	0	172	0	0	0	19.8	28.5	0	0	22.7	10.0	10-Sep-24 06:00:54.383	
0	0	0	4	7	0	0	150	0	0	0	19.8	28.5	0	0	22.7	10.0	10-Sep-24 06:00:54.428	
0	0	0	2	5	0	0	189	0	0	0	19.8	28.5	0	0	22.7	10.0	10-Sep-24 06:00:54.471	
0	0	0	1	7	0	0	154	0	0	0	19.8	28.5	0	0	22.7	10.0	10-Sep-24 06:00:54.515	
0	0	0	1	7	0	0	175	0	0	0	19.8	28.5	0	0	22.7	10.0	10-Sep-24 06:00:54.559	
0	0	0	4	5	0	0	172	0	0	0	19.8	28.5	0	0	22.7	10.0	10-Sep-24 06:00:54.609	
0	0	0	1	5	0	0	172	0	0	0	19.8	28.5	0	0	22.7	10.0	10-Sep-24 06:00:54.656	
0	0	0	5	7	0	0	155	0	0	0	19.8	28.5	0	0	22.7	10.0	10-Sep-24 06:00:54.700	
0	0	0	2	17	0	0	181	0	0	0	19.8	28.5	0	0	22.7	10.0	10-Sep-24 06:00:54.744	
0	0	0	2	11	0	0	180	0	0	0	19.8	28.5	0	0	22.7	10.0	10-Sep-24 06:00:54.788	
0	0	0	1	10	0	0	169	0	0	0	19.8	28.5	0	0	22.7	10.0	10-Sep-24 06:00:54.832	
0	0	0	2	7	0	0	159	0	0	0	19.8	28.5	0	0	22.7	10.0	10-Sep-24 06:00:54.901	
0	0	0	2	9	0	0	191	0	0	0	19.8	28.5	0	0	22.7	10.0	10-Sep-24 06:00:54.974	
0	0	0	3	9	0	0	183	0	0	0	19.8	28.5	0	0	22.7	10.0	10-Sep-24 06:00:55.117	
0	0	0	4	10	0	0	147	0	0	0	19.8	28.5	0	0	22.7	10.0	10-Sep-24 06:00:55.170	
0	0	0	4	12	0	0	178	0	0	0	19.8	28.5	0	0	22.7	10.0	10-Sep-24 06:00:55.216	
0	0	0	3	6	0	0	155	0	0	0	19.8	28.5	0	0	22.7	10.0	10-Sep-24 06:00:55.260	
0	0	0	2	16	0	0	190	0	0	0	19.8	28.5	0	0	22.7	10.0	10-Sep-24 06:00:55.304	
0	0	0	1	11	0	0	158	0	0	0	19.8	28.5	0	0	22.7	10.0	10-Sep-24 06:00:55.348	
0	0	0	1	9	0	0	164	0	0	0	19.8	28.5	0	0	22.7	10.0	10-Sep-24 06:00:55.391	
0	0	0	1	6	0	0	185	0	0	0	19.8	28.5	0	0	22.7	10.0	10-Sep-24 06:00:55.435	
0	0	0	2	6	0	0	179	0	0	0	19.8	28.5	0	0	22.7	10.0	10-Sep-24 06:00:55.480	
0	0	0	2	10	0	0	168	0	0	0	19.8	28.5	0	0	22.7	10.0	10-Sep-24 06:00:55.524	
0	0	0	2	10	0	0	143	0	0	0	19.8	28.5	0	0	22.7	10.0	10-Sep-24 06:00:55.568	
0	0	0	2	8	0	0	191	0	0	0	19.8	28.5	0	0	22.7	10.0	10-Sep-24 06:00:55.617	
0	0	0	1	6	0	0	162	0	0	0	19.8	28.5	0	0	22.7	10.0	10-Sep-24 06:00:55.664	
0	0	0	1	6	0	0	165	0	0	0	19.8	28.5	0	0	22.7	10.0	10-Sep-24 06:00:55.707	
0	0	0	3	10	0	0	155	0	0	0	19.8	28.5	0	0	22.7	10.0	10-Sep-24 06:00:55.752	
0	0	0	1	6	0	0	171	0	0	0	19.8	28.5	0	0	22.7	10.0	10-Sep-24 06:00:55.795	
0	0	0	1	6	0	0	175	0	0	0	19.8	28.5	0	0	22.7	10.0	10-Sep-24 06:00:55.840	
0	0	0	2	10	0	0	171	0	0	0	19.8	28.5	0	0	22.7	10.0	10-Sep-24 06:00:55.883	
0	0	0	1	8	0	0	170	0	0	0	19.8	28.5	0	0	22.7	10.0	10-Sep-24 06:00:55.929	
0	0	0	3	10	0	0	177	0	0	0	19.8	28.5	0	0	22.7	10.0	10-Sep-24 06:00:55.972	
0	0	0	2	3	0	0	176	0	0	0	19.8	28.5	0	0	22.7	10.0	10-Sep-24 06:00:56.015	
0	0	0	2	7	0	0	193	0	0	0	19.8	28.5	0	0	22.7	10.0	10-Sep-24 06:00:56.059	
0	0	0	1	9	0	0	168	0	0	0	19.8	28.5	0	0	22.7	10.0	10-Sep-24 06:00:56.103	
0	0	0	3	8	0	0	173	0	0	0	19.8	28.5	0	0	22.7	10.0	10-Sep-24 06:00:56.215	
0	0	0	1	9	0	0	171	0	0	0	19.8	28.5	0	0	22.7	10.0	10-Sep-24 06:00:56.260	
0	0	0	1	10	0	0	182	0	0	0	19.8	28.5	0	0	22.7	10.0	10-Sep-24 06:00:56.304	
0	0	0	2	14	0	0	178	0	0	0	19.8	28.5	0	0	22.7	10.0	10-Sep-24 06:00:56.348	
0	0	0	2	9	0	0	172	0	0	0	19.8	28.5	0	0	22.7	10.0	10-Sep-24 06:00:56.392	
0	0	0	2	9	0	0	167	0	0	0	19.8	28.5	0	0	22.7	10.0	10-Sep-24 06:00:56.436	
0	0	0	3	5	0	0	172	0	0	0	19.8	28.5	0	0	22.7	10.0	10-Sep-24 06:00:56.479	
0	0	0	2	7	0	0	161	0	0	0	19.8	28.5	0	0	22.7	10.0	10-Sep-24 06:00:56.523	
0	0	0	3	6	0	0	179	0	0	0	19.8	28.5	0	0	22.7	10.0	10-Sep-24 06:00:56.568	
0	0	0	4	8	0	0	174	0	0	0	19.8	28.5	0	0	22.7	10.0	10-Sep-24 06:00:56.612	
0	0	0	2	6	0	0	165	0	0	0	19.8	28.5	0	0	22.7	10.0	10-Sep-24 06:00:56.663	
0	0	0	4	7	0	0	176	0	0	0	19.8	28.5	0	0	22.7	10.0	10-Sep-24 06:00:56.708	
0	0	0	2	3	0	0	151	0	0	0	19.8	28.5	0	0	22.7	10.0	10-Sep-24 06:00:56.751	
0	0	0	5	11	0	0	155	0	0	0	19.8	28.5	0	0	22.7	10.0	10-Sep-24 06:00:56.796	
0	0	0	1	4	0	0	184	0	0	0	19.8	28.5	0	0	22.7	10.0	10-Sep-24 06:00:56.839	
0	0	0	2	14	0	0	169	0	0	0	19.8	28.5	0	0	22.7	10.0	10-Sep-24 06:00:56.884	
0	0	0	2	5	0	0	164	0	0	0	19.8	28.5	0	0	22.7	10.0	10-Sep-24 06:00:56.928	
0	0	0	4	11	0	0	172	0	0	0	19.8	28.5	0	0	22.7	10.0	10-Sep-24 06:00:56.972	
0	0	0	2	15	0	0	176	0	0	0	19.8	28.5	0	0	22.7	10.0	10-Sep-24 06:00:57.016	
0	0	0	1	10	0	0	174	0	0	0	19.8	28.5	0	0	22.7	10.0	10-Sep-24 06:00:57.059	
0	0	0	2	4	0	0	146	0	0	0	19.8	28.5	0	0	22.7	10.0	10-Sep-24 06:00:57.103	
0	0	0	2	7	0	0	154	0	0	0	19.8	28.5	0	0	22.7	10.0	10-Sep-24 06:00:57.154	
0	0	0	4	7	0	0	184	0	0	0	19.8	28.5	0	0	22.7	10.0	10-Sep-24 06:00:57.193	
0	0	0	3	10	0	0	159	0	0	0	19.8	28.5	0	0	22.7	10.0	10-Sep-24 06:00:57.294	
0	0	0	3	11	0	0	158	0	0	0	19.8	28.5	0	0	22.7	10.0	10-Sep-24 06:00:57.340	
0	0	0	2	10	0	0	185	0	0	0	19.8	28.5	0	0	22.7	10.0	10-Sep-24 06:00:57.384	
0	0	0	4	6	0	0	173	0	0	0	19.8	28.5	0	0	22.7	10.0	10-Sep-24 06:00:57.428	
0	0	0	4	11	0	0	169	0	0	0	19.8	28.5	0	0	22.7	10.0	10-Sep-24 06:00:57.472	
0	0	0	1	9	0	0	161	0	0	0	19.8	28.5	0	0	22.7	10.0	10-Sep-24 06:00:57.516	
0	0	0	2	8	0	0	175	0	0	0	19.8	28.5	0	0	22.7	10.0	10-Sep-24 06:00:57.559	
0	0	0	2	5	0	0	161	0	0	0	19.8	28.5	0	0	22.7	10.0	10-Sep-24 06:00:57.604	
0	0	0	3	7	0	0	164	0	0	0	19.8	28.5	0	0	22.7	10.0	10-Sep-24 06:00:57.648	
0	0	0	1	8	0	0	181	0	0	0	19.8	28.5	0	0	22.7	10.0	10-Sep-24 06:00:57.690	
0	0	0	6	12	0	0	167	0	0	0	19.8	28.5	0	0	22.7	10.0	10-Sep-24 06:00:57.727	
0	0	0	2	9	0	0	166	0	0	0	19.8	28.5	0	0	22.7	10.0	10-Sep-24 06:00:57.772	
0	0	0	3	12	0	0	174	0	0	0	19.8	28.5	0	0	22.7	10.0	10-Sep-24 06:00:57.816	
0	0	0	3	9	0	0	155	0	0	0	19.8	28.5	0	0	22.7	10.0	10-Sep-24 06:00:57.860	
0	0	0	2	13	0	0	173	0	0	0	19.8	28.5	0	0	22.7	10.0	10-Sep-24 06:00:57.904	
0	0	0	1	9	0	0	174	0	0	0	19.8	28.5	0	0	22.7	10.0	10-Sep-24 06:00:57.948	
0	0	0	1	9	0	0	165	0	0	0	19.8	28.5	0	0	22.7	10.0	10-Sep-24 06:00:57.992	
0	0	0	2	9	0	0	172	0	0	0	19.8	28.5	0	0	22.7	10.0	10-Sep-24 06:00:58.035	
0	0	0	3	7	0	0	184	0	0	0	19.8	28.5	0	0	22.7	10.0	10-Sep-24 06:00:58.080	
0	0	0	1	9	0	0	187	0	0	0	19.8	28.5	0	0	22.7	10.0	10-Sep-24 06:00:58.124	
0	0	0	3	9	0	0	181	0	0	0	19.8	28.5	0	0	22.7	10.0	10-Sep-24 06:00:58.176	
0	0	0	3	6	0	0	187	0	0	0	19.8	28.5	0	0	22.7	10.0	10-Sep-24 06:00:58.221	
0	0	0	2	8	0	0	180	0	0	0	19.8	28.5	0	0	22.7	10.0	10-Sep-24 06:00:58.264	
0	0	0	3	11	0	0	183	0	0	0	19.8	28.5	0	0	22.7	10.0	10-Sep-24 06:00:58.357	
0	0	0	3	9	0	0	178	0	0	0	19.8	28.5	0	0	22.7	10.0	10-Sep-24 06:00:58.404	
0	0	0	1	8	0	0	160	0	0	0	19.8	28.5	0	0	22.7	10.0	10-Sep-24 06:00:58.448	
0	0	0	1	8	0	0	171	0	0	0	19.8	28.5	0	0	22.7	10.0	10-Sep-24 06:00:58.492	
0	0	0	3	9	0	0	189	0	0	0	19.8	28.5	0	0	22.7	10.0	10-Sep-24 06:00:58.535	
0	0	0	4	4	0	0	135	0	0	0	19.8	28.5	0	0	22.7	10.0	10-Sep-24 06:00:58.580	
0	0	0	2	8	0	0	157	0	0	0	19.8	28.5	0	0	22.7	10.0	10-Sep-24 06:00:58.623	
0	0	0	2	8	0	0	178	0	0	0	19.8	28.5	0	0	22.7	10.0	10-Sep-24 06:00:58.668	
0	0	0	3	7	0	0	161	0	0	0	19.8	28.5	0	0	22.7	10.0	10-Sep-24 06:00:58.719	
0	0	0	1	11	0	0	179	0	0	0	19.8	28.5	0	0	22.7	10.0	10-Sep-24 06:00:58.765	
0	0	0	2	10	0	0	172	0	0	0	19.8	28.5	0	0	22.7	10.0	10-Sep-24 06:00:58.807	
0	0	0	4	8	0	0	163	0	0	0	19.8	28.5	0	0	22.7	10.0	10-Sep-24 06:00:58.852	
0	0	0	2	12	0	0	191	0	0	0	19.8	28.5	0	0	22.7	10.0	10-Sep-24 06:00:58.895	
0	0	0	0	7	0	0	166	0	0	0	19.8	28.5	0	0	22.7	10.0	10-Sep-24 06:00:58.940	
0	0	0	2	7	0	0	171	0	0	0	19.8	28.5	0	0	22.7	10.0	10-Sep-24 06:00:58.984	
0	0	0	2	4	0	0	169	0	0	0	19.8	28.5	0	0	22.7	10.0	10-Sep-24 06:00:59.027	
0	0	0	4	9	0	0	171	0	0	0	19.8	28.5	0	0	22.7	10.0	10-Sep-24 06:00:59.073	
0	0	0	2	6	0	0	180	0	0	0	19.8	28.5	0	0	22.7	10.0	10-Sep-24 06:00:59.115	
0	0	0	2	8	0	0	178	0	0	0	19.8	28.5	0	0	22.7	10.0	10-Sep-24 06:00:59.159	
0	0	0	1	10	0	0	149	0	0	0	19.8	28.5	0	0	22.7	10.0	10-Sep-24 06:00:59.209	
0	0	0	4	9	0	0	179	0	0	0	19.8	28.5	0	0	22.7	10.0	10-Sep-24 06:00:59.248	
0	0	0	2	5	0	0	165	0	0	0	19.8	28.5	0	0	22.7	10.0	10-Sep-24 06:00:59.292	
0	0	0	2	14	0	0	152	0	0	0	19.8	28.5	0	0	22.7	10.0	10-Sep-24 06:00:59.336	
0	0	0	2	4	0	0	170	0	0	0	19.8	28.5	0	0	22.7	10.0	10-Sep-24 06:00:59.437	
0	0	0	3	7	0	0	182	0	0	0	19.8	28.5	0	0	22.7	10.0	10-Sep-24 06:00:59.484	
0	0	0	3	5	0	0	171	0	0	0	19.8	28.5	0	0	22.7	10.0	10-Sep-24 06:00:59.527	
0	0	0	4	9	0	0	175	0	0	0	19.8	28.5	0	0	22.7	10.0	10-Sep-24 06:00:59.572	
0	0	0	2	9	0	0	148	0	0	0	19.8	28.5	0	0	22.7	10.0	10-Sep-24 06:00:59.615	
0	0	0	4	8	0	0	159	0	0	0	19.8	28.5	0	0	22.7	10.0	10-Sep-24 06:00:59.660	
0	0	0	4	7	0	0	181	0	0	0	19.8	28.5	0	0	22.7	10.0	10-Sep-24 06:00:59.712	
0	0	0	1	10	0	0	174	0	0	0	19.8	28.5	0	0	22.7	10.0	10-Sep-24 06:00:59.756	
0	0	0	2	9	0	0	191	0	0	0	19.8	28.5	0	0	22.7	10.0	10-Sep-24 06:00:59.800	
0	0	0	1	9	0	0	168	0	0	0	19.8	28.5	0	0	22.7	10.0	10-Sep-24 06:00:59.844	
0	0	0	2	11	0	0	193	0	0	0	19.8	28.5	0	0	22.7	10.0	10-Sep-24 06:00:59.887	
0	0	0	2	9	0	0	176	0	0	0	19.8	28.5	0	0	22.7	10.0	10-Sep-24 06:00:59.931	
0	0	0	2	13	0	0	191	0	0	0	19.8	28.5	0	0	22.7	10.0	10-Sep-24 06:00:59.976	
0	0	0	2	6	0	0	169	0	0	0	19.8	28.5	0	0	22.7	10.0	10-Sep-24 06:01:00.020	
0	0	0	2	10	0	0	181	0	0	0	19.8	28.5	0	0	22.7	10.0	10-Sep-24 06:01:00.063	
0	0	0	2	7	0	0	183	0	0	0	19.8	28.5	0	0	22.7	10.0	10-Sep-24 06:01:00.133	
0	0	0	2	9	0	0	176	0	0	0	19.8	28.5	0	0	22.7	10.0	10-Sep-24 06:01:00.222	
0	0	0	3	10	0	0	168	0	0	0	19.8	28.5	0	0	22.7	10.0	10-Sep-24 06:01:00.307	
0	0	0	3	12	0	0	171	0	0	0	19.8	28.5	0	0	22.7	10.0	10-Sep-24 06:01:00.350	
0	0	0	2	11	0	0	175	0	0	0	19.8	28.5	0	0	22.7	10.0	10-Sep-24 06:01:00.396	
0	0	0	2	7	0	0	185	0	0	0	19.8	28.5	0	0	22.7	10.0	10-Sep-24 06:01:00.499	
0	0	0	1	11	0	0	176	0	0	0	19.8	28.5	0	0	22.7	10.0	10-Sep-24 06:01:00.539	
0	0	0	2	9	0	0	153	0	0	0	19.8	28.5	0	0	22.7	10.0	10-Sep-24 06:01:00.584	
0	0	0	1	11	0	0	151	0	0	0	19.8	28.5	0	0	22.7	10.0	10-Sep-24 06:01:00.628	
0	0	0	2	5	0	0	155	0	0	0	19.8	28.5	0	0	22.7	10.0	10-Sep-24 06:01:00.672	
0	0	0	3	13	0	0	175	0	0	0	19.8	28.5	0	0	22.7	10.0	10-Sep-24 06:01:00.725	
0	0	0	2	11	0	0	176	0	0	0	19.8	28.5	0	0	22.7	10.0	10-Sep-24 06:01:00.770	
0	0	0	1	8	0	0	148	0	0	0	19.8	28.5	0	0	22.7	10.0	10-Sep-24 06:01:00.812	
0	0	0	1	9	0	0	163	0	0	0	19.8	28.5	0	0	22.7	10.0	10-Sep-24 06:01:00.856	
0	0	0	2	10	0	0	164	0	0	0	19.8	28.5	0	0	22.7	10.0	10-Sep-24 06:01:00.899	
0	0	0	1	8	0	0	171	0	0	0	19.8	28.5	0	0	22.7	10.0	10-Sep-24 06:01:00.944	
0	0	0	2	8	0	0	174	0	0	0	19.8	28.5	0	0	22.7	10.0	10-Sep-24 06:01:00.987	
0	0	0	4	7	0	0	195	0	0	0	19.8	28.5	0	0	22.7	10.0	10-Sep-24 06:01:01.032	
0	0	0	1	8	0	0	187	0	0	0	19.8	28.5	0	0	22.7	10.0	10-Sep-24 06:01:01.076	
0	0	0	3	3	0	0	195	0	0	0	19.8	28.5	0	0	22.7	10.0	10-Sep-24 06:01:01.120	
0	0	0	2	6	0	0	190	0	0	0	19.8	28.5	0	0	22.7	10.0	10-Sep-24 06:01:01.163	
0	0	0	2	11	0	0	178	0	0	0	19.8	28.5	0	0	22.7	10.0	10-Sep-24 06:01:01.208	
0	0	0	6	7	0	0	161	0	0	0	19.8	28.5	0	0	22.7	10.0	10-Sep-24 06:01:01.260	
0	0	0	2	12	0	0	187	0	0	0	19.8	28.5	0	0	22.7	10.0	10-Sep-24 06:01:01.304	
0	0	0	3	6	0	0	194	0	0	0	19.8	28.5	0	0	22.7	10.0	10-Sep-24 06:01:01.348	
0	0	0	2	11	0	0	151	0	0	0	19.8	28.5	0	0	22.7	10.0	10-Sep-24 06:01:01.392	
0	0	0	1	8	0	0	141	0	0	0	19.8	28.5	0	0	22.7	10.0	10-Sep-24 06:01:01.435	
0	0	0	3	10	0	0	165	0	0	0	19.8	28.5	0	0	22.7	10.0	10-Sep-24 06:01:01.480	
0	0	0	3	16	0	0	153	0	0	0	19.8	28.5	0	0	22.7	10.0	10-Sep-24 06:01:01.573	
0	0	0	1	9	0	0	187	0	0	0	19.8	28.5	0	0	22.7	10.0	10-Sep-24 06:01:01.620	
0	0	0	3	9	0	0	189	0	0	0	19.8	28.5	0	0	22.7	10.0	10-Sep-24 06:01:01.663	
0	0	0	3	8	0	0	158	0	0	0	19.8	28.5	0	0	22.7	10.0	10-Sep-24 06:01:01.701	
0	0	0	1	5	0	0	181	0	0	0	19.8	28.5	0	0	22.7	10.0	10-Sep-24 06:01:01.749	
0	0	0	4	12	0	0	179	0	0	0	19.8	28.5	0	0	22.7	10.0	10-Sep-24 06:01:01.796	
0	0	0	5	13	0	0	159	0	0	0	19.8	28.5	0	0	22.7	10.0	10-Sep-24 06:01:01.840	
0	0	0	2	6	0	0	156	0	0	0	19.8	28.5	0	0	22.7	10.0	10-Sep-24 06:01:01.884	
0	0	0	1	3	0	0	161	0	0	0	19.8	28.5	0	0	22.7	10.0	10-Sep-24 06:01:01.927	
0	0	0	1	10	0	0	172	0	0	0	19.8	28.5	0	0	22.7	10.0	10-Sep-24 06:01:01.972	
0	0	0	3	7	0	0	173	0	0	0	19.8	28.5	0	0	22.7	10.0	10-Sep-24 06:01:02.015	
0	0	0	4	9	0	0	166	0	0	0	19.8	28.5	0	0	22.7	10.0	10-Sep-24 06:01:02.059	
0	0	0	4	9	0	0	165	0	0	0	19.8	28.5	0	0	22.7	10.0	10-Sep-24 06:01:02.104	
0	0	0	6	2	0	0	162	0	0	0	19.8	28.5	0	0	22.7	10.0	10-Sep-24 06:01:02.148	
0	0	0	4	12	0	0	182	0	0	0	19.8	28.5	0	0	22.7	10.0	10-Sep-24 06:01:02.192	
0	0	0	4	9	0	0	184	0	0	0	19.8	28.5	0	0	22.7	10.0	10-Sep-24 06:01:02.236	
0	0	0	1	12	0	0	160	0	0	0	19.8	28.5	0	0	22.7	10.0	10-Sep-24 06:01:02.283	
0	0	0	3	14	0	0	163	0	0	0	19.8	28.5	0	0	22.7	10.0	10-Sep-24 06:01:02.328	
0	0	0	3	8	0	0	170	0	0	0	19.8	28.5	0	0	22.7	10.0	10-Sep-24 06:01:02.371	
0	0	0	2	10	0	0	181	0	0	0	19.8	28.5	0	0	22.7	10.0	10-Sep-24 06:01:02.415	
0	0	0	1	7	0	0	174	0	0	0	19.8	28.5	0	0	22.7	10.0	10-Sep-24 06:01:02.459	
0	0	0	1	10	0	0	186	0	0	0	19.8	28.5	0	0	22.7	10.0	10-Sep-24 06:01:02.503	
0	0	0	3	8	0	0	167	0	0	0	19.8	28.5	0	0	22.7	10.0	10-Sep-24 06:01:02.547	
0	0	0	1	13	0	0	153	0	0	0	19.8	28.5	0	0	22.7	10.0	10-Sep-24 06:01:02.650	
0	0	0	4	8	0	0	174	0	0	0	19.8	28.5	0	0	22.7	10.0	10-Sep-24 06:01:02.695	
0	0	0	2	10	0	0	141	0	0	0	19.8	28.5	0	0	22.7	10.0	10-Sep-24 06:01:02.740	
0	0	0	2	5	0	0	158	0	0	0	19.8	28.5	0	0	22.7	10.0	10-Sep-24 06:01:02.792	
0	0	0	1	4	0	0	162	0	0	0	19.8	28.5	0	0	22.7	10.0	10-Sep-24 06:01:02.836	
0	0	0	2	7	0	0	183	0	0	0	19.8	28.5	0	0	22.7	10.0	10-Sep-24 06:01:02.879	
0	0	0	1	9	0	0	154	0	0	0	19.8	28.5	0	0	22.7	10.0	10-Sep-24 06:01:02.924	
0	0	0	2	6	0	0	179	0	0	0	19.8	28.5	0	0	22.7	10.0	10-Sep-24 06:01:02.968	
0	0	0	2	6	0	0	177	0	0	0	19.8	28.5	0	0	22.7	10.0	10-Sep-24 06:01:03.012	
0	0	0	4	5	0	0	151	0	0	0	19.8	28.5	0	0	22.7	10.0	10-Sep-24 06:01:03.057	
0	0	0	2	8	0	0	180	0	0	0	19.8	28.5	0	0	22.7	10.0	10-Sep-24 06:01:03.099	
0	0	0	4	12	0	0	186	0	0	0	19.8	28.5	0	0	22.7	10.0	10-Sep-24 06:01:03.144	
0	0	0	2	5	0	0	169	0	0	0	19.8	28.5	0	0	22.7	10.0	10-Sep-24 06:01:03.188	
0	0	0	1	7	0	0	174	0	0	0	19.8	28.5	0	0	22.7	10.0	10-Sep-24 06:01:03.231	
0	0	0	3	5	0	0	186	0	0	0	19.8	28.5	0	0	22.7	10.0	10-Sep-24 06:01:03.282	
0	0	0	2	9	0	0	171	0	0	0	19.8	28.5	0	0	22.7	10.0	10-Sep-24 06:01:03.328	
0	0	0	2	5	0	0	175	0	0	0	19.8	28.5	0	0	22.7	10.0	10-Sep-24 06:01:03.372	
0	0	0	2	8	0	0	177	0	0	0	19.8	28.5	0	0	22.7	10.0	10-Sep-24 06:01:03.416	
0	0	0	1	10	0	0	200	0	0	0	19.8	28.5	0	0	22.7	10.0	10-Sep-24 06:01:03.460	
0	0	0	2	4	0	0	165	0	0	0	19.8	28.5	0	0	22.7	10.0	10-Sep-24 06:01:03.504	
0	0	0	1	14	0	0	164	0	0	0	19.8	28.5	0	0	22.7	10.0	10-Sep-24 06:01:03.548	
0	0	0	2	9	0	0	160	0	0	0	19.8	28.5	0	0	22.7	10.0	10-Sep-24 06:01:03.592	
0	0	0	2	11	0	0	163	0	0	0	19.8	28.5	0	0	22.7	10.0	10-Sep-24 06:01:03.635	
0	0	0	2	4	0	0	161	0	0	0	19.8	28.5	0	0	22.7	10.0	10-Sep-24 06:01:03.738	
0	0	0	4	8	0	0	141	0	0	0	19.8	28.5	0	0	22.7	10.0	10-Sep-24 06:01:03.792	
0	0	0	2	11	0	0	164	0	0	0	19.8	28.5	0	0	22.7	10.0	10-Sep-24 06:01:03.836	
0	0	0	3	8	0	0	173	0	0	0	19.8	28.5	0	0	22.7	10.0	10-Sep-24 06:01:03.878	
0	0	0	2	6	0	0	164	0	0	0	19.8	28.5	0	0	22.7	10.0	10-Sep-24 06:01:03.923	
0	0	0	2	11	0	0	160	0	0	0	19.8	28.5	0	0	22.7	10.0	10-Sep-24 06:01:03.969	
0	0	0	2	11	0	0	173	0	0	0	19.8	28.5	0	0	22.7	10.0	10-Sep-24 06:01:04.012	
0	0	0	2	11	0	0	146	0	0	0	19.8	28.5	0	0	22.7	10.0	10-Sep-24 06:01:04.056	
0	0	0	1	7	0	0	166	0	0	0	19.8	28.5	0	0	22.7	10.0	10-Sep-24 06:01:04.092	
0	0	0	2	8	0	0	164	0	0	0	19.8	28.5	0	0	22.7	10.0	10-Sep-24 06:01:04.135	
0	0	0	3	8	0	0	170	0	0	0	19.8	28.5	0	0	22.7	10.0	10-Sep-24 06:01:04.179	
0	0	0	3	6	0	0	172	0	0	0	19.8	28.5	0	0	22.7	10.0	10-Sep-24 06:01:04.224	
0	0	0	5	11	0	0	188	0	0	0	19.8	28.5	0	0	22.7	10.0	10-Sep-24 06:01:04.268	
0	0	0	1	7	0	0	177	0	0	0	19.8	28.5	0	0	22.7	10.0	10-Sep-24 06:01:04.320	
0	0	0	4	5	0	0	172	0	0	0	19.8	28.5	0	0	22.7	10.0	10-Sep-24 06:01:04.364	
0	0	0	1	4	0	0	192	0	0	0	19.8	28.5	0	0	22.7	10.0	10-Sep-24 06:01:04.408	
0	0	0	3	6	0	0	172	0	0	0	19.8	28.5	0	0	22.7	10.0	10-Sep-24 06:01:04.451	
0	0	0	3	10	0	0	185	0	0	0	19.8	28.5	0	0	22.7	10.0	10-Sep-24 06:01:04.496	
0	0	0	3	13	0	0	164	0	0	0	19.8	28.5	0	0	22.7	10.0	10-Sep-24 06:01:04.540	
0	0	0	5	9	0	0	178	0	0	0	19.8	28.5	0	0	22.7	10.0	10-Sep-24 06:01:04.583	
0	0	0	2	7	0	0	155	0	0	0	19.8	28.5	0	0	22.7	10.0	10-Sep-24 06:01:04.628	
0	0	0	1	11	0	0	181	0	0	0	19.8	28.5	0	0	22.7	10.0	10-Sep-24 06:01:04.672	
0	0	0	5	6	0	0	180	0	0	0	19.8	28.5	0	0	22.7	10.0	10-Sep-24 06:01:04.715	
0	0	0	1	10	0	0	146	0	0	0	19.8	28.5	0	0	22.7	10.0	10-Sep-24 06:01:04.828	
0	0	0	2	14	0	0	174	0	0	0	19.8	28.5	0	0	22.7	10.0	10-Sep-24 06:01:04.867	
0	0	0	1	6	0	0	156	0	0	0	19.8	28.5	0	0	22.7	10.0	10-Sep-24 06:01:04.911	
0	0	0	2	8	0	0	163	0	0	0	19.8	28.5	0	0	22.7	10.0	10-Sep-24 06:01:04.955	
0	0	0	0	8	0	0	184	0	0	0	19.8	28.5	0	0	22.7	10.0	10-Sep-24 06:01:04.999	
