C1	C2	C3	C4	C5	C6	C7	C8	BC1	BC2	BC3	BC4	BC5	BC6	BC7	BC8	IT	T

0	0	0	0	1	0	0	45	0	0	0	19.8	28.5	0	0	22.7	10.0	10-Sep-24 06:09:13.311	
0	0	0	1	4	0	0	44	0	0	0	19.8	28.5	0	0	22.7	10.0	10-Sep-24 06:09:13.355	
0	0	0	1	4	0	0	41	0	0	0	19.8	28.5	0	0	22.7	10.0	10-Sep-24 06:09:13.399	
0	0	0	2	7	0	0	54	0	0	0	19.8	28.5	0	0	22.7	10.0	10-Sep-24 06:09:13.443	
0	0	0	0	2	0	0	36	0	0	0	19.8	28.5	0	0	22.7	10.0	10-Sep-24 06:09:13.480	
0	0	0	2	3	0	0	45	0	0	0	19.8	28.5	0	0	22.7	10.0	10-Sep-24 06:09:13.523	
0	0	0	1	5	0	0	43	0	0	0	19.8	28.5	0	0	22.7	10.0	10-Sep-24 06:09:13.568	
0	0	0	2	3	0	0	40	0	0	0	19.8	28.5	0	0	22.7	10.0	10-Sep-24 06:09:13.612	
0	0	0	1	3	0	0	38	0	0	0	19.8	28.5	0	0	22.7	10.0	10-Sep-24 06:09:13.662	
0	0	0	1	6	0	0	35	0	0	0	19.8	28.5	0	0	22.7	10.0	10-Sep-24 06:09:13.705	
0	0	0	2	3	0	0	49	0	0	0	19.8	28.5	0	0	22.7	10.0	10-Sep-24 06:09:13.747	
0	0	0	1	2	0	0	50	0	0	0	19.8	28.5	0	0	22.7	10.0	10-Sep-24 06:09:13.791	
0	0	0	1	2	0	0	30	0	0	0	19.8	28.5	0	0	22.7	10.0	10-Sep-24 06:09:13.836	
0	0	0	2	4	0	0	55	0	0	0	19.8	28.5	0	0	22.7	10.0	10-Sep-24 06:09:13.880	
0	0	0	1	3	0	0	42	0	0	0	19.8	28.5	0	0	22.7	10.0	10-Sep-24 06:09:13.923	
0	0	0	1	4	0	0	41	0	0	0	19.8	28.5	0	0	22.7	10.0	10-Sep-24 06:09:13.968	
0	0	0	2	4	0	0	40	0	0	0	19.8	28.5	0	0	22.7	10.0	10-Sep-24 06:09:14.060	
0	0	0	1	2	0	0	51	0	0	0	19.8	28.5	0	0	22.7	10.0	10-Sep-24 06:09:14.107	
0	0	0	1	4	0	0	41	0	0	0	19.8	28.5	0	0	22.7	10.0	10-Sep-24 06:09:14.152	
0	0	0	0	5	0	0	44	0	0	0	19.8	28.5	0	0	22.7	10.0	10-Sep-24 06:09:14.203	
0	0	0	1	2	0	0	47	0	0	0	19.8	28.5	0	0	22.7	10.0	10-Sep-24 06:09:14.248	
0	0	0	1	3	0	0	36	0	0	0	19.8	28.5	0	0	22.7	10.0	10-Sep-24 06:09:14.291	
0	0	0	1	3	0	0	48	0	0	0	19.8	28.5	0	0	22.7	10.0	10-Sep-24 06:09:14.336	
0	0	0	1	4	0	0	32	0	0	0	19.8	28.5	0	0	22.7	10.0	10-Sep-24 06:09:14.379	
0	0	0	1	3	0	0	49	0	0	0	19.8	28.5	0	0	22.7	10.0	10-Sep-24 06:09:14.423	
0	0	0	2	3	0	0	44	0	0	0	19.8	28.5	0	0	22.7	10.0	10-Sep-24 06:09:14.467	
0	0	0	1	7	0	0	42	0	0	0	19.8	28.5	0	0	22.7	10.0	10-Sep-24 06:09:14.512	
0	0	0	1	1	0	0	55	0	0	0	19.8	28.5	0	0	22.7	10.0	10-Sep-24 06:09:14.555	
0	0	0	0	4	0	0	42	0	0	0	19.8	28.5	0	0	22.7	10.0	10-Sep-24 06:09:14.599	
0	0	0	1	4	0	0	47	0	0	0	19.8	28.5	0	0	22.7	10.0	10-Sep-24 06:09:14.644	
0	0	0	2	2	0	0	46	0	0	0	19.8	28.5	0	0	22.7	10.0	10-Sep-24 06:09:14.692	
0	0	0	2	2	0	0	44	0	0	0	19.8	28.5	0	0	22.7	10.0	10-Sep-24 06:09:14.738	
0	0	0	1	3	0	0	49	0	0	0	19.8	28.5	0	0	22.7	10.0	10-Sep-24 06:09:14.779	
0	0	0	2	2	0	0	40	0	0	0	19.8	28.5	0	0	22.7	10.0	10-Sep-24 06:09:14.824	
0	0	0	1	2	0	0	50	0	0	0	19.8	28.5	0	0	22.7	10.0	10-Sep-24 06:09:14.868	
0	0	0	2	5	0	0	59	0	0	0	19.8	28.5	0	0	22.7	10.0	10-Sep-24 06:09:14.911	
0	0	0	3	2	0	0	41	0	0	0	19.8	28.5	0	0	22.7	10.0	10-Sep-24 06:09:14.955	
0	0	0	1	1	0	0	58	0	0	0	19.8	28.5	0	0	22.7	10.0	10-Sep-24 06:09:14.999	
0	0	0	1	3	0	0	48	0	0	0	19.8	28.5	0	0	22.7	10.0	10-Sep-24 06:09:15.044	
0	0	0	1	4	0	0	51	0	0	0	19.8	28.5	0	0	22.7	10.0	10-Sep-24 06:09:15.146	
0	0	0	1	4	0	0	47	0	0	0	19.8	28.5	0	0	22.7	10.0	10-Sep-24 06:09:15.199	
0	0	0	1	3	0	0	58	0	0	0	19.8	28.5	0	0	22.7	10.0	10-Sep-24 06:09:15.244	
0	0	0	0	6	0	0	42	0	0	0	19.8	28.5	0	0	22.7	10.0	10-Sep-24 06:09:15.288	
0	0	0	2	2	0	0	36	0	0	0	19.8	28.5	0	0	22.7	10.0	10-Sep-24 06:09:15.331	
0	0	0	1	2	0	0	47	0	0	0	19.8	28.5	0	0	22.7	10.0	10-Sep-24 06:09:15.376	
0	0	0	2	3	0	0	46	0	0	0	19.8	28.5	0	0	22.7	10.0	10-Sep-24 06:09:15.419	
0	0	0	0	3	0	0	48	0	0	0	19.8	28.5	0	0	22.7	10.0	10-Sep-24 06:09:15.464	
0	0	0	1	2	0	0	43	0	0	0	19.8	28.5	0	0	22.7	10.0	10-Sep-24 06:09:15.508	
0	0	0	1	3	0	0	73	0	0	0	19.8	28.5	0	0	22.7	10.0	10-Sep-24 06:09:15.552	
0	0	0	2	5	0	0	38	0	0	0	19.8	28.5	0	0	22.7	10.0	10-Sep-24 06:09:15.595	
0	0	0	1	5	0	0	44	0	0	0	19.8	28.5	0	0	22.7	10.0	10-Sep-24 06:09:15.639	
0	0	0	2	7	0	0	59	0	0	0	19.8	28.5	0	0	22.7	10.0	10-Sep-24 06:09:15.684	
0	0	0	1	2	0	0	44	0	0	0	19.8	28.5	0	0	22.7	10.0	10-Sep-24 06:09:15.736	
0	0	0	1	1	0	0	62	0	0	0	19.8	28.5	0	0	22.7	10.0	10-Sep-24 06:09:15.780	
0	0	0	1	6	0	0	39	0	0	0	19.8	28.5	0	0	22.7	10.0	10-Sep-24 06:09:15.824	
0	0	0	1	5	0	0	52	0	0	0	19.8	28.5	0	0	22.7	10.0	10-Sep-24 06:09:15.867	
0	0	0	1	3	0	0	56	0	0	0	19.8	28.5	0	0	22.7	10.0	10-Sep-24 06:09:15.912	
0	0	0	1	8	0	0	46	0	0	0	19.8	28.5	0	0	22.7	10.0	10-Sep-24 06:09:15.955	
0	0	0	1	4	0	0	45	0	0	0	19.8	28.5	0	0	22.7	10.0	10-Sep-24 06:09:15.999	
0	0	0	1	5	0	0	42	0	0	0	19.8	28.5	0	0	22.7	10.0	10-Sep-24 06:09:16.043	
0	0	0	1	4	0	0	38	0	0	0	19.8	28.5	0	0	22.7	10.0	10-Sep-24 06:09:16.088	
0	0	0	1	5	0	0	44	0	0	0	19.8	28.5	0	0	22.7	10.0	10-Sep-24 06:09:16.132	
0	0	0	2	3	0	0	49	0	0	0	19.8	28.5	0	0	22.7	10.0	10-Sep-24 06:09:16.233	
0	0	0	2	7	0	0	48	0	0	0	19.8	28.5	0	0	22.7	10.0	10-Sep-24 06:09:16.279	
0	0	0	0	2	0	0	47	0	0	0	19.8	28.5	0	0	22.7	10.0	10-Sep-24 06:09:16.324	
0	0	0	1	3	0	0	55	0	0	0	19.8	28.5	0	0	22.7	10.0	10-Sep-24 06:09:16.368	
0	0	0	2	3	0	0	53	0	0	0	19.8	28.5	0	0	22.7	10.0	10-Sep-24 06:09:16.412	
0	0	0	2	3	0	0	40	0	0	0	19.8	28.5	0	0	22.7	10.0	10-Sep-24 06:09:16.456	
0	0	0	1	3	0	0	50	0	0	0	19.8	28.5	0	0	22.7	10.0	10-Sep-24 06:09:16.499	
0	0	0	1	3	0	0	36	0	0	0	19.8	28.5	0	0	22.7	10.0	10-Sep-24 06:09:16.544	
0	0	0	1	2	0	0	39	0	0	0	19.8	28.5	0	0	22.7	10.0	10-Sep-24 06:09:16.587	
0	0	0	2	3	0	0	48	0	0	0	19.8	28.5	0	0	22.7	10.0	10-Sep-24 06:09:16.631	
0	0	0	2	4	0	0	54	0	0	0	19.8	28.5	0	0	22.7	10.0	10-Sep-24 06:09:16.675	
0	0	0	1	3	0	0	31	0	0	0	19.8	28.5	0	0	22.7	10.0	10-Sep-24 06:09:16.728	
0	0	0	1	4	0	0	50	0	0	0	19.8	28.5	0	0	22.7	10.0	10-Sep-24 06:09:16.771	
0	0	0	1	2	0	0	41	0	0	0	19.8	28.5	0	0	22.7	10.0	10-Sep-24 06:09:16.815	
0	0	0	0	5	0	0	42	0	0	0	19.8	28.5	0	0	22.7	10.0	10-Sep-24 06:09:16.860	
0	0	0	1	4	0	0	42	0	0	0	19.8	28.5	0	0	22.7	10.0	10-Sep-24 06:09:16.903	
0	0	0	1	3	0	0	50	0	0	0	19.8	28.5	0	0	22.7	10.0	10-Sep-24 06:09:16.948	
0	0	0	1	2	0	0	41	0	0	0	19.8	28.5	0	0	22.7	10.0	10-Sep-24 06:09:16.991	
0	0	0	0	4	0	0	51	0	0	0	19.8	28.5	0	0	22.7	10.0	10-Sep-24 06:09:17.035	
0	0	0	2	3	0	0	47	0	0	0	19.8	28.5	0	0	22.7	10.0	10-Sep-24 06:09:17.079	
0	0	0	4	4	0	0	43	0	0	0	19.8	28.5	0	0	22.7	10.0	10-Sep-24 06:09:17.124	
0	0	0	1	3	0	0	51	0	0	0	19.8	28.5	0	0	22.7	10.0	10-Sep-24 06:09:17.168	
0	0	0	0	3	0	0	49	0	0	0	19.8	28.5	0	0	22.7	10.0	10-Sep-24 06:09:17.212	
0	0	0	0	1	0	0	38	0	0	0	19.8	28.5	0	0	22.7	10.0	10-Sep-24 06:09:17.322	
0	0	0	4	3	0	0	54	0	0	0	19.8	28.5	0	0	22.7	10.0	10-Sep-24 06:09:17.369	
0	0	0	3	2	0	0	38	0	0	0	19.8	28.5	0	0	22.7	10.0	10-Sep-24 06:09:17.411	
0	0	0	0	3	0	0	31	0	0	0	19.8	28.5	0	0	22.7	10.0	10-Sep-24 06:09:17.455	
0	0	0	1	4	0	0	40	0	0	0	19.8	28.5	0	0	22.7	10.0	10-Sep-24 06:09:17.499	
0	0	0	1	3	0	0	35	0	0	0	19.8	28.5	0	0	22.7	10.0	10-Sep-24 06:09:17.543	
0	0	0	1	3	0	0	45	0	0	0	19.8	28.5	0	0	22.7	10.0	10-Sep-24 06:09:17.587	
0	0	0	1	1	0	0	40	0	0	0	19.8	28.5	0	0	22.7	10.0	10-Sep-24 06:09:17.631	
0	0	0	2	3	0	0	54	0	0	0	19.8	28.5	0	0	22.7	10.0	10-Sep-24 06:09:17.676	
0	0	0	2	4	0	0	36	0	0	0	19.8	28.5	0	0	22.7	10.0	10-Sep-24 06:09:17.719	
0	0	0	2	3	0	0	47	0	0	0	19.8	28.5	0	0	22.7	10.0	10-Sep-24 06:09:17.771	
0	0	0	2	6	0	0	53	0	0	0	19.8	28.5	0	0	22.7	10.0	10-Sep-24 06:09:17.815	
0	0	0	0	3	0	0	34	0	0	0	19.8	28.5	0	0	22.7	10.0	10-Sep-24 06:09:17.859	
0	0	0	1	2	0	0	38	0	0	0	19.8	28.5	0	0	22.7	10.0	10-Sep-24 06:09:17.933	
0	0	0	1	1	0	0	45	0	0	0	19.8	28.5	0	0	22.7	10.0	10-Sep-24 06:09:18.017	
0	0	0	1	2	0	0	47	0	0	0	19.8	28.5	0	0	22.7	10.0	10-Sep-24 06:09:18.089	
0	0	0	1	1	0	0	43	0	0	0	19.8	28.5	0	0	22.7	10.0	10-Sep-24 06:09:18.131	
0	0	0	0	6	0	0	44	0	0	0	19.8	28.5	0	0	22.7	10.0	10-Sep-24 06:09:18.175	
0	0	0	1	1	0	0	37	0	0	0	19.8	28.5	0	0	22.7	10.0	10-Sep-24 06:09:18.220	
0	0	0	1	2	0	0	42	0	0	0	19.8	28.5	0	0	22.7	10.0	10-Sep-24 06:09:18.271	
0	0	0	1	2	0	0	44	0	0	0	19.8	28.5	0	0	22.7	10.0	10-Sep-24 06:09:18.365	
0	0	0	1	3	0	0	48	0	0	0	19.8	28.5	0	0	22.7	10.0	10-Sep-24 06:09:18.413	
0	0	0	2	3	0	0	43	0	0	0	19.8	28.5	0	0	22.7	10.0	10-Sep-24 06:09:18.455	
0	0	0	0	3	0	0	40	0	0	0	19.8	28.5	0	0	22.7	10.0	10-Sep-24 06:09:18.500	
0	0	0	0	1	0	0	37	0	0	0	19.8	28.5	0	0	22.7	10.0	10-Sep-24 06:09:18.543	
0	0	0	1	4	0	0	32	0	0	0	19.8	28.5	0	0	22.7	10.0	10-Sep-24 06:09:18.587	
0	0	0	1	5	0	0	36	0	0	0	19.8	28.5	0	0	22.7	10.0	10-Sep-24 06:09:18.631	
0	0	0	1	2	0	0	36	0	0	0	19.8	28.5	0	0	22.7	10.0	10-Sep-24 06:09:18.676	
0	0	0	1	7	0	0	38	0	0	0	19.8	28.5	0	0	22.7	10.0	10-Sep-24 06:09:18.720	
0	0	0	1	6	0	0	57	0	0	0	19.8	28.5	0	0	22.7	10.0	10-Sep-24 06:09:18.772	
0	0	0	3	5	0	0	48	0	0	0	19.8	28.5	0	0	22.7	10.0	10-Sep-24 06:09:18.817	
0	0	0	2	3	0	0	45	0	0	0	19.8	28.5	0	0	22.7	10.0	10-Sep-24 06:09:18.859	
0	0	0	1	3	0	0	42	0	0	0	19.8	28.5	0	0	22.7	10.0	10-Sep-24 06:09:18.903	
0	0	0	2	3	0	0	29	0	0	0	19.8	28.5	0	0	22.7	10.0	10-Sep-24 06:09:18.947	
0	0	0	2	2	0	0	48	0	0	0	19.8	28.5	0	0	22.7	10.0	10-Sep-24 06:09:18.991	
0	0	0	3	3	0	0	51	0	0	0	19.8	28.5	0	0	22.7	10.0	10-Sep-24 06:09:19.035	
0	0	0	2	3	0	0	48	0	0	0	19.8	28.5	0	0	22.7	10.0	10-Sep-24 06:09:19.079	
0	0	0	1	4	0	0	48	0	0	0	19.8	28.5	0	0	22.7	10.0	10-Sep-24 06:09:19.124	
0	0	0	1	3	0	0	43	0	0	0	19.8	28.5	0	0	22.7	10.0	10-Sep-24 06:09:19.167	
0	0	0	3	3	0	0	51	0	0	0	19.8	28.5	0	0	22.7	10.0	10-Sep-24 06:09:19.212	
0	0	0	1	3	0	0	50	0	0	0	19.8	28.5	0	0	22.7	10.0	10-Sep-24 06:09:19.255	
0	0	0	0	4	0	0	36	0	0	0	19.8	28.5	0	0	22.7	10.0	10-Sep-24 06:09:19.307	
0	0	0	1	4	0	0	36	0	0	0	19.8	28.5	0	0	22.7	10.0	10-Sep-24 06:09:19.349	
0	0	0	1	5	0	0	41	0	0	0	19.8	28.5	0	0	22.7	10.0	10-Sep-24 06:09:19.451	
0	0	0	3	3	0	0	40	0	0	0	19.8	28.5	0	0	22.7	10.0	10-Sep-24 06:09:19.495	
0	0	0	2	4	0	0	55	0	0	0	19.8	28.5	0	0	22.7	10.0	10-Sep-24 06:09:19.539	
0	0	0	1	2	0	0	43	0	0	0	19.8	28.5	0	0	22.7	10.0	10-Sep-24 06:09:19.583	
0	0	0	2	5	0	0	41	0	0	0	19.8	28.5	0	0	22.7	10.0	10-Sep-24 06:09:19.628	
0	0	0	2	3	0	0	39	0	0	0	19.8	28.5	0	0	22.7	10.0	10-Sep-24 06:09:19.671	
0	0	0	1	2	0	0	35	0	0	0	19.8	28.5	0	0	22.7	10.0	10-Sep-24 06:09:19.715	
0	0	0	2	5	0	0	43	0	0	0	19.8	28.5	0	0	22.7	10.0	10-Sep-24 06:09:19.760	
0	0	0	1	3	0	0	36	0	0	0	19.8	28.5	0	0	22.7	10.0	10-Sep-24 06:09:19.810	
0	0	0	1	1	0	0	22	0	0	0	19.8	28.5	0	0	22.7	10.0	10-Sep-24 06:09:19.855	
0	0	0	1	6	0	0	46	0	0	0	19.8	28.5	0	0	22.7	10.0	10-Sep-24 06:09:19.899	
0	0	0	0	2	0	0	33	0	0	0	19.8	28.5	0	0	22.7	10.0	10-Sep-24 06:09:19.943	
0	0	0	1	1	0	0	40	0	0	0	19.8	28.5	0	0	22.7	10.0	10-Sep-24 06:09:19.987	
0	0	0	1	4	0	0	40	0	0	0	19.8	28.5	0	0	22.7	10.0	10-Sep-24 06:09:20.032	
0	0	0	1	6	0	0	39	0	0	0	19.8	28.5	0	0	22.7	10.0	10-Sep-24 06:09:20.076	
0	0	0	2	7	0	0	39	0	0	0	19.8	28.5	0	0	22.7	10.0	10-Sep-24 06:09:20.119	
0	0	0	2	5	0	0	52	0	0	0	19.8	28.5	0	0	22.7	10.0	10-Sep-24 06:09:20.163	
0	0	0	1	3	0	0	40	0	0	0	19.8	28.5	0	0	22.7	10.0	10-Sep-24 06:09:20.207	
0	0	0	2	3	0	0	39	0	0	0	19.8	28.5	0	0	22.7	10.0	10-Sep-24 06:09:20.251	
0	0	0	1	4	0	0	42	0	0	0	19.8	28.5	0	0	22.7	10.0	10-Sep-24 06:09:20.304	
0	0	0	1	4	0	0	49	0	0	0	19.8	28.5	0	0	22.7	10.0	10-Sep-24 06:09:20.347	
0	0	0	2	3	0	0	42	0	0	0	19.8	28.5	0	0	22.7	10.0	10-Sep-24 06:09:20.392	
0	0	0	1	1	0	0	46	0	0	0	19.8	28.5	0	0	22.7	10.0	10-Sep-24 06:09:20.436	
0	0	0	1	3	0	0	52	0	0	0	19.8	28.5	0	0	22.7	10.0	10-Sep-24 06:09:20.528	
0	0	0	1	3	0	0	41	0	0	0	19.8	28.5	0	0	22.7	10.0	10-Sep-24 06:09:20.571	
0	0	0	0	4	0	0	47	0	0	0	19.8	28.5	0	0	22.7	10.0	10-Sep-24 06:09:20.616	
0	0	0	1	4	0	0	37	0	0	0	19.8	28.5	0	0	22.7	10.0	10-Sep-24 06:09:20.659	
0	0	0	1	1	0	0	43	0	0	0	19.8	28.5	0	0	22.7	10.0	10-Sep-24 06:09:20.704	
0	0	0	1	4	0	0	54	0	0	0	19.8	28.5	0	0	22.7	10.0	10-Sep-24 06:09:20.747	
0	0	0	1	5	0	0	46	0	0	0	19.8	28.5	0	0	22.7	10.0	10-Sep-24 06:09:20.791	
0	0	0	1	3	0	0	53	0	0	0	19.8	28.5	0	0	22.7	10.0	10-Sep-24 06:09:20.837	
0	0	0	2	4	0	0	39	0	0	0	19.8	28.5	0	0	22.7	10.0	10-Sep-24 06:09:20.875	
0	0	0	1	2	0	0	43	0	0	0	19.8	28.5	0	0	22.7	10.0	10-Sep-24 06:09:20.920	
0	0	0	1	2	0	0	55	0	0	0	19.8	28.5	0	0	22.7	10.0	10-Sep-24 06:09:20.963	
0	0	0	1	6	0	0	49	0	0	0	19.8	28.5	0	0	22.7	10.0	10-Sep-24 06:09:21.000	
0	0	0	1	2	0	0	47	0	0	0	19.8	28.5	0	0	22.7	10.0	10-Sep-24 06:09:21.044	
0	0	0	1	6	0	0	56	0	0	0	19.8	28.5	0	0	22.7	10.0	10-Sep-24 06:09:21.088	
0	0	0	3	2	0	0	43	0	0	0	19.8	28.5	0	0	22.7	10.0	10-Sep-24 06:09:21.132	
0	0	0	3	5	0	0	39	0	0	0	19.8	28.5	0	0	22.7	10.0	10-Sep-24 06:09:21.175	
0	0	0	2	2	0	0	42	0	0	0	19.8	28.5	0	0	22.7	10.0	10-Sep-24 06:09:21.220	
0	0	0	1	2	0	0	41	0	0	0	19.8	28.5	0	0	22.7	10.0	10-Sep-24 06:09:21.264	
0	0	0	1	6	0	0	48	0	0	0	19.8	28.5	0	0	22.7	10.0	10-Sep-24 06:09:21.307	
0	0	0	2	5	0	0	41	0	0	0	19.8	28.5	0	0	22.7	10.0	10-Sep-24 06:09:21.358	
0	0	0	1	6	0	0	37	0	0	0	19.8	28.5	0	0	22.7	10.0	10-Sep-24 06:09:21.394	
0	0	0	1	4	0	0	40	0	0	0	19.8	28.5	0	0	22.7	10.0	10-Sep-24 06:09:21.440	
0	0	0	1	3	0	0	40	0	0	0	19.8	28.5	0	0	22.7	10.0	10-Sep-24 06:09:21.483	
0	0	0	2	5	0	0	47	0	0	0	19.8	28.5	0	0	22.7	10.0	10-Sep-24 06:09:21.585	
0	0	0	5	4	0	0	47	0	0	0	19.8	28.5	0	0	22.7	10.0	10-Sep-24 06:09:21.631	
0	0	0	1	3	0	0	39	0	0	0	19.8	28.5	0	0	22.7	10.0	10-Sep-24 06:09:21.676	
0	0	0	2	4	0	0	39	0	0	0	19.8	28.5	0	0	22.7	10.0	10-Sep-24 06:09:21.719	
0	0	0	1	3	0	0	40	0	0	0	19.8	28.5	0	0	22.7	10.0	10-Sep-24 06:09:21.764	
0	0	0	1	7	0	0	53	0	0	0	19.8	28.5	0	0	22.7	10.0	10-Sep-24 06:09:21.807	
0	0	0	0	2	0	0	44	0	0	0	19.8	28.5	0	0	22.7	10.0	10-Sep-24 06:09:21.859	
0	0	0	2	3	0	0	43	0	0	0	19.8	28.5	0	0	22.7	10.0	10-Sep-24 06:09:21.904	
0	0	0	0	4	0	0	55	0	0	0	19.8	28.5	0	0	22.7	10.0	10-Sep-24 06:09:21.947	
0	0	0	1	2	0	0	37	0	0	0	19.8	28.5	0	0	22.7	10.0	10-Sep-24 06:09:21.992	
0	0	0	0	4	0	0	50	0	0	0	19.8	28.5	0	0	22.7	10.0	10-Sep-24 06:09:22.035	
0	0	0	1	4	0	0	35	0	0	0	19.8	28.5	0	0	22.7	10.0	10-Sep-24 06:09:22.080	
0	0	0	1	4	0	0	56	0	0	0	19.8	28.5	0	0	22.7	10.0	10-Sep-24 06:09:22.123	
0	0	0	0	5	0	0	44	0	0	0	19.8	28.5	0	0	22.7	10.0	10-Sep-24 06:09:22.168	
0	0	0	1	2	0	0	46	0	0	0	19.8	28.5	0	0	22.7	10.0	10-Sep-24 06:09:22.211	
0	0	0	1	5	0	0	42	0	0	0	19.8	28.5	0	0	22.7	10.0	10-Sep-24 06:09:22.255	
0	0	0	2	4	0	0	50	0	0	0	19.8	28.5	0	0	22.7	10.0	10-Sep-24 06:09:22.300	
0	0	0	1	2	0	0	46	0	0	0	19.8	28.5	0	0	22.7	10.0	10-Sep-24 06:09:22.350	
0	0	0	3	4	0	0	33	0	0	0	19.8	28.5	0	0	22.7	10.0	10-Sep-24 06:09:22.397	
0	0	0	3	3	0	0	47	0	0	0	19.8	28.5	0	0	22.7	10.0	10-Sep-24 06:09:22.432	
0	0	0	1	2	0	0	41	0	0	0	19.8	28.5	0	0	22.7	10.0	10-Sep-24 06:09:22.475	
0	0	0	2	4	0	0	45	0	0	0	19.8	28.5	0	0	22.7	10.0	10-Sep-24 06:09:22.519	
0	0	0	2	4	0	0	45	0	0	0	19.8	28.5	0	0	22.7	10.0	10-Sep-24 06:09:22.563	
0	0	0	3	4	0	0	57	0	0	0	19.8	28.5	0	0	22.7	10.0	10-Sep-24 06:09:22.666	
0	0	0	2	4	0	0	42	0	0	0	19.8	28.5	0	0	22.7	10.0	10-Sep-24 06:09:22.712	
0	0	0	1	6	0	0	45	0	0	0	19.8	28.5	0	0	22.7	10.0	10-Sep-24 06:09:22.755	
0	0	0	2	8	0	0	49	0	0	0	19.8	28.5	0	0	22.7	10.0	10-Sep-24 06:09:22.800	
0	0	0	1	3	0	0	35	0	0	0	19.8	28.5	0	0	22.7	10.0	10-Sep-24 06:09:22.850	
0	0	0	0	1	0	0	50	0	0	0	19.8	28.5	0	0	22.7	10.0	10-Sep-24 06:09:22.897	
0	0	0	0	4	0	0	53	0	0	0	19.8	28.5	0	0	22.7	10.0	10-Sep-24 06:09:22.939	
0	0	0	1	3	0	0	43	0	0	0	19.8	28.5	0	0	22.7	10.0	10-Sep-24 06:09:22.983	
0	0	0	1	5	0	0	52	0	0	0	19.8	28.5	0	0	22.7	10.0	10-Sep-24 06:09:23.027	
0	0	0	0	2	0	0	50	0	0	0	19.8	28.5	0	0	22.7	10.0	10-Sep-24 06:09:23.071	
0	0	0	2	3	0	0	46	0	0	0	19.8	28.5	0	0	22.7	10.0	10-Sep-24 06:09:23.149	
0	0	0	1	1	0	0	36	0	0	0	19.8	28.5	0	0	22.7	10.0	10-Sep-24 06:09:23.235	
0	0	0	1	2	0	0	56	0	0	0	19.8	28.5	0	0	22.7	10.0	10-Sep-24 06:09:23.315	
0	0	0	1	3	0	0	41	0	0	0	19.8	28.5	0	0	22.7	10.0	10-Sep-24 06:09:23.362	
0	0	0	1	2	0	0	50	0	0	0	19.8	28.5	0	0	22.7	10.0	10-Sep-24 06:09:23.408	
0	0	0	0	2	0	0	28	0	0	0	19.8	28.5	0	0	22.7	10.0	10-Sep-24 06:09:23.452	
0	0	0	1	3	0	0	44	0	0	0	19.8	28.5	0	0	22.7	10.0	10-Sep-24 06:09:23.495	
0	0	0	2	4	0	0	63	0	0	0	19.8	28.5	0	0	22.7	10.0	10-Sep-24 06:09:23.539	
0	0	0	1	4	0	0	51	0	0	0	19.8	28.5	0	0	22.7	10.0	10-Sep-24 06:09:23.583	
0	0	0	1	2	0	0	39	0	0	0	19.8	28.5	0	0	22.7	10.0	10-Sep-24 06:09:23.627	
0	0	0	1	3	0	0	41	0	0	0	19.8	28.5	0	0	22.7	10.0	10-Sep-24 06:09:23.731	
0	0	0	1	2	0	0	47	0	0	0	19.8	28.5	0	0	22.7	10.0	10-Sep-24 06:09:23.776	
0	0	0	2	2	0	0	31	0	0	0	19.8	28.5	0	0	22.7	10.0	10-Sep-24 06:09:23.819	
0	0	0	1	2	0	0	45	0	0	0	19.8	28.5	0	0	22.7	10.0	10-Sep-24 06:09:23.858	
0	0	0	1	3	0	0	47	0	0	0	19.8	28.5	0	0	22.7	10.0	10-Sep-24 06:09:23.908	
0	0	0	1	3	0	0	37	0	0	0	19.8	28.5	0	0	22.7	10.0	10-Sep-24 06:09:23.952	
0	0	0	1	2	0	0	45	0	0	0	19.8	28.5	0	0	22.7	10.0	10-Sep-24 06:09:23.995	
0	0	0	1	2	0	0	41	0	0	0	19.8	28.5	0	0	22.7	10.0	10-Sep-24 06:09:24.040	
0	0	0	1	2	0	0	45	0	0	0	19.8	28.5	0	0	22.7	10.0	10-Sep-24 06:09:24.084	
0	0	0	2	5	0	0	40	0	0	0	19.8	28.5	0	0	22.7	10.0	10-Sep-24 06:09:24.128	
0	0	0	1	2	0	0	37	0	0	0	19.8	28.5	0	0	22.7	10.0	10-Sep-24 06:09:24.171	
0	0	0	1	5	0	0	39	0	0	0	19.8	28.5	0	0	22.7	10.0	10-Sep-24 06:09:24.215	
0	0	0	1	3	0	0	35	0	0	0	19.8	28.5	0	0	22.7	10.0	10-Sep-24 06:09:24.260	
0	0	0	0	3	0	0	46	0	0	0	19.8	28.5	0	0	22.7	10.0	10-Sep-24 06:09:24.303	
0	0	0	1	3	0	0	49	0	0	0	19.8	28.5	0	0	22.7	10.0	10-Sep-24 06:09:24.347	
0	0	0	0	3	0	0	36	0	0	0	19.8	28.5	0	0	22.7	10.0	10-Sep-24 06:09:24.399	
0	0	0	1	3	0	0	39	0	0	0	19.8	28.5	0	0	22.7	10.0	10-Sep-24 06:09:24.444	
0	0	0	2	4	0	0	48	0	0	0	19.8	28.5	0	0	22.7	10.0	10-Sep-24 06:09:24.488	
0	0	0	1	1	0	0	46	0	0	0	19.8	28.5	0	0	22.7	10.0	10-Sep-24 06:09:24.531	
0	0	0	2	3	0	0	54	0	0	0	19.8	28.5	0	0	22.7	10.0	10-Sep-24 06:09:24.575	
0	0	0	0	3	0	0	46	0	0	0	19.8	28.5	0	0	22.7	10.0	10-Sep-24 06:09:24.620	
0	0	0	1	3	0	0	39	0	0	0	19.8	28.5	0	0	22.7	10.0	10-Sep-24 06:09:24.663	
0	0	0	1	4	0	0	48	0	0	0	19.8	28.5	0	0	22.7	10.0	10-Sep-24 06:09:24.707	
0	0	0	1	4	0	0	37	0	0	0	19.8	28.5	0	0	22.7	10.0	10-Sep-24 06:09:24.810	
0	0	0	1	3	0	0	42	0	0	0	19.8	28.5	0	0	22.7	10.0	10-Sep-24 06:09:24.855	
0	0	0	1	3	0	0	52	0	0	0	19.8	28.5	0	0	22.7	10.0	10-Sep-24 06:09:24.907	
0	0	0	2	2	0	0	37	0	0	0	19.8	28.5	0	0	22.7	10.0	10-Sep-24 06:09:24.952	
0	0	0	1	3	0	0	52	0	0	0	19.8	28.5	0	0	22.7	10.0	10-Sep-24 06:09:24.996	
0	0	0	1	4	0	0	53	0	0	0	19.8	28.5	0	0	22.7	10.0	10-Sep-24 06:09:25.039	
0	0	0	1	5	0	0	41	0	0	0	19.8	28.5	0	0	22.7	10.0	10-Sep-24 06:09:25.083	
0	0	0	1	2	0	0	49	0	0	0	19.8	28.5	0	0	22.7	10.0	10-Sep-24 06:09:25.128	
0	0	0	1	4	0	0	45	0	0	0	19.8	28.5	0	0	22.7	10.0	10-Sep-24 06:09:25.171	
0	0	0	1	2	0	0	43	0	0	0	19.8	28.5	0	0	22.7	10.0	10-Sep-24 06:09:25.215	
0	0	0	1	4	0	0	44	0	0	0	19.8	28.5	0	0	22.7	10.0	10-Sep-24 06:09:25.259	
0	0	0	1	5	0	0	48	0	0	0	19.8	28.5	0	0	22.7	10.0	10-Sep-24 06:09:25.304	
0	0	0	0	3	0	0	42	0	0	0	19.8	28.5	0	0	22.7	10.0	10-Sep-24 06:09:25.348	
0	0	0	0	1	0	0	38	0	0	0	19.8	28.5	0	0	22.7	10.0	10-Sep-24 06:09:25.392	
0	0	0	3	5	0	0	45	0	0	0	19.8	28.5	0	0	22.7	10.0	10-Sep-24 06:09:25.442	
0	0	0	1	5	0	0	43	0	0	0	19.8	28.5	0	0	22.7	10.0	10-Sep-24 06:09:25.484	
0	0	0	2	3	0	0	31	0	0	0	19.8	28.5	0	0	22.7	10.0	10-Sep-24 06:09:25.527	
0	0	0	1	4	0	0	34	0	0	0	19.8	28.5	0	0	22.7	10.0	10-Sep-24 06:09:25.572	
0	0	0	1	5	0	0	34	0	0	0	19.8	28.5	0	0	22.7	10.0	10-Sep-24 06:09:25.615	
0	0	0	1	3	0	0	49	0	0	0	19.8	28.5	0	0	22.7	10.0	10-Sep-24 06:09:25.660	
0	0	0	3	6	0	0	50	0	0	0	19.8	28.5	0	0	22.7	10.0	10-Sep-24 06:09:25.703	
0	0	0	1	5	0	0	36	0	0	0	19.8	28.5	0	0	22.7	10.0	10-Sep-24 06:09:25.739	
0	0	0	0	4	0	0	34	0	0	0	19.8	28.5	0	0	22.7	10.0	10-Sep-24 06:09:25.783	
0	0	0	1	2	0	0	56	0	0	0	19.8	28.5	0	0	22.7	10.0	10-Sep-24 06:09:25.886	
0	0	0	1	2	0	0	50	0	0	0	19.8	28.5	0	0	22.7	10.0	10-Sep-24 06:09:25.939	
0	0	0	2	2	0	0	40	0	0	0	19.8	28.5	0	0	22.7	10.0	10-Sep-24 06:09:25.985	
0	0	0	3	3	0	0	37	0	0	0	19.8	28.5	0	0	22.7	10.0	10-Sep-24 06:09:26.028	
0	0	0	0	4	0	0	47	0	0	0	19.8	28.5	0	0	22.7	10.0	10-Sep-24 06:09:26.071	
0	0	0	0	2	0	0	35	0	0	0	19.8	28.5	0	0	22.7	10.0	10-Sep-24 06:09:26.116	
0	0	0	1	3	0	0	43	0	0	0	19.8	28.5	0	0	22.7	10.0	10-Sep-24 06:09:26.159	
0	0	0	1	2	0	0	45	0	0	0	19.8	28.5	0	0	22.7	10.0	10-Sep-24 06:09:26.203	
0	0	0	1	2	0	0	47	0	0	0	19.8	28.5	0	0	22.7	10.0	10-Sep-24 06:09:26.247	
0	0	0	0	4	0	0	51	0	0	0	19.8	28.5	0	0	22.7	10.0	10-Sep-24 06:09:26.292	
0	0	0	1	3	0	0	44	0	0	0	19.8	28.5	0	0	22.7	10.0	10-Sep-24 06:09:26.334	
0	0	0	0	4	0	0	45	0	0	0	19.8	28.5	0	0	22.7	10.0	10-Sep-24 06:09:26.375	
0	0	0	1	3	0	0	39	0	0	0	19.8	28.5	0	0	22.7	10.0	10-Sep-24 06:09:26.428	
0	0	0	1	2	0	0	43	0	0	0	19.8	28.5	0	0	22.7	10.0	10-Sep-24 06:09:26.471	
0	0	0	2	2	0	0	49	0	0	0	19.8	28.5	0	0	22.7	10.0	10-Sep-24 06:09:26.516	
0	0	0	1	8	0	0	42	0	0	0	19.8	28.5	0	0	22.7	10.0	10-Sep-24 06:09:26.559	
0	0	0	1	6	0	0	43	0	0	0	19.8	28.5	0	0	22.7	10.0	10-Sep-24 06:09:26.604	
0	0	0	1	1	0	0	36	0	0	0	19.8	28.5	0	0	22.7	10.0	10-Sep-24 06:09:26.648	
0	0	0	2	7	0	0	46	0	0	0	19.8	28.5	0	0	22.7	10.0	10-Sep-24 06:09:26.691	
0	0	0	1	4	0	0	49	0	0	0	19.8	28.5	0	0	22.7	10.0	10-Sep-24 06:09:26.735	
0	0	0	0	5	0	0	46	0	0	0	19.8	28.5	0	0	22.7	10.0	10-Sep-24 06:09:26.779	
0	0	0	1	5	0	0	35	0	0	0	19.8	28.5	0	0	22.7	10.0	10-Sep-24 06:09:26.824	
0	0	0	1	3	0	0	53	0	0	0	19.8	28.5	0	0	22.7	10.0	10-Sep-24 06:09:26.868	
0	0	0	3	3	0	0	30	0	0	0	19.8	28.5	0	0	22.7	10.0	10-Sep-24 06:09:26.977	
0	0	0	1	2	0	0	51	0	0	0	19.8	28.5	0	0	22.7	10.0	10-Sep-24 06:09:27.023	
0	0	0	4	2	0	0	46	0	0	0	19.8	28.5	0	0	22.7	10.0	10-Sep-24 06:09:27.068	
0	0	0	2	3	0	0	39	0	0	0	19.8	28.5	0	0	22.7	10.0	10-Sep-24 06:09:27.112	
0	0	0	1	2	0	0	52	0	0	0	19.8	28.5	0	0	22.7	10.0	10-Sep-24 06:09:27.155	
0	0	0	2	2	0	0	52	0	0	0	19.8	28.5	0	0	22.7	10.0	10-Sep-24 06:09:27.199	
0	0	0	0	2	0	0	50	0	0	0	19.8	28.5	0	0	22.7	10.0	10-Sep-24 06:09:27.245	
0	0	0	1	4	0	0	45	0	0	0	19.8	28.5	0	0	22.7	10.0	10-Sep-24 06:09:27.287	
0	0	0	1	5	0	0	45	0	0	0	19.8	28.5	0	0	22.7	10.0	10-Sep-24 06:09:27.331	
0	0	0	1	7	0	0	40	0	0	0	19.8	28.5	0	0	22.7	10.0	10-Sep-24 06:09:27.375	
0	0	0	2	3	0	0	36	0	0	0	19.8	28.5	0	0	22.7	10.0	10-Sep-24 06:09:27.420	
0	0	0	2	9	0	0	39	0	0	0	19.8	28.5	0	0	22.7	10.0	10-Sep-24 06:09:27.470	
0	0	0	0	3	0	0	54	0	0	0	19.8	28.5	0	0	22.7	10.0	10-Sep-24 06:09:27.516	
0	0	0	2	3	0	0	46	0	0	0	19.8	28.5	0	0	22.7	10.0	10-Sep-24 06:09:27.560	
0	0	0	0	1	0	0	48	0	0	0	19.8	28.5	0	0	22.7	10.0	10-Sep-24 06:09:27.603	
0	0	0	2	3	0	0	57	0	0	0	19.8	28.5	0	0	22.7	10.0	10-Sep-24 06:09:27.648	
0	0	0	3	4	0	0	44	0	0	0	19.8	28.5	0	0	22.7	10.0	10-Sep-24 06:09:27.692	
0	0	0	1	3	0	0	63	0	0	0	19.8	28.5	0	0	22.7	10.0	10-Sep-24 06:09:27.735	
0	0	0	2	3	0	0	55	0	0	0	19.8	28.5	0	0	22.7	10.0	10-Sep-24 06:09:27.779	
0	0	0	1	5	0	0	48	0	0	0	19.8	28.5	0	0	22.7	10.0	10-Sep-24 06:09:27.823	
0	0	0	1	4	0	0	52	0	0	0	19.8	28.5	0	0	22.7	10.0	10-Sep-24 06:09:27.868	
0	0	0	1	6	0	0	45	0	0	0	19.8	28.5	0	0	22.7	10.0	10-Sep-24 06:09:27.912	
0	0	0	1	1	0	0	53	0	0	0	19.8	28.5	0	0	22.7	10.0	10-Sep-24 06:09:27.964	
0	0	0	2	1	0	0	44	0	0	0	19.8	28.5	0	0	22.7	10.0	10-Sep-24 06:09:28.056	
0	0	0	1	3	0	0	40	0	0	0	19.8	28.5	0	0	22.7	10.0	10-Sep-24 06:09:28.104	
0	0	0	2	4	0	0	46	0	0	0	19.8	28.5	0	0	22.7	10.0	10-Sep-24 06:09:28.147	
0	0	0	3	3	0	0	46	0	0	0	19.8	28.5	0	0	22.7	10.0	10-Sep-24 06:09:28.191	
0	0	0	1	5	0	0	51	0	0	0	19.8	28.5	0	0	22.7	10.0	10-Sep-24 06:09:28.235	
0	0	0	1	3	0	0	50	0	0	0	19.8	28.5	0	0	22.7	10.0	10-Sep-24 06:09:28.280	
0	0	0	1	1	0	0	41	0	0	0	19.8	28.5	0	0	22.7	10.0	10-Sep-24 06:09:28.356	
0	0	0	2	1	0	0	36	0	0	0	19.8	28.5	0	0	22.7	10.0	10-Sep-24 06:09:28.417	
0	0	0	2	3	0	0	46	0	0	0	19.8	28.5	0	0	22.7	10.0	10-Sep-24 06:09:28.499	
0	0	0	2	3	0	0	46	0	0	0	19.8	28.5	0	0	22.7	10.0	10-Sep-24 06:09:28.551	
0	0	0	0	3	0	0	50	0	0	0	19.8	28.5	0	0	22.7	10.0	10-Sep-24 06:09:28.597	
0	0	0	0	6	0	0	35	0	0	0	19.8	28.5	0	0	22.7	10.0	10-Sep-24 06:09:28.639	
0	0	0	1	4	0	0	38	0	0	0	19.8	28.5	0	0	22.7	10.0	10-Sep-24 06:09:28.683	
0	0	0	2	5	0	0	50	0	0	0	19.8	28.5	0	0	22.7	10.0	10-Sep-24 06:09:28.728	
0	0	0	1	5	0	0	42	0	0	0	19.8	28.5	0	0	22.7	10.0	10-Sep-24 06:09:28.772	
0	0	0	2	2	0	0	53	0	0	0	19.8	28.5	0	0	22.7	10.0	10-Sep-24 06:09:28.815	
0	0	0	1	3	0	0	48	0	0	0	19.8	28.5	0	0	22.7	10.0	10-Sep-24 06:09:28.859	
0	0	0	1	2	0	0	42	0	0	0	19.8	28.5	0	0	22.7	10.0	10-Sep-24 06:09:28.904	
0	0	0	1	2	0	0	37	0	0	0	19.8	28.5	0	0	22.7	10.0	10-Sep-24 06:09:28.948	
0	0	0	1	3	0	0	61	0	0	0	19.8	28.5	0	0	22.7	10.0	10-Sep-24 06:09:28.998	
0	0	0	1	3	0	0	44	0	0	0	19.8	28.5	0	0	22.7	10.0	10-Sep-24 06:09:29.044	
0	0	0	1	3	0	0	48	0	0	0	19.8	28.5	0	0	22.7	10.0	10-Sep-24 06:09:29.148	
0	0	0	1	1	0	0	35	0	0	0	19.8	28.5	0	0	22.7	10.0	10-Sep-24 06:09:29.195	
0	0	0	1	1	0	0	29	0	0	0	19.8	28.5	0	0	22.7	10.0	10-Sep-24 06:09:29.239	
0	0	0	1	2	0	0	44	0	0	0	19.8	28.5	0	0	22.7	10.0	10-Sep-24 06:09:29.283	
0	0	0	0	3	0	0	45	0	0	0	19.8	28.5	0	0	22.7	10.0	10-Sep-24 06:09:29.328	
0	0	0	1	6	0	0	42	0	0	0	19.8	28.5	0	0	22.7	10.0	10-Sep-24 06:09:29.371	
0	0	0	2	3	0	0	56	0	0	0	19.8	28.5	0	0	22.7	10.0	10-Sep-24 06:09:29.416	
0	0	0	1	2	0	0	38	0	0	0	19.8	28.5	0	0	22.7	10.0	10-Sep-24 06:09:29.459	
0	0	0	2	4	0	0	47	0	0	0	19.8	28.5	0	0	22.7	10.0	10-Sep-24 06:09:29.509	
0	0	0	0	6	0	0	45	0	0	0	19.8	28.5	0	0	22.7	10.0	10-Sep-24 06:09:29.552	
0	0	0	0	4	0	0	45	0	0	0	19.8	28.5	0	0	22.7	10.0	10-Sep-24 06:09:29.595	
0	0	0	1	3	0	0	42	0	0	0	19.8	28.5	0	0	22.7	10.0	10-Sep-24 06:09:29.640	
0	0	0	1	1	0	0	44	0	0	0	19.8	28.5	0	0	22.7	10.0	10-Sep-24 06:09:29.683	
0	0	0	1	5	0	0	42	0	0	0	19.8	28.5	0	0	22.7	10.0	10-Sep-24 06:09:29.727	
0	0	0	2	3	0	0	50	0	0	0	19.8	28.5	0	0	22.7	10.0	10-Sep-24 06:09:29.772	
0	0	0	1	4	0	0	41	0	0	0	19.8	28.5	0	0	22.7	10.0	10-Sep-24 06:09:29.815	
0	0	0	1	5	0	0	54	0	0	0	19.8	28.5	0	0	22.7	10.0	10-Sep-24 06:09:29.860	
0	0	0	1	1	0	0	49	0	0	0	19.8	28.5	0	0	22.7	10.0	10-Sep-24 06:09:29.903	
0	0	0	2	4	0	0	49	0	0	0	19.8	28.5	0	0	22.7	10.0	10-Sep-24 06:09:29.947	
0	0	0	2	6	0	0	52	0	0	0	19.8	28.5	0	0	22.7	10.0	10-Sep-24 06:09:29.998	
0	0	0	2	3	0	0	46	0	0	0	19.8	28.5	0	0	22.7	10.0	10-Sep-24 06:09:30.043	
0	0	0	2	4	0	0	52	0	0	0	19.8	28.5	0	0	22.7	10.0	10-Sep-24 06:09:30.088	
0	0	0	1	3	0	0	52	0	0	0	19.8	28.5	0	0	22.7	10.0	10-Sep-24 06:09:30.131	
0	0	0	0	6	0	0	47	0	0	0	19.8	28.5	0	0	22.7	10.0	10-Sep-24 06:09:30.224	
0	0	0	1	5	0	0	49	0	0	0	19.8	28.5	0	0	22.7	10.0	10-Sep-24 06:09:30.269	
0	0	0	1	3	0	0	58	0	0	0	19.8	28.5	0	0	22.7	10.0	10-Sep-24 06:09:30.311	
0	0	0	1	1	0	0	30	0	0	0	19.8	28.5	0	0	22.7	10.0	10-Sep-24 06:09:30.355	
0	0	0	2	3	0	0	38	0	0	0	19.8	28.5	0	0	22.7	10.0	10-Sep-24 06:09:30.400	
0	0	0	1	2	0	0	38	0	0	0	19.8	28.5	0	0	22.7	10.0	10-Sep-24 06:09:30.443	
0	0	0	1	3	0	0	55	0	0	0	19.8	28.5	0	0	22.7	10.0	10-Sep-24 06:09:30.487	
0	0	0	1	4	0	0	33	0	0	0	19.8	28.5	0	0	22.7	10.0	10-Sep-24 06:09:30.537	
0	0	0	3	4	0	0	46	0	0	0	19.8	28.5	0	0	22.7	10.0	10-Sep-24 06:09:30.580	
0	0	0	1	5	0	0	46	0	0	0	19.8	28.5	0	0	22.7	10.0	10-Sep-24 06:09:30.623	
0	0	0	1	3	0	0	44	0	0	0	19.8	28.5	0	0	22.7	10.0	10-Sep-24 06:09:30.667	
0	0	0	1	3	0	0	45	0	0	0	19.8	28.5	0	0	22.7	10.0	10-Sep-24 06:09:30.711	
0	0	0	1	3	0	0	56	0	0	0	19.8	28.5	0	0	22.7	10.0	10-Sep-24 06:09:30.755	
0	0	0	1	3	0	0	40	0	0	0	19.8	28.5	0	0	22.7	10.0	10-Sep-24 06:09:30.800	
0	0	0	1	2	0	0	48	0	0	0	19.8	28.5	0	0	22.7	10.0	10-Sep-24 06:09:30.844	
0	0	0	1	2	0	0	48	0	0	0	19.8	28.5	0	0	22.7	10.0	10-Sep-24 06:09:30.887	
0	0	0	2	6	0	0	53	0	0	0	19.8	28.5	0	0	22.7	10.0	10-Sep-24 06:09:30.932	
0	0	0	1	5	0	0	42	0	0	0	19.8	28.5	0	0	22.7	10.0	10-Sep-24 06:09:30.976	
0	0	0	3	4	0	0	58	0	0	0	19.8	28.5	0	0	22.7	10.0	10-Sep-24 06:09:31.028	
0	0	0	1	3	0	0	45	0	0	0	19.8	28.5	0	0	22.7	10.0	10-Sep-24 06:09:31.071	
0	0	0	1	5	0	0	35	0	0	0	19.8	28.5	0	0	22.7	10.0	10-Sep-24 06:09:31.114	
0	0	0	3	1	0	0	51	0	0	0	19.8	28.5	0	0	22.7	10.0	10-Sep-24 06:09:31.155	
0	0	0	1	4	0	0	39	0	0	0	19.8	28.5	0	0	22.7	10.0	10-Sep-24 06:09:31.199	
0	0	0	1	9	0	0	53	0	0	0	19.8	28.5	0	0	22.7	10.0	10-Sep-24 06:09:31.298	
0	0	0	1	1	0	0	41	0	0	0	19.8	28.5	0	0	22.7	10.0	10-Sep-24 06:09:31.343	
0	0	0	1	1	0	0	49	0	0	0	19.8	28.5	0	0	22.7	10.0	10-Sep-24 06:09:31.388	
0	0	0	1	6	0	0	47	0	0	0	19.8	28.5	0	0	22.7	10.0	10-Sep-24 06:09:31.432	
0	0	0	2	5	0	0	43	0	0	0	19.8	28.5	0	0	22.7	10.0	10-Sep-24 06:09:31.475	
0	0	0	2	5	0	0	49	0	0	0	19.8	28.5	0	0	22.7	10.0	10-Sep-24 06:09:31.519	
0	0	0	2	2	0	0	38	0	0	0	19.8	28.5	0	0	22.7	10.0	10-Sep-24 06:09:31.570	
0	0	0	2	4	0	0	36	0	0	0	19.8	28.5	0	0	22.7	10.0	10-Sep-24 06:09:31.616	
0	0	0	1	3	0	0	41	0	0	0	19.8	28.5	0	0	22.7	10.0	10-Sep-24 06:09:31.659	
0	0	0	2	4	0	0	61	0	0	0	19.8	28.5	0	0	22.7	10.0	10-Sep-24 06:09:31.704	
0	0	0	2	2	0	0	50	0	0	0	19.8	28.5	0	0	22.7	10.0	10-Sep-24 06:09:31.747	
0	0	0	2	3	0	0	46	0	0	0	19.8	28.5	0	0	22.7	10.0	10-Sep-24 06:09:31.791	
0	0	0	2	1	0	0	34	0	0	0	19.8	28.5	0	0	22.7	10.0	10-Sep-24 06:09:31.836	
0	0	0	2	3	0	0	60	0	0	0	19.8	28.5	0	0	22.7	10.0	10-Sep-24 06:09:31.879	
0	0	0	1	3	0	0	51	0	0	0	19.8	28.5	0	0	22.7	10.0	10-Sep-24 06:09:31.923	
0	0	0	1	3	0	0	42	0	0	0	19.8	28.5	0	0	22.7	10.0	10-Sep-24 06:09:31.967	
0	0	0	0	5	0	0	41	0	0	0	19.8	28.5	0	0	22.7	10.0	10-Sep-24 06:09:32.012	
0	0	0	1	1	0	0	42	0	0	0	19.8	28.5	0	0	22.7	10.0	10-Sep-24 06:09:32.062	
0	0	0	2	3	0	0	51	0	0	0	19.8	28.5	0	0	22.7	10.0	10-Sep-24 06:09:32.108	
0	0	0	2	2	0	0	50	0	0	0	19.8	28.5	0	0	22.7	10.0	10-Sep-24 06:09:32.144	
0	0	0	0	2	0	0	42	0	0	0	19.8	28.5	0	0	22.7	10.0	10-Sep-24 06:09:32.187	
0	0	0	1	2	0	0	48	0	0	0	19.8	28.5	0	0	22.7	10.0	10-Sep-24 06:09:32.232	
0	0	0	1	3	0	0	45	0	0	0	19.8	28.5	0	0	22.7	10.0	10-Sep-24 06:09:32.276	
0	0	0	0	2	0	0	53	0	0	0	19.8	28.5	0	0	22.7	10.0	10-Sep-24 06:09:32.377	
0	0	0	2	4	0	0	43	0	0	0	19.8	28.5	0	0	22.7	10.0	10-Sep-24 06:09:32.424	
0	0	0	0	4	0	0	42	0	0	0	19.8	28.5	0	0	22.7	10.0	10-Sep-24 06:09:32.468	
0	0	0	0	4	0	0	49	0	0	0	19.8	28.5	0	0	22.7	10.0	10-Sep-24 06:09:32.512	
0	0	0	0	2	0	0	40	0	0	0	19.8	28.5	0	0	22.7	10.0	10-Sep-24 06:09:32.549	
0	0	0	1	5	0	0	44	0	0	0	19.8	28.5	0	0	22.7	10.0	10-Sep-24 06:09:32.600	
0	0	0	2	8	0	0	46	0	0	0	19.8	28.5	0	0	22.7	10.0	10-Sep-24 06:09:32.644	
0	0	0	1	3	0	0	54	0	0	0	19.8	28.5	0	0	22.7	10.0	10-Sep-24 06:09:32.687	
0	0	0	3	2	0	0	37	0	0	0	19.8	28.5	0	0	22.7	10.0	10-Sep-24 06:09:32.732	
0	0	0	2	7	0	0	41	0	0	0	19.8	28.5	0	0	22.7	10.0	10-Sep-24 06:09:32.776	
0	0	0	1	3	0	0	50	0	0	0	19.8	28.5	0	0	22.7	10.0	10-Sep-24 06:09:32.819	
0	0	0	2	1	0	0	36	0	0	0	19.8	28.5	0	0	22.7	10.0	10-Sep-24 06:09:32.863	
0	0	0	2	5	0	0	40	0	0	0	19.8	28.5	0	0	22.7	10.0	10-Sep-24 06:09:32.907	
0	0	0	1	5	0	0	49	0	0	0	19.8	28.5	0	0	22.7	10.0	10-Sep-24 06:09:32.951	
0	0	0	1	2	0	0	35	0	0	0	19.8	28.5	0	0	22.7	10.0	10-Sep-24 06:09:32.995	
0	0	0	1	3	0	0	42	0	0	0	19.8	28.5	0	0	22.7	10.0	10-Sep-24 06:09:33.040	
0	0	0	2	2	0	0	45	0	0	0	19.8	28.5	0	0	22.7	10.0	10-Sep-24 06:09:33.091	
0	0	0	0	3	0	0	36	0	0	0	19.8	28.5	0	0	22.7	10.0	10-Sep-24 06:09:33.136	
0	0	0	2	3	0	0	43	0	0	0	19.8	28.5	0	0	22.7	10.0	10-Sep-24 06:09:33.179	
0	0	0	1	5	0	0	44	0	0	0	19.8	28.5	0	0	22.7	10.0	10-Sep-24 06:09:33.223	
0	0	0	1	3	0	0	43	0	0	0	19.8	28.5	0	0	22.7	10.0	10-Sep-24 06:09:33.260	
0	0	0	0	3	0	0	46	0	0	0	19.8	28.5	0	0	22.7	10.0	10-Sep-24 06:09:33.304	
0	0	0	1	2	0	0	34	0	0	0	19.8	28.5	0	0	22.7	10.0	10-Sep-24 06:09:33.348	
0	0	0	2	3	0	0	60	0	0	0	19.8	28.5	0	0	22.7	10.0	10-Sep-24 06:09:33.451	
0	0	0	1	4	0	0	32	0	0	0	19.8	28.5	0	0	22.7	10.0	10-Sep-24 06:09:33.495	
0	0	0	1	2	0	0	53	0	0	0	19.8	28.5	0	0	22.7	10.0	10-Sep-24 06:09:33.539	
0	0	0	0	3	0	0	37	0	0	0	19.8	28.5	0	0	22.7	10.0	10-Sep-24 06:09:33.600	
0	0	0	2	4	0	0	44	0	0	0	19.8	28.5	0	0	22.7	10.0	10-Sep-24 06:09:33.689	
0	0	0	1	5	0	0	40	0	0	0	19.8	28.5	0	0	22.7	10.0	10-Sep-24 06:09:33.757	
0	0	0	1	3	0	0	50	0	0	0	19.8	28.5	0	0	22.7	10.0	10-Sep-24 06:09:33.805	
0	0	0	1	3	0	0	41	0	0	0	19.8	28.5	0	0	22.7	10.0	10-Sep-24 06:09:33.847	
0	0	0	1	1	0	0	51	0	0	0	19.8	28.5	0	0	22.7	10.0	10-Sep-24 06:09:33.891	
0	0	0	2	5	0	0	42	0	0	0	19.8	28.5	0	0	22.7	10.0	10-Sep-24 06:09:33.935	
0	0	0	1	2	0	0	31	0	0	0	19.8	28.5	0	0	22.7	10.0	10-Sep-24 06:09:33.980	
0	0	0	1	4	0	0	46	0	0	0	19.8	28.5	0	0	22.7	10.0	10-Sep-24 06:09:34.023	
0	0	0	1	5	0	0	33	0	0	0	19.8	28.5	0	0	22.7	10.0	10-Sep-24 06:09:34.068	
0	0	0	2	3	0	0	51	0	0	0	19.8	28.5	0	0	22.7	10.0	10-Sep-24 06:09:34.117	
0	0	0	2	4	0	0	46	0	0	0	19.8	28.5	0	0	22.7	10.0	10-Sep-24 06:09:34.164	
0	0	0	1	4	0	0	43	0	0	0	19.8	28.5	0	0	22.7	10.0	10-Sep-24 06:09:34.207	
0	0	0	0	3	0	0	48	0	0	0	19.8	28.5	0	0	22.7	10.0	10-Sep-24 06:09:34.251	
0	0	0	1	1	0	0	37	0	0	0	19.8	28.5	0	0	22.7	10.0	10-Sep-24 06:09:34.296	
0	0	0	1	4	0	0	42	0	0	0	19.8	28.5	0	0	22.7	10.0	10-Sep-24 06:09:34.340	
0	0	0	0	5	0	0	39	0	0	0	19.8	28.5	0	0	22.7	10.0	10-Sep-24 06:09:34.383	
0	0	0	3	3	0	0	38	0	0	0	19.8	28.5	0	0	22.7	10.0	10-Sep-24 06:09:34.428	
0	0	0	1	4	0	0	42	0	0	0	19.8	28.5	0	0	22.7	10.0	10-Sep-24 06:09:34.531	
0	0	0	1	2	0	0	42	0	0	0	19.8	28.5	0	0	22.7	10.0	10-Sep-24 06:09:34.575	
0	0	0	1	2	0	0	43	0	0	0	19.8	28.5	0	0	22.7	10.0	10-Sep-24 06:09:34.624	
0	0	0	1	3	0	0	38	0	0	0	19.8	28.5	0	0	22.7	10.0	10-Sep-24 06:09:34.671	
0	0	0	2	2	0	0	49	0	0	0	19.8	28.5	0	0	22.7	10.0	10-Sep-24 06:09:34.716	
0	0	0	1	3	0	0	40	0	0	0	19.8	28.5	0	0	22.7	10.0	10-Sep-24 06:09:34.759	
0	0	0	2	5	0	0	40	0	0	0	19.8	28.5	0	0	22.7	10.0	10-Sep-24 06:09:34.804	
0	0	0	2	2	0	0	30	0	0	0	19.8	28.5	0	0	22.7	10.0	10-Sep-24 06:09:34.848	
0	0	0	0	3	0	0	51	0	0	0	19.8	28.5	0	0	22.7	10.0	10-Sep-24 06:09:34.891	
0	0	0	1	3	0	0	45	0	0	0	19.8	28.5	0	0	22.7	10.0	10-Sep-24 06:09:34.936	
0	0	0	2	7	0	0	54	0	0	0	19.8	28.5	0	0	22.7	10.0	10-Sep-24 06:09:34.979	
0	0	0	1	3	0	0	39	0	0	0	19.8	28.5	0	0	22.7	10.0	10-Sep-24 06:09:35.023	
0	0	0	1	5	0	0	57	0	0	0	19.8	28.5	0	0	22.7	10.0	10-Sep-24 06:09:35.067	
0	0	0	1	2	0	0	46	0	0	0	19.8	28.5	0	0	22.7	10.0	10-Sep-24 06:09:35.119	
0	0	0	1	4	0	0	57	0	0	0	19.8	28.5	0	0	22.7	10.0	10-Sep-24 06:09:35.164	
0	0	0	1	3	0	0	43	0	0	0	19.8	28.5	0	0	22.7	10.0	10-Sep-24 06:09:35.207	
0	0	0	0	4	0	0	38	0	0	0	19.8	28.5	0	0	22.7	10.0	10-Sep-24 06:09:35.252	
0	0	0	0	4	0	0	49	0	0	0	19.8	28.5	0	0	22.7	10.0	10-Sep-24 06:09:35.296	
0	0	0	1	7	0	0	48	0	0	0	19.8	28.5	0	0	22.7	10.0	10-Sep-24 06:09:35.339	
0	0	0	1	6	0	0	49	0	0	0	19.8	28.5	0	0	22.7	10.0	10-Sep-24 06:09:35.383	
0	0	0	2	5	0	0	49	0	0	0	19.8	28.5	0	0	22.7	10.0	10-Sep-24 06:09:35.428	
0	0	0	0	6	0	0	49	0	0	0	19.8	28.5	0	0	22.7	10.0	10-Sep-24 06:09:35.471	
0	0	0	2	4	0	0	47	0	0	0	19.8	28.5	0	0	22.7	10.0	10-Sep-24 06:09:35.515	
0	0	0	1	2	0	0	43	0	0	0	19.8	28.5	0	0	22.7	10.0	10-Sep-24 06:09:35.608	
0	0	0	2	4	0	0	41	0	0	0	19.8	28.5	0	0	22.7	10.0	10-Sep-24 06:09:35.660	
0	0	0	1	3	0	0	44	0	0	0	19.8	28.5	0	0	22.7	10.0	10-Sep-24 06:09:35.703	
0	0	0	1	2	0	0	45	0	0	0	19.8	28.5	0	0	22.7	10.0	10-Sep-24 06:09:35.747	
0	0	0	1	3	0	0	45	0	0	0	19.8	28.5	0	0	22.7	10.0	10-Sep-24 06:09:35.791	
0	0	0	3	5	0	0	64	0	0	0	19.8	28.5	0	0	22.7	10.0	10-Sep-24 06:09:35.835	
0	0	0	1	4	0	0	51	0	0	0	19.8	28.5	0	0	22.7	10.0	10-Sep-24 06:09:35.879	
0	0	0	1	3	0	0	38	0	0	0	19.8	28.5	0	0	22.7	10.0	10-Sep-24 06:09:35.923	
0	0	0	2	4	0	0	48	0	0	0	19.8	28.5	0	0	22.7	10.0	10-Sep-24 06:09:35.968	
0	0	0	1	3	0	0	46	0	0	0	19.8	28.5	0	0	22.7	10.0	10-Sep-24 06:09:36.012	
0	0	0	1	6	0	0	50	0	0	0	19.8	28.5	0	0	22.7	10.0	10-Sep-24 06:09:36.055	
0	0	0	3	1	0	0	36	0	0	0	19.8	28.5	0	0	22.7	10.0	10-Sep-24 06:09:36.099	
0	0	0	1	2	0	0	46	0	0	0	19.8	28.5	0	0	22.7	10.0	10-Sep-24 06:09:36.151	
0	0	0	2	3	0	0	42	0	0	0	19.8	28.5	0	0	22.7	10.0	10-Sep-24 06:09:36.196	
0	0	0	1	2	0	0	44	0	0	0	19.8	28.5	0	0	22.7	10.0	10-Sep-24 06:09:36.239	
0	0	0	2	5	0	0	42	0	0	0	19.8	28.5	0	0	22.7	10.0	10-Sep-24 06:09:36.283	
0	0	0	1	4	0	0	46	0	0	0	19.8	28.5	0	0	22.7	10.0	10-Sep-24 06:09:36.328	
0	0	0	1	2	0	0	43	0	0	0	19.8	28.5	0	0	22.7	10.0	10-Sep-24 06:09:36.372	
0	0	0	0	2	0	0	46	0	0	0	19.8	28.5	0	0	22.7	10.0	10-Sep-24 06:09:36.415	
0	0	0	2	3	0	0	58	0	0	0	19.8	28.5	0	0	22.7	10.0	10-Sep-24 06:09:36.460	
0	0	0	1	3	0	0	38	0	0	0	19.8	28.5	0	0	22.7	10.0	10-Sep-24 06:09:36.503	
0	0	0	1	2	0	0	53	0	0	0	19.8	28.5	0	0	22.7	10.0	10-Sep-24 06:09:36.548	
0	0	0	1	5	0	0	54	0	0	0	19.8	28.5	0	0	22.7	10.0	10-Sep-24 06:09:36.592	
0	0	0	2	2	0	0	45	0	0	0	19.8	28.5	0	0	22.7	10.0	10-Sep-24 06:09:36.690	
0	0	0	1	3	0	0	50	0	0	0	19.8	28.5	0	0	22.7	10.0	10-Sep-24 06:09:36.736	
0	0	0	1	2	0	0	39	0	0	0	19.8	28.5	0	0	22.7	10.0	10-Sep-24 06:09:36.780	
0	0	0	0	1	0	0	39	0	0	0	19.8	28.5	0	0	22.7	10.0	10-Sep-24 06:09:36.823	
0	0	0	1	2	0	0	50	0	0	0	19.8	28.5	0	0	22.7	10.0	10-Sep-24 06:09:36.867	
0	0	0	1	5	0	0	40	0	0	0	19.8	28.5	0	0	22.7	10.0	10-Sep-24 06:09:36.911	
0	0	0	1	4	0	0	31	0	0	0	19.8	28.5	0	0	22.7	10.0	10-Sep-24 06:09:36.956	
0	0	0	0	8	0	0	38	0	0	0	19.8	28.5	0	0	22.7	10.0	10-Sep-24 06:09:36.999	
0	0	0	2	3	0	0	57	0	0	0	19.8	28.5	0	0	22.7	10.0	10-Sep-24 06:09:37.044	
0	0	0	1	3	0	0	49	0	0	0	19.8	28.5	0	0	22.7	10.0	10-Sep-24 06:09:37.087	
0	0	0	1	2	0	0	52	0	0	0	19.8	28.5	0	0	22.7	10.0	10-Sep-24 06:09:37.131	
0	0	0	2	5	0	0	45	0	0	0	19.8	28.5	0	0	22.7	10.0	10-Sep-24 06:09:37.169	
0	0	0	0	3	0	0	42	0	0	0	19.8	28.5	0	0	22.7	10.0	10-Sep-24 06:09:37.216	
0	0	0	4	2	0	0	39	0	0	0	19.8	28.5	0	0	22.7	10.0	10-Sep-24 06:09:37.259	
0	0	0	1	2	0	0	45	0	0	0	19.8	28.5	0	0	22.7	10.0	10-Sep-24 06:09:37.304	
0	0	0	0	2	0	0	35	0	0	0	19.8	28.5	0	0	22.7	10.0	10-Sep-24 06:09:37.347	
0	0	0	1	4	0	0	31	0	0	0	19.8	28.5	0	0	22.7	10.0	10-Sep-24 06:09:37.384	
0	0	0	1	3	0	0	41	0	0	0	19.8	28.5	0	0	22.7	10.0	10-Sep-24 06:09:37.420	
0	0	0	2	2	0	0	49	0	0	0	19.8	28.5	0	0	22.7	10.0	10-Sep-24 06:09:37.464	
0	0	0	1	3	0	0	56	0	0	0	19.8	28.5	0	0	22.7	10.0	10-Sep-24 06:09:37.507	
0	0	0	1	4	0	0	38	0	0	0	19.8	28.5	0	0	22.7	10.0	10-Sep-24 06:09:37.551	
0	0	0	2	2	0	0	39	0	0	0	19.8	28.5	0	0	22.7	10.0	10-Sep-24 06:09:37.596	
0	0	0	2	6	0	0	53	0	0	0	19.8	28.5	0	0	22.7	10.0	10-Sep-24 06:09:37.640	
0	0	0	1	3	0	0	41	0	0	0	19.8	28.5	0	0	22.7	10.0	10-Sep-24 06:09:37.728	
0	0	0	1	4	0	0	45	0	0	0	19.8	28.5	0	0	22.7	10.0	10-Sep-24 06:09:37.767	
0	0	0	1	1	0	0	48	0	0	0	19.8	28.5	0	0	22.7	10.0	10-Sep-24 06:09:37.811	
0	0	0	2	2	0	0	38	0	0	0	19.8	28.5	0	0	22.7	10.0	10-Sep-24 06:09:37.855	
0	0	0	0	5	0	0	49	0	0	0	19.8	28.5	0	0	22.7	10.0	10-Sep-24 06:09:37.900	
0	0	0	0	1	0	0	43	0	0	0	19.8	28.5	0	0	22.7	10.0	10-Sep-24 06:09:37.943	
0	0	0	0	2	0	0	39	0	0	0	19.8	28.5	0	0	22.7	10.0	10-Sep-24 06:09:37.987	
0	0	0	2	2	0	0	47	0	0	0	19.8	28.5	0	0	22.7	10.0	10-Sep-24 06:09:38.032	
0	0	0	1	4	0	0	42	0	0	0	19.8	28.5	0	0	22.7	10.0	10-Sep-24 06:09:38.075	
0	0	0	1	4	0	0	40	0	0	0	19.8	28.5	0	0	22.7	10.0	10-Sep-24 06:09:38.119	
0	0	0	3	6	0	0	38	0	0	0	19.8	28.5	0	0	22.7	10.0	10-Sep-24 06:09:38.163	
0	0	0	2	4	0	0	50	0	0	0	19.8	28.5	0	0	22.7	10.0	10-Sep-24 06:09:38.213	
0	0	0	1	3	0	0	39	0	0	0	19.8	28.5	0	0	22.7	10.0	10-Sep-24 06:09:38.255	
0	0	0	2	2	0	0	51	0	0	0	19.8	28.5	0	0	22.7	10.0	10-Sep-24 06:09:38.300	
0	0	0	1	3	0	0	36	0	0	0	19.8	28.5	0	0	22.7	10.0	10-Sep-24 06:09:38.343	
0	0	0	0	3	0	0	45	0	0	0	19.8	28.5	0	0	22.7	10.0	10-Sep-24 06:09:38.388	
0	0	0	0	5	0	0	60	0	0	0	19.8	28.5	0	0	22.7	10.0	10-Sep-24 06:09:38.432	
0	0	0	1	4	0	0	36	0	0	0	19.8	28.5	0	0	22.7	10.0	10-Sep-24 06:09:38.476	
0	0	0	1	2	0	0	38	0	0	0	19.8	28.5	0	0	22.7	10.0	10-Sep-24 06:09:38.520	
0	0	0	2	2	0	0	47	0	0	0	19.8	28.5	0	0	22.7	10.0	10-Sep-24 06:09:38.563	
0	0	0	1	2	0	0	48	0	0	0	19.8	28.5	0	0	22.7	10.0	10-Sep-24 06:09:38.607	
0	0	0	0	2	0	0	49	0	0	0	19.8	28.5	0	0	22.7	10.0	10-Sep-24 06:09:38.651	
0	0	0	3	4	0	0	40	0	0	0	19.8	28.5	0	0	22.7	10.0	10-Sep-24 06:09:38.704	
0	0	0	2	1	0	0	43	0	0	0	19.8	28.5	0	0	22.7	10.0	10-Sep-24 06:09:38.849	
0	0	0	1	3	0	0	47	0	0	0	19.8	28.5	0	0	22.7	10.0	10-Sep-24 06:09:38.933	
0	0	0	1	4	0	0	46	0	0	0	19.8	28.5	0	0	22.7	10.0	10-Sep-24 06:09:39.004	
0	0	0	1	5	0	0	37	0	0	0	19.8	28.5	0	0	22.7	10.0	10-Sep-24 06:09:39.053	
0	0	0	2	2	0	0	45	0	0	0	19.8	28.5	0	0	22.7	10.0	10-Sep-24 06:09:39.095	
0	0	0	0	2	0	0	39	0	0	0	19.8	28.5	0	0	22.7	10.0	10-Sep-24 06:09:39.140	
0	0	0	1	5	0	0	40	0	0	0	19.8	28.5	0	0	22.7	10.0	10-Sep-24 06:09:39.184	
0	0	0	0	4	0	0	52	0	0	0	19.8	28.5	0	0	22.7	10.0	10-Sep-24 06:09:39.236	
0	0	0	1	1	0	0	44	0	0	0	19.8	28.5	0	0	22.7	10.0	10-Sep-24 06:09:39.279	
0	0	0	1	5	0	0	53	0	0	0	19.8	28.5	0	0	22.7	10.0	10-Sep-24 06:09:39.324	
0	0	0	2	4	0	0	42	0	0	0	19.8	28.5	0	0	22.7	10.0	10-Sep-24 06:09:39.367	
0	0	0	2	2	0	0	43	0	0	0	19.8	28.5	0	0	22.7	10.0	10-Sep-24 06:09:39.411	
0	0	0	0	3	0	0	36	0	0	0	19.8	28.5	0	0	22.7	10.0	10-Sep-24 06:09:39.456	
0	0	0	1	2	0	0	38	0	0	0	19.8	28.5	0	0	22.7	10.0	10-Sep-24 06:09:39.500	
0	0	0	1	2	0	0	36	0	0	0	19.8	28.5	0	0	22.7	10.0	10-Sep-24 06:09:39.543	
0	0	0	1	3	0	0	56	0	0	0	19.8	28.5	0	0	22.7	10.0	10-Sep-24 06:09:39.587	
0	0	0	2	2	0	0	38	0	0	0	19.8	28.5	0	0	22.7	10.0	10-Sep-24 06:09:39.631	
0	0	0	1	2	0	0	49	0	0	0	19.8	28.5	0	0	22.7	10.0	10-Sep-24 06:09:39.675	
0	0	0	1	4	0	0	38	0	0	0	19.8	28.5	0	0	22.7	10.0	10-Sep-24 06:09:39.727	
0	0	0	0	4	0	0	45	0	0	0	19.8	28.5	0	0	22.7	10.0	10-Sep-24 06:09:39.772	
0	0	0	2	2	0	0	48	0	0	0	19.8	28.5	0	0	22.7	10.0	10-Sep-24 06:09:39.815	
0	0	0	1	3	0	0	40	0	0	0	19.8	28.5	0	0	22.7	10.0	10-Sep-24 06:09:39.906	
0	0	0	1	1	0	0	50	0	0	0	19.8	28.5	0	0	22.7	10.0	10-Sep-24 06:09:39.951	
0	0	0	1	3	0	0	45	0	0	0	19.8	28.5	0	0	22.7	10.0	10-Sep-24 06:09:39.995	
0	0	0	1	3	0	0	43	0	0	0	19.8	28.5	0	0	22.7	10.0	10-Sep-24 06:09:40.031	
0	0	0	1	3	0	0	44	0	0	0	19.8	28.5	0	0	22.7	10.0	10-Sep-24 06:09:40.076	
0	0	0	1	4	0	0	40	0	0	0	19.8	28.5	0	0	22.7	10.0	10-Sep-24 06:09:40.119	
0	0	0	2	3	0	0	51	0	0	0	19.8	28.5	0	0	22.7	10.0	10-Sep-24 06:09:40.163	
0	0	0	2	2	0	0	52	0	0	0	19.8	28.5	0	0	22.7	10.0	10-Sep-24 06:09:40.208	
0	0	0	2	1	0	0	42	0	0	0	19.8	28.5	0	0	22.7	10.0	10-Sep-24 06:09:40.258	
0	0	0	1	5	0	0	35	0	0	0	19.8	28.5	0	0	22.7	10.0	10-Sep-24 06:09:40.304	
0	0	0	0	4	0	0	33	0	0	0	19.8	28.5	0	0	22.7	10.0	10-Sep-24 06:09:40.347	
0	0	0	1	5	0	0	47	0	0	0	19.8	28.5	0	0	22.7	10.0	10-Sep-24 06:09:40.392	
0	0	0	1	5	0	0	45	0	0	0	19.8	28.5	0	0	22.7	10.0	10-Sep-24 06:09:40.435	
0	0	0	1	6	0	0	39	0	0	0	19.8	28.5	0	0	22.7	10.0	10-Sep-24 06:09:40.480	
0	0	0	2	5	0	0	42	0	0	0	19.8	28.5	0	0	22.7	10.0	10-Sep-24 06:09:40.524	
0	0	0	1	2	0	0	55	0	0	0	19.8	28.5	0	0	22.7	10.0	10-Sep-24 06:09:40.568	
0	0	0	1	4	0	0	41	0	0	0	19.8	28.5	0	0	22.7	10.0	10-Sep-24 06:09:40.612	
0	0	0	1	1	0	0	43	0	0	0	19.8	28.5	0	0	22.7	10.0	10-Sep-24 06:09:40.655	
0	0	0	2	4	0	0	41	0	0	0	19.8	28.5	0	0	22.7	10.0	10-Sep-24 06:09:40.699	
0	0	0	2	3	0	0	45	0	0	0	19.8	28.5	0	0	22.7	10.0	10-Sep-24 06:09:40.751	
0	0	0	1	2	0	0	51	0	0	0	19.8	28.5	0	0	22.7	10.0	10-Sep-24 06:09:40.795	
0	0	0	2	5	0	0	46	0	0	0	19.8	28.5	0	0	22.7	10.0	10-Sep-24 06:09:40.839	
0	0	0	0	3	0	0	49	0	0	0	19.8	28.5	0	0	22.7	10.0	10-Sep-24 06:09:40.884	
0	0	0	1	1	0	0	47	0	0	0	19.8	28.5	0	0	22.7	10.0	10-Sep-24 06:09:40.980	
0	0	0	2	3	0	0	49	0	0	0	19.8	28.5	0	0	22.7	10.0	10-Sep-24 06:09:41.028	
0	0	0	3	3	0	0	51	0	0	0	19.8	28.5	0	0	22.7	10.0	10-Sep-24 06:09:41.072	
0	0	0	1	5	0	0	48	0	0	0	19.8	28.5	0	0	22.7	10.0	10-Sep-24 06:09:41.115	
0	0	0	1	4	0	0	48	0	0	0	19.8	28.5	0	0	22.7	10.0	10-Sep-24 06:09:41.159	
0	0	0	0	3	0	0	62	0	0	0	19.8	28.5	0	0	22.7	10.0	10-Sep-24 06:09:41.203	
0	0	0	1	1	0	0	64	0	0	0	19.8	28.5	0	0	22.7	10.0	10-Sep-24 06:09:41.254	
0	0	0	2	2	0	0	58	0	0	0	19.8	28.5	0	0	22.7	10.0	10-Sep-24 06:09:41.301	
0	0	0	1	3	0	0	41	0	0	0	19.8	28.5	0	0	22.7	10.0	10-Sep-24 06:09:41.344	
0	0	0	0	1	0	0	47	0	0	0	19.8	28.5	0	0	22.7	10.0	10-Sep-24 06:09:41.387	
0	0	0	1	1	0	0	45	0	0	0	19.8	28.5	0	0	22.7	10.0	10-Sep-24 06:09:41.432	
0	0	0	1	4	0	0	54	0	0	0	19.8	28.5	0	0	22.7	10.0	10-Sep-24 06:09:41.476	
0	0	0	2	5	0	0	48	0	0	0	19.8	28.5	0	0	22.7	10.0	10-Sep-24 06:09:41.520	
0	0	0	2	3	0	0	46	0	0	0	19.8	28.5	0	0	22.7	10.0	10-Sep-24 06:09:41.563	
0	0	0	1	3	0	0	36	0	0	0	19.8	28.5	0	0	22.7	10.0	10-Sep-24 06:09:41.607	
0	0	0	1	3	0	0	37	0	0	0	19.8	28.5	0	0	22.7	10.0	10-Sep-24 06:09:41.651	
0	0	0	1	3	0	0	61	0	0	0	19.8	28.5	0	0	22.7	10.0	10-Sep-24 06:09:41.695	
0	0	0	1	3	0	0	44	0	0	0	19.8	28.5	0	0	22.7	10.0	10-Sep-24 06:09:41.739	
0	0	0	2	3	0	0	55	0	0	0	19.8	28.5	0	0	22.7	10.0	10-Sep-24 06:09:41.791	
0	0	0	2	3	0	0	45	0	0	0	19.8	28.5	0	0	22.7	10.0	10-Sep-24 06:09:41.836	
0	0	0	0	3	0	0	51	0	0	0	19.8	28.5	0	0	22.7	10.0	10-Sep-24 06:09:41.880	
0	0	0	1	2	0	0	46	0	0	0	19.8	28.5	0	0	22.7	10.0	10-Sep-24 06:09:41.923	
0	0	0	1	3	0	0	45	0	0	0	19.8	28.5	0	0	22.7	10.0	10-Sep-24 06:09:41.968	
0	0	0	1	4	0	0	44	0	0	0	19.8	28.5	0	0	22.7	10.0	10-Sep-24 06:09:42.070	
0	0	0	2	1	0	0	42	0	0	0	19.8	28.5	0	0	22.7	10.0	10-Sep-24 06:09:42.116	
0	0	0	1	6	0	0	40	0	0	0	19.8	28.5	0	0	22.7	10.0	10-Sep-24 06:09:42.159	
0	0	0	0	2	0	0	57	0	0	0	19.8	28.5	0	0	22.7	10.0	10-Sep-24 06:09:42.204	
0	0	0	2	3	0	0	45	0	0	0	19.8	28.5	0	0	22.7	10.0	10-Sep-24 06:09:42.247	
0	0	0	2	3	0	0	46	0	0	0	19.8	28.5	0	0	22.7	10.0	10-Sep-24 06:09:42.298	
0	0	0	1	4	0	0	29	0	0	0	19.8	28.5	0	0	22.7	10.0	10-Sep-24 06:09:42.341	
0	0	0	2	4	0	0	48	0	0	0	19.8	28.5	0	0	22.7	10.0	10-Sep-24 06:09:42.383	
0	0	0	2	2	0	0	44	0	0	0	19.8	28.5	0	0	22.7	10.0	10-Sep-24 06:09:42.428	
0	0	0	0	3	0	0	51	0	0	0	19.8	28.5	0	0	22.7	10.0	10-Sep-24 06:09:42.472	
0	0	0	1	6	0	0	40	0	0	0	19.8	28.5	0	0	22.7	10.0	10-Sep-24 06:09:42.516	
0	0	0	1	4	0	0	46	0	0	0	19.8	28.5	0	0	22.7	10.0	10-Sep-24 06:09:42.559	
0	0	0	1	6	0	0	49	0	0	0	19.8	28.5	0	0	22.7	10.0	10-Sep-24 06:09:42.604	
0	0	0	0	4	0	0	41	0	0	0	19.8	28.5	0	0	22.7	10.0	10-Sep-24 06:09:42.648	
0	0	0	1	5	0	0	49	0	0	0	19.8	28.5	0	0	22.7	10.0	10-Sep-24 06:09:42.691	
0	0	0	1	4	0	0	31	0	0	0	19.8	28.5	0	0	22.7	10.0	10-Sep-24 06:09:42.736	
0	0	0	4	4	0	0	41	0	0	0	19.8	28.5	0	0	22.7	10.0	10-Sep-24 06:09:42.787	
0	0	0	0	1	0	0	52	0	0	0	19.8	28.5	0	0	22.7	10.0	10-Sep-24 06:09:42.832	
0	0	0	1	7	0	0	49	0	0	0	19.8	28.5	0	0	22.7	10.0	10-Sep-24 06:09:42.868	
0	0	0	0	1	0	0	48	0	0	0	19.8	28.5	0	0	22.7	10.0	10-Sep-24 06:09:42.911	
0	0	0	2	2	0	0	43	0	0	0	19.8	28.5	0	0	22.7	10.0	10-Sep-24 06:09:42.955	
0	0	0	0	3	0	0	32	0	0	0	19.8	28.5	0	0	22.7	10.0	10-Sep-24 06:09:42.999	
0	0	0	1	2	0	0	47	0	0	0	19.8	28.5	0	0	22.7	10.0	10-Sep-24 06:09:43.044	
0	0	0	1	1	0	0	51	0	0	0	19.8	28.5	0	0	22.7	10.0	10-Sep-24 06:09:43.137	
0	0	0	2	3	0	0	38	0	0	0	19.8	28.5	0	0	22.7	10.0	10-Sep-24 06:09:43.183	
0	0	0	2	5	0	0	44	0	0	0	19.8	28.5	0	0	22.7	10.0	10-Sep-24 06:09:43.227	
0	0	0	2	2	0	0	49	0	0	0	19.8	28.5	0	0	22.7	10.0	10-Sep-24 06:09:43.271	
0	0	0	1	5	0	0	44	0	0	0	19.8	28.5	0	0	22.7	10.0	10-Sep-24 06:09:43.323	
0	0	0	0	1	0	0	51	0	0	0	19.8	28.5	0	0	22.7	10.0	10-Sep-24 06:09:43.367	
0	0	0	2	5	0	0	46	0	0	0	19.8	28.5	0	0	22.7	10.0	10-Sep-24 06:09:43.411	
0	0	0	2	2	0	0	44	0	0	0	19.8	28.5	0	0	22.7	10.0	10-Sep-24 06:09:43.456	
0	0	0	1	5	0	0	38	0	0	0	19.8	28.5	0	0	22.7	10.0	10-Sep-24 06:09:43.499	
0	0	0	1	4	0	0	48	0	0	0	19.8	28.5	0	0	22.7	10.0	10-Sep-24 06:09:43.543	
0	0	0	2	4	0	0	52	0	0	0	19.8	28.5	0	0	22.7	10.0	10-Sep-24 06:09:43.588	
0	0	0	2	3	0	0	45	0	0	0	19.8	28.5	0	0	22.7	10.0	10-Sep-24 06:09:43.631	
0	0	0	3	5	0	0	47	0	0	0	19.8	28.5	0	0	22.7	10.0	10-Sep-24 06:09:43.675	
0	0	0	1	4	0	0	51	0	0	0	19.8	28.5	0	0	22.7	10.0	10-Sep-24 06:09:43.720	
0	0	0	1	4	0	0	38	0	0	0	19.8	28.5	0	0	22.7	10.0	10-Sep-24 06:09:43.764	
0	0	0	1	2	0	0	47	0	0	0	19.8	28.5	0	0	22.7	10.0	10-Sep-24 06:09:43.815	
0	0	0	1	3	0	0	50	0	0	0	19.8	28.5	0	0	22.7	10.0	10-Sep-24 06:09:43.860	
0	0	0	0	3	0	0	38	0	0	0	19.8	28.5	0	0	22.7	10.0	10-Sep-24 06:09:43.903	
0	0	0	0	3	0	0	48	0	0	0	19.8	28.5	0	0	22.7	10.0	10-Sep-24 06:09:43.947	
0	0	0	1	3	0	0	42	0	0	0	19.8	28.5	0	0	22.7	10.0	10-Sep-24 06:09:43.991	
0	0	0	1	2	0	0	49	0	0	0	19.8	28.5	0	0	22.7	10.0	10-Sep-24 06:09:44.069	
0	0	0	2	6	0	0	50	0	0	0	19.8	28.5	0	0	22.7	10.0	10-Sep-24 06:09:44.217	
0	0	0	3	5	0	0	30	0	0	0	19.8	28.5	0	0	22.7	10.0	10-Sep-24 06:09:44.268	
0	0	0	1	4	0	0	63	0	0	0	19.8	28.5	0	0	22.7	10.0	10-Sep-24 06:09:44.319	
0	0	0	1	3	0	0	47	0	0	0	19.8	28.5	0	0	22.7	10.0	10-Sep-24 06:09:44.365	
0	0	0	1	5	0	0	53	0	0	0	19.8	28.5	0	0	22.7	10.0	10-Sep-24 06:09:44.408	
0	0	0	2	3	0	0	44	0	0	0	19.8	28.5	0	0	22.7	10.0	10-Sep-24 06:09:44.451	
0	0	0	2	2	0	0	45	0	0	0	19.8	28.5	0	0	22.7	10.0	10-Sep-24 06:09:44.495	
0	0	0	1	4	0	0	44	0	0	0	19.8	28.5	0	0	22.7	10.0	10-Sep-24 06:09:44.540	
0	0	0	3	3	0	0	33	0	0	0	19.8	28.5	0	0	22.7	10.0	10-Sep-24 06:09:44.584	
0	0	0	1	4	0	0	37	0	0	0	19.8	28.5	0	0	22.7	10.0	10-Sep-24 06:09:44.627	
0	0	0	2	4	0	0	37	0	0	0	19.8	28.5	0	0	22.7	10.0	10-Sep-24 06:09:44.672	
0	0	0	5	4	0	0	41	0	0	0	19.8	28.5	0	0	22.7	10.0	10-Sep-24 06:09:44.716	
0	0	0	0	2	0	0	46	0	0	0	19.8	28.5	0	0	22.7	10.0	10-Sep-24 06:09:44.759	
0	0	0	1	2	0	0	48	0	0	0	19.8	28.5	0	0	22.7	10.0	10-Sep-24 06:09:44.804	
0	0	0	2	2	0	0	51	0	0	0	19.8	28.5	0	0	22.7	10.0	10-Sep-24 06:09:44.854	
0	0	0	1	2	0	0	44	0	0	0	19.8	28.5	0	0	22.7	10.0	10-Sep-24 06:09:44.891	
0	0	0	1	2	0	0	52	0	0	0	19.8	28.5	0	0	22.7	10.0	10-Sep-24 06:09:44.935	
0	0	0	1	4	0	0	45	0	0	0	19.8	28.5	0	0	22.7	10.0	10-Sep-24 06:09:44.980	
0	0	0	1	2	0	0	47	0	0	0	19.8	28.5	0	0	22.7	10.0	10-Sep-24 06:09:45.023	
0	0	0	2	1	0	0	38	0	0	0	19.8	28.5	0	0	22.7	10.0	10-Sep-24 06:09:45.067	
0	0	0	1	4	0	0	41	0	0	0	19.8	28.5	0	0	22.7	10.0	10-Sep-24 06:09:45.111	
0	0	0	1	2	0	0	41	0	0	0	19.8	28.5	0	0	22.7	10.0	10-Sep-24 06:09:45.155	
0	0	0	0	2	0	0	46	0	0	0	19.8	28.5	0	0	22.7	10.0	10-Sep-24 06:09:45.200	
0	0	0	2	2	0	0	41	0	0	0	19.8	28.5	0	0	22.7	10.0	10-Sep-24 06:09:45.301	
0	0	0	2	3	0	0	36	0	0	0	19.8	28.5	0	0	22.7	10.0	10-Sep-24 06:09:45.355	
0	0	0	2	3	0	0	50	0	0	0	19.8	28.5	0	0	22.7	10.0	10-Sep-24 06:09:45.401	
0	0	0	3	8	0	0	40	0	0	0	19.8	28.5	0	0	22.7	10.0	10-Sep-24 06:09:45.443	
0	0	0	2	3	0	0	36	0	0	0	19.8	28.5	0	0	22.7	10.0	10-Sep-24 06:09:45.487	
0	0	0	1	2	0	0	36	0	0	0	19.8	28.5	0	0	22.7	10.0	10-Sep-24 06:09:45.532	
0	0	0	1	4	0	0	47	0	0	0	19.8	28.5	0	0	22.7	10.0	10-Sep-24 06:09:45.574	
0	0	0	3	4	0	0	37	0	0	0	19.8	28.5	0	0	22.7	10.0	10-Sep-24 06:09:45.616	
0	0	0	2	4	0	0	47	0	0	0	19.8	28.5	0	0	22.7	10.0	10-Sep-24 06:09:45.659	
0	0	0	1	4	0	0	42	0	0	0	19.8	28.5	0	0	22.7	10.0	10-Sep-24 06:09:45.704	
0	0	0	1	6	0	0	52	0	0	0	19.8	28.5	0	0	22.7	10.0	10-Sep-24 06:09:45.747	
0	0	0	1	3	0	0	51	0	0	0	19.8	28.5	0	0	22.7	10.0	10-Sep-24 06:09:45.791	
0	0	0	1	2	0	0	40	0	0	0	19.8	28.5	0	0	22.7	10.0	10-Sep-24 06:09:45.841	
0	0	0	1	3	0	0	46	0	0	0	19.8	28.5	0	0	22.7	10.0	10-Sep-24 06:09:45.887	
0	0	0	1	5	0	0	54	0	0	0	19.8	28.5	0	0	22.7	10.0	10-Sep-24 06:09:45.932	
0	0	0	1	1	0	0	49	0	0	0	19.8	28.5	0	0	22.7	10.0	10-Sep-24 06:09:45.975	
0	0	0	1	2	0	0	46	0	0	0	19.8	28.5	0	0	22.7	10.0	10-Sep-24 06:09:46.020	
0	0	0	1	3	0	0	48	0	0	0	19.8	28.5	0	0	22.7	10.0	10-Sep-24 06:09:46.063	
0	0	0	0	3	0	0	48	0	0	0	19.8	28.5	0	0	22.7	10.0	10-Sep-24 06:09:46.107	
0	0	0	1	5	0	0	43	0	0	0	19.8	28.5	0	0	22.7	10.0	10-Sep-24 06:09:46.151	
0	0	0	0	1	0	0	45	0	0	0	19.8	28.5	0	0	22.7	10.0	10-Sep-24 06:09:46.195	
0	0	0	1	4	0	0	51	0	0	0	19.8	28.5	0	0	22.7	10.0	10-Sep-24 06:09:46.240	
0	0	0	1	5	0	0	38	0	0	0	19.8	28.5	0	0	22.7	10.0	10-Sep-24 06:09:46.283	
0	0	0	1	1	0	0	53	0	0	0	19.8	28.5	0	0	22.7	10.0	10-Sep-24 06:09:46.394	
0	0	0	1	2	0	0	45	0	0	0	19.8	28.5	0	0	22.7	10.0	10-Sep-24 06:09:46.440	
0	0	0	2	3	0	0	53	0	0	0	19.8	28.5	0	0	22.7	10.0	10-Sep-24 06:09:46.483	
0	0	0	4	5	0	0	45	0	0	0	19.8	28.5	0	0	22.7	10.0	10-Sep-24 06:09:46.527	
0	0	0	2	3	0	0	52	0	0	0	19.8	28.5	0	0	22.7	10.0	10-Sep-24 06:09:46.572	
0	0	0	2	6	0	0	47	0	0	0	19.8	28.5	0	0	22.7	10.0	10-Sep-24 06:09:46.615	
0	0	0	2	4	0	0	40	0	0	0	19.8	28.5	0	0	22.7	10.0	10-Sep-24 06:09:46.660	
0	0	0	2	7	0	0	49	0	0	0	19.8	28.5	0	0	22.7	10.0	10-Sep-24 06:09:46.703	
0	0	0	1	3	0	0	52	0	0	0	19.8	28.5	0	0	22.7	10.0	10-Sep-24 06:09:46.748	
0	0	0	1	5	0	0	36	0	0	0	19.8	28.5	0	0	22.7	10.0	10-Sep-24 06:09:46.792	
0	0	0	1	2	0	0	37	0	0	0	19.8	28.5	0	0	22.7	10.0	10-Sep-24 06:09:46.835	
0	0	0	1	3	0	0	40	0	0	0	19.8	28.5	0	0	22.7	10.0	10-Sep-24 06:09:46.883	
0	0	0	1	3	0	0	51	0	0	0	19.8	28.5	0	0	22.7	10.0	10-Sep-24 06:09:46.932	
0	0	0	1	2	0	0	49	0	0	0	19.8	28.5	0	0	22.7	10.0	10-Sep-24 06:09:46.975	
0	0	0	1	1	0	0	51	0	0	0	19.8	28.5	0	0	22.7	10.0	10-Sep-24 06:09:47.019	
0	0	0	0	2	0	0	44	0	0	0	19.8	28.5	0	0	22.7	10.0	10-Sep-24 06:09:47.064	
0	0	0	1	4	0	0	48	0	0	0	19.8	28.5	0	0	22.7	10.0	10-Sep-24 06:09:47.107	
0	0	0	0	4	0	0	41	0	0	0	19.8	28.5	0	0	22.7	10.0	10-Sep-24 06:09:47.144	
0	0	0	2	2	0	0	50	0	0	0	19.8	28.5	0	0	22.7	10.0	10-Sep-24 06:09:47.188	
0	0	0	1	6	0	0	45	0	0	0	19.8	28.5	0	0	22.7	10.0	10-Sep-24 06:09:47.231	
0	0	0	1	3	0	0	44	0	0	0	19.8	28.5	0	0	22.7	10.0	10-Sep-24 06:09:47.276	
0	0	0	2	4	0	0	57	0	0	0	19.8	28.5	0	0	22.7	10.0	10-Sep-24 06:09:47.319	
0	0	0	1	5	0	0	34	0	0	0	19.8	28.5	0	0	22.7	10.0	10-Sep-24 06:09:47.356	
0	0	0	2	3	0	0	43	0	0	0	19.8	28.5	0	0	22.7	10.0	10-Sep-24 06:09:47.457	
0	0	0	1	4	0	0	43	0	0	0	19.8	28.5	0	0	22.7	10.0	10-Sep-24 06:09:47.504	
0	0	0	0	5	0	0	46	0	0	0	19.8	28.5	0	0	22.7	10.0	10-Sep-24 06:09:47.548	
0	0	0	1	3	0	0	44	0	0	0	19.8	28.5	0	0	22.7	10.0	10-Sep-24 06:09:47.592	
0	0	0	2	1	0	0	47	0	0	0	19.8	28.5	0	0	22.7	10.0	10-Sep-24 06:09:47.636	
0	0	0	1	4	0	0	37	0	0	0	19.8	28.5	0	0	22.7	10.0	10-Sep-24 06:09:47.680	
0	0	0	1	6	0	0	38	0	0	0	19.8	28.5	0	0	22.7	10.0	10-Sep-24 06:09:47.723	
0	0	0	2	4	0	0	38	0	0	0	19.8	28.5	0	0	22.7	10.0	10-Sep-24 06:09:47.767	
0	0	0	1	2	0	0	52	0	0	0	19.8	28.5	0	0	22.7	10.0	10-Sep-24 06:09:47.811	
0	0	0	1	2	0	0	37	0	0	0	19.8	28.5	0	0	22.7	10.0	10-Sep-24 06:09:47.856	
0	0	0	1	7	0	0	57	0	0	0	19.8	28.5	0	0	22.7	10.0	10-Sep-24 06:09:47.908	
0	0	0	1	5	0	0	59	0	0	0	19.8	28.5	0	0	22.7	10.0	10-Sep-24 06:09:47.951	
0	0	0	1	5	0	0	59	0	0	0	19.8	28.5	0	0	22.7	10.0	10-Sep-24 06:09:47.997	
0	0	0	1	4	0	0	43	0	0	0	19.8	28.5	0	0	22.7	10.0	10-Sep-24 06:09:48.033	
0	0	0	0	3	0	0	52	0	0	0	19.8	28.5	0	0	22.7	10.0	10-Sep-24 06:09:48.075	
0	0	0	1	6	0	0	50	0	0	0	19.8	28.5	0	0	22.7	10.0	10-Sep-24 06:09:48.120	
0	0	0	2	3	0	0	43	0	0	0	19.8	28.5	0	0	22.7	10.0	10-Sep-24 06:09:48.167	
0	0	0	1	3	0	0	40	0	0	0	19.8	28.5	0	0	22.7	10.0	10-Sep-24 06:09:48.211	
0	0	0	2	4	0	0	47	0	0	0	19.8	28.5	0	0	22.7	10.0	10-Sep-24 06:09:48.255	
0	0	0	1	1	0	0	36	0	0	0	19.8	28.5	0	0	22.7	10.0	10-Sep-24 06:09:48.300	
0	0	0	1	2	0	0	52	0	0	0	19.8	28.5	0	0	22.7	10.0	10-Sep-24 06:09:48.344	
0	0	0	1	5	0	0	54	0	0	0	19.8	28.5	0	0	22.7	10.0	10-Sep-24 06:09:48.387	
0	0	0	1	5	0	0	51	0	0	0	19.8	28.5	0	0	22.7	10.0	10-Sep-24 06:09:48.438	
0	0	0	1	2	0	0	36	0	0	0	19.8	28.5	0	0	22.7	10.0	10-Sep-24 06:09:48.542	
0	0	0	1	3	0	0	46	0	0	0	19.8	28.5	0	0	22.7	10.0	10-Sep-24 06:09:48.587	
0	0	0	2	2	0	0	40	0	0	0	19.8	28.5	0	0	22.7	10.0	10-Sep-24 06:09:48.631	
0	0	0	1	4	0	0	46	0	0	0	19.8	28.5	0	0	22.7	10.0	10-Sep-24 06:09:48.675	
0	0	0	0	3	0	0	56	0	0	0	19.8	28.5	0	0	22.7	10.0	10-Sep-24 06:09:48.720	
0	0	0	1	2	0	0	33	0	0	0	19.8	28.5	0	0	22.7	10.0	10-Sep-24 06:09:48.764	
0	0	0	1	1	0	0	45	0	0	0	19.8	28.5	0	0	22.7	10.0	10-Sep-24 06:09:48.807	
0	0	0	1	6	0	0	50	0	0	0	19.8	28.5	0	0	22.7	10.0	10-Sep-24 06:09:48.851	
0	0	0	1	1	0	0	57	0	0	0	19.8	28.5	0	0	22.7	10.0	10-Sep-24 06:09:48.895	
0	0	0	2	3	0	0	42	0	0	0	19.8	28.5	0	0	22.7	10.0	10-Sep-24 06:09:48.935	
0	0	0	2	3	0	0	47	0	0	0	19.8	28.5	0	0	22.7	10.0	10-Sep-24 06:09:48.979	
0	0	0	2	1	0	0	51	0	0	0	19.8	28.5	0	0	22.7	10.0	10-Sep-24 06:09:49.023	
0	0	0	1	3	0	0	43	0	0	0	19.8	28.5	0	0	22.7	10.0	10-Sep-24 06:09:49.059	
0	0	0	1	3	0	0	46	0	0	0	19.8	28.5	0	0	22.7	10.0	10-Sep-24 06:09:49.103	
0	0	0	2	5	0	0	43	0	0	0	19.8	28.5	0	0	22.7	10.0	10-Sep-24 06:09:49.147	
0	0	0	1	3	0	0	38	0	0	0	19.8	28.5	0	0	22.7	10.0	10-Sep-24 06:09:49.189	
0	0	0	1	1	0	0	38	0	0	0	19.8	28.5	0	0	22.7	10.0	10-Sep-24 06:09:49.264	
0	0	0	3	3	0	0	44	0	0	0	19.8	28.5	0	0	22.7	10.0	10-Sep-24 06:09:49.351	
0	0	0	1	2	0	0	38	0	0	0	19.8	28.5	0	0	22.7	10.0	10-Sep-24 06:09:49.416	
0	0	0	1	5	0	0	55	0	0	0	19.8	28.5	0	0	22.7	10.0	10-Sep-24 06:09:49.459	
0	0	0	2	2	0	0	36	0	0	0	19.8	28.5	0	0	22.7	10.0	10-Sep-24 06:09:49.504	
0	0	0	3	3	0	0	42	0	0	0	19.8	28.5	0	0	22.7	10.0	10-Sep-24 06:09:49.602	
0	0	0	1	4	0	0	43	0	0	0	19.8	28.5	0	0	22.7	10.0	10-Sep-24 06:09:49.647	
0	0	0	1	1	0	0	49	0	0	0	19.8	28.5	0	0	22.7	10.0	10-Sep-24 06:09:49.691	
0	0	0	2	3	0	0	54	0	0	0	19.8	28.5	0	0	22.7	10.0	10-Sep-24 06:09:49.735	
0	0	0	1	3	0	0	39	0	0	0	19.8	28.5	0	0	22.7	10.0	10-Sep-24 06:09:49.780	
0	0	0	1	3	0	0	48	0	0	0	19.8	28.5	0	0	22.7	10.0	10-Sep-24 06:09:49.823	
0	0	0	1	7	0	0	49	0	0	0	19.8	28.5	0	0	22.7	10.0	10-Sep-24 06:09:49.867	
0	0	0	1	2	0	0	45	0	0	0	19.8	28.5	0	0	22.7	10.0	10-Sep-24 06:09:49.912	
0	0	0	1	3	0	0	37	0	0	0	19.8	28.5	0	0	22.7	10.0	10-Sep-24 06:09:49.962	
0	0	0	3	1	0	0	50	0	0	0	19.8	28.5	0	0	22.7	10.0	10-Sep-24 06:09:50.009	
0	0	0	1	5	0	0	44	0	0	0	19.8	28.5	0	0	22.7	10.0	10-Sep-24 06:09:50.051	
0	0	0	0	4	0	0	62	0	0	0	19.8	28.5	0	0	22.7	10.0	10-Sep-24 06:09:50.095	
0	0	0	1	5	0	0	51	0	0	0	19.8	28.5	0	0	22.7	10.0	10-Sep-24 06:09:50.139	
0	0	0	1	2	0	0	51	0	0	0	19.8	28.5	0	0	22.7	10.0	10-Sep-24 06:09:50.183	
0	0	0	1	2	0	0	44	0	0	0	19.8	28.5	0	0	22.7	10.0	10-Sep-24 06:09:50.228	
0	0	0	1	1	0	0	49	0	0	0	19.8	28.5	0	0	22.7	10.0	10-Sep-24 06:09:50.271	
0	0	0	1	3	0	0	43	0	0	0	19.8	28.5	0	0	22.7	10.0	10-Sep-24 06:09:50.316	
0	0	0	1	3	0	0	46	0	0	0	19.8	28.5	0	0	22.7	10.0	10-Sep-24 06:09:50.360	
0	0	0	1	4	0	0	43	0	0	0	19.8	28.5	0	0	22.7	10.0	10-Sep-24 06:09:50.403	
0	0	0	1	2	0	0	45	0	0	0	19.8	28.5	0	0	22.7	10.0	10-Sep-24 06:09:50.456	
0	0	0	3	4	0	0	41	0	0	0	19.8	28.5	0	0	22.7	10.0	10-Sep-24 06:09:50.500	
0	0	0	1	5	0	0	40	0	0	0	19.8	28.5	0	0	22.7	10.0	10-Sep-24 06:09:50.544	
0	0	0	0	2	0	0	39	0	0	0	19.8	28.5	0	0	22.7	10.0	10-Sep-24 06:09:50.587	
0	0	0	2	2	0	0	33	0	0	0	19.8	28.5	0	0	22.7	10.0	10-Sep-24 06:09:50.689	
0	0	0	2	4	0	0	44	0	0	0	19.8	28.5	0	0	22.7	10.0	10-Sep-24 06:09:50.735	
0	0	0	1	4	0	0	48	0	0	0	19.8	28.5	0	0	22.7	10.0	10-Sep-24 06:09:50.779	
0	0	0	1	5	0	0	30	0	0	0	19.8	28.5	0	0	22.7	10.0	10-Sep-24 06:09:50.823	
0	0	0	1	3	0	0	66	0	0	0	19.8	28.5	0	0	22.7	10.0	10-Sep-24 06:09:50.868	
0	0	0	2	2	0	0	41	0	0	0	19.8	28.5	0	0	22.7	10.0	10-Sep-24 06:09:50.911	
0	0	0	1	4	0	0	45	0	0	0	19.8	28.5	0	0	22.7	10.0	10-Sep-24 06:09:50.964	
0	0	0	1	3	0	0	41	0	0	0	19.8	28.5	0	0	22.7	10.0	10-Sep-24 06:09:51.009	
0	0	0	0	3	0	0	44	0	0	0	19.8	28.5	0	0	22.7	10.0	10-Sep-24 06:09:51.052	
0	0	0	0	2	0	0	36	0	0	0	19.8	28.5	0	0	22.7	10.0	10-Sep-24 06:09:51.096	
0	0	0	1	6	0	0	62	0	0	0	19.8	28.5	0	0	22.7	10.0	10-Sep-24 06:09:51.139	
0	0	0	1	6	0	0	54	0	0	0	19.8	28.5	0	0	22.7	10.0	10-Sep-24 06:09:51.183	
0	0	0	3	1	0	0	41	0	0	0	19.8	28.5	0	0	22.7	10.0	10-Sep-24 06:09:51.227	
0	0	0	1	1	0	0	40	0	0	0	19.8	28.5	0	0	22.7	10.0	10-Sep-24 06:09:51.271	
0	0	0	2	2	0	0	46	0	0	0	19.8	28.5	0	0	22.7	10.0	10-Sep-24 06:09:51.315	
0	0	0	1	4	0	0	38	0	0	0	19.8	28.5	0	0	22.7	10.0	10-Sep-24 06:09:51.360	
0	0	0	0	6	0	0	31	0	0	0	19.8	28.5	0	0	22.7	10.0	10-Sep-24 06:09:51.404	
0	0	0	2	2	0	0	37	0	0	0	19.8	28.5	0	0	22.7	10.0	10-Sep-24 06:09:51.448	
0	0	0	1	9	0	0	37	0	0	0	19.8	28.5	0	0	22.7	10.0	10-Sep-24 06:09:51.494	
0	0	0	1	3	0	0	54	0	0	0	19.8	28.5	0	0	22.7	10.0	10-Sep-24 06:09:51.531	
0	0	0	1	1	0	0	39	0	0	0	19.8	28.5	0	0	22.7	10.0	10-Sep-24 06:09:51.576	
0	0	0	1	2	0	0	39	0	0	0	19.8	28.5	0	0	22.7	10.0	10-Sep-24 06:09:51.619	
0	0	0	2	5	0	0	45	0	0	0	19.8	28.5	0	0	22.7	10.0	10-Sep-24 06:09:51.664	
0	0	0	0	4	0	0	47	0	0	0	19.8	28.5	0	0	22.7	10.0	10-Sep-24 06:09:51.765	
0	0	0	2	4	0	0	35	0	0	0	19.8	28.5	0	0	22.7	10.0	10-Sep-24 06:09:51.811	
0	0	0	2	3	0	0	42	0	0	0	19.8	28.5	0	0	22.7	10.0	10-Sep-24 06:09:51.855	
0	0	0	2	2	0	0	34	0	0	0	19.8	28.5	0	0	22.7	10.0	10-Sep-24 06:09:51.899	
0	0	0	1	3	0	0	46	0	0	0	19.8	28.5	0	0	22.7	10.0	10-Sep-24 06:09:51.944	
0	0	0	1	3	0	0	41	0	0	0	19.8	28.5	0	0	22.7	10.0	10-Sep-24 06:09:51.995	
0	0	0	1	2	0	0	46	0	0	0	19.8	28.5	0	0	22.7	10.0	10-Sep-24 06:09:52.039	
0	0	0	1	2	0	0	47	0	0	0	19.8	28.5	0	0	22.7	10.0	10-Sep-24 06:09:52.083	
0	0	0	2	3	0	0	42	0	0	0	19.8	28.5	0	0	22.7	10.0	10-Sep-24 06:09:52.127	
0	0	0	1	3	0	0	47	0	0	0	19.8	28.5	0	0	22.7	10.0	10-Sep-24 06:09:52.171	
0	0	0	1	2	0	0	36	0	0	0	19.8	28.5	0	0	22.7	10.0	10-Sep-24 06:09:52.215	
0	0	0	0	2	0	0	38	0	0	0	19.8	28.5	0	0	22.7	10.0	10-Sep-24 06:09:52.260	
0	0	0	2	2	0	0	51	0	0	0	19.8	28.5	0	0	22.7	10.0	10-Sep-24 06:09:52.303	
0	0	0	0	2	0	0	52	0	0	0	19.8	28.5	0	0	22.7	10.0	10-Sep-24 06:09:52.348	
0	0	0	1	3	0	0	51	0	0	0	19.8	28.5	0	0	22.7	10.0	10-Sep-24 06:09:52.391	
0	0	0	1	2	0	0	49	0	0	0	19.8	28.5	0	0	22.7	10.0	10-Sep-24 06:09:52.436	
0	0	0	2	2	0	0	28	0	0	0	19.8	28.5	0	0	22.7	10.0	10-Sep-24 06:09:52.472	
0	0	0	1	2	0	0	39	0	0	0	19.8	28.5	0	0	22.7	10.0	10-Sep-24 06:09:52.523	
0	0	0	0	3	0	0	41	0	0	0	19.8	28.5	0	0	22.7	10.0	10-Sep-24 06:09:52.568	
0	0	0	1	3	0	0	40	0	0	0	19.8	28.5	0	0	22.7	10.0	10-Sep-24 06:09:52.612	
0	0	0	1	3	0	0	56	0	0	0	19.8	28.5	0	0	22.7	10.0	10-Sep-24 06:09:52.655	
0	0	0	1	4	0	0	34	0	0	0	19.8	28.5	0	0	22.7	10.0	10-Sep-24 06:09:52.700	
0	0	0	1	5	0	0	42	0	0	0	19.8	28.5	0	0	22.7	10.0	10-Sep-24 06:09:52.743	
0	0	0	1	3	0	0	49	0	0	0	19.8	28.5	0	0	22.7	10.0	10-Sep-24 06:09:52.836	
0	0	0	2	4	0	0	55	0	0	0	19.8	28.5	0	0	22.7	10.0	10-Sep-24 06:09:52.883	
0	0	0	1	1	0	0	46	0	0	0	19.8	28.5	0	0	22.7	10.0	10-Sep-24 06:09:52.927	
0	0	0	1	2	0	0	47	0	0	0	19.8	28.5	0	0	22.7	10.0	10-Sep-24 06:09:52.972	
0	0	0	2	4	0	0	39	0	0	0	19.8	28.5	0	0	22.7	10.0	10-Sep-24 06:09:53.021	
0	0	0	1	2	0	0	52	0	0	0	19.8	28.5	0	0	22.7	10.0	10-Sep-24 06:09:53.067	
0	0	0	1	3	0	0	40	0	0	0	19.8	28.5	0	0	22.7	10.0	10-Sep-24 06:09:53.111	
0	0	0	1	3	0	0	48	0	0	0	19.8	28.5	0	0	22.7	10.0	10-Sep-24 06:09:53.155	
0	0	0	0	4	0	0	55	0	0	0	19.8	28.5	0	0	22.7	10.0	10-Sep-24 06:09:53.200	
0	0	0	1	6	0	0	39	0	0	0	19.8	28.5	0	0	22.7	10.0	10-Sep-24 06:09:53.243	
0	0	0	0	4	0	0	45	0	0	0	19.8	28.5	0	0	22.7	10.0	10-Sep-24 06:09:53.287	
0	0	0	1	2	0	0	61	0	0	0	19.8	28.5	0	0	22.7	10.0	10-Sep-24 06:09:53.332	
0	0	0	1	6	0	0	32	0	0	0	19.8	28.5	0	0	22.7	10.0	10-Sep-24 06:09:53.368	
0	0	0	1	4	0	0	43	0	0	0	19.8	28.5	0	0	22.7	10.0	10-Sep-24 06:09:53.412	
0	0	0	1	2	0	0	42	0	0	0	19.8	28.5	0	0	22.7	10.0	10-Sep-24 06:09:53.455	
0	0	0	1	5	0	0	41	0	0	0	19.8	28.5	0	0	22.7	10.0	10-Sep-24 06:09:53.504	
0	0	0	1	2	0	0	42	0	0	0	19.8	28.5	0	0	22.7	10.0	10-Sep-24 06:09:53.551	
0	0	0	2	5	0	0	33	0	0	0	19.8	28.5	0	0	22.7	10.0	10-Sep-24 06:09:53.595	
0	0	0	1	2	0	0	51	0	0	0	19.8	28.5	0	0	22.7	10.0	10-Sep-24 06:09:53.640	
0	0	0	2	3	0	0	45	0	0	0	19.8	28.5	0	0	22.7	10.0	10-Sep-24 06:09:53.683	
0	0	0	1	1	0	0	42	0	0	0	19.8	28.5	0	0	22.7	10.0	10-Sep-24 06:09:53.728	
0	0	0	1	3	0	0	32	0	0	0	19.8	28.5	0	0	22.7	10.0	10-Sep-24 06:09:53.771	
0	0	0	1	1	0	0	36	0	0	0	19.8	28.5	0	0	22.7	10.0	10-Sep-24 06:09:53.816	
0	0	0	3	4	0	0	38	0	0	0	19.8	28.5	0	0	22.7	10.0	10-Sep-24 06:09:53.918	
0	0	0	2	3	0	0	39	0	0	0	19.8	28.5	0	0	22.7	10.0	10-Sep-24 06:09:53.963	
0	0	0	2	3	0	0	53	0	0	0	19.8	28.5	0	0	22.7	10.0	10-Sep-24 06:09:54.008	
0	0	0	3	4	0	0	60	0	0	0	19.8	28.5	0	0	22.7	10.0	10-Sep-24 06:09:54.058	
0	0	0	1	1	0	0	41	0	0	0	19.8	28.5	0	0	22.7	10.0	10-Sep-24 06:09:54.102	
0	0	0	1	4	0	0	46	0	0	0	19.8	28.5	0	0	22.7	10.0	10-Sep-24 06:09:54.140	
0	0	0	0	5	0	0	54	0	0	0	19.8	28.5	0	0	22.7	10.0	10-Sep-24 06:09:54.183	
0	0	0	1	3	0	0	48	0	0	0	19.8	28.5	0	0	22.7	10.0	10-Sep-24 06:09:54.227	
0	0	0	1	3	0	0	57	0	0	0	19.8	28.5	0	0	22.7	10.0	10-Sep-24 06:09:54.271	
0	0	0	2	4	0	0	36	0	0	0	19.8	28.5	0	0	22.7	10.0	10-Sep-24 06:09:54.315	
0	0	0	1	4	0	0	42	0	0	0	19.8	28.5	0	0	22.7	10.0	10-Sep-24 06:09:54.360	
0	0	0	2	6	0	0	38	0	0	0	19.8	28.5	0	0	22.7	10.0	10-Sep-24 06:09:54.403	
0	0	0	1	4	0	0	43	0	0	0	19.8	28.5	0	0	22.7	10.0	10-Sep-24 06:09:54.463	
0	0	0	2	5	0	0	53	0	0	0	19.8	28.5	0	0	22.7	10.0	10-Sep-24 06:09:54.557	
0	0	0	1	2	0	0	38	0	0	0	19.8	28.5	0	0	22.7	10.0	10-Sep-24 06:09:54.628	
0	0	0	1	5	0	0	52	0	0	0	19.8	28.5	0	0	22.7	10.0	10-Sep-24 06:09:54.674	
0	0	0	1	3	0	0	48	0	0	0	19.8	28.5	0	0	22.7	10.0	10-Sep-24 06:09:54.720	
0	0	0	1	1	0	0	43	0	0	0	19.8	28.5	0	0	22.7	10.0	10-Sep-24 06:09:54.764	
0	0	0	1	4	0	0	37	0	0	0	19.8	28.5	0	0	22.7	10.0	10-Sep-24 06:09:54.807	
0	0	0	2	3	0	0	32	0	0	0	19.8	28.5	0	0	22.7	10.0	10-Sep-24 06:09:54.851	
0	0	0	1	1	0	0	46	0	0	0	19.8	28.5	0	0	22.7	10.0	10-Sep-24 06:09:54.896	
0	0	0	2	7	0	0	61	0	0	0	19.8	28.5	0	0	22.7	10.0	10-Sep-24 06:09:54.999	
0	0	0	1	3	0	0	50	0	0	0	19.8	28.5	0	0	22.7	10.0	10-Sep-24 06:09:55.046	
0	0	0	1	3	0	0	49	0	0	0	19.8	28.5	0	0	22.7	10.0	10-Sep-24 06:09:55.093	
0	0	0	1	4	0	0	44	0	0	0	19.8	28.5	0	0	22.7	10.0	10-Sep-24 06:09:55.135	
0	0	0	1	3	0	0	49	0	0	0	19.8	28.5	0	0	22.7	10.0	10-Sep-24 06:09:55.179	
0	0	0	1	5	0	0	45	0	0	0	19.8	28.5	0	0	22.7	10.0	10-Sep-24 06:09:55.223	
0	0	0	1	7	0	0	55	0	0	0	19.8	28.5	0	0	22.7	10.0	10-Sep-24 06:09:55.268	
0	0	0	2	2	0	0	51	0	0	0	19.8	28.5	0	0	22.7	10.0	10-Sep-24 06:09:55.312	
0	0	0	1	4	0	0	45	0	0	0	19.8	28.5	0	0	22.7	10.0	10-Sep-24 06:09:55.355	
0	0	0	3	3	0	0	43	0	0	0	19.8	28.5	0	0	22.7	10.0	10-Sep-24 06:09:55.399	
0	0	0	2	5	0	0	39	0	0	0	19.8	28.5	0	0	22.7	10.0	10-Sep-24 06:09:55.443	
0	0	0	1	4	0	0	38	0	0	0	19.8	28.5	0	0	22.7	10.0	10-Sep-24 06:09:55.487	
0	0	0	3	7	0	0	57	0	0	0	19.8	28.5	0	0	22.7	10.0	10-Sep-24 06:09:55.532	
0	0	0	2	3	0	0	38	0	0	0	19.8	28.5	0	0	22.7	10.0	10-Sep-24 06:09:55.582	
0	0	0	1	4	0	0	62	0	0	0	19.8	28.5	0	0	22.7	10.0	10-Sep-24 06:09:55.618	
0	0	0	1	6	0	0	32	0	0	0	19.8	28.5	0	0	22.7	10.0	10-Sep-24 06:09:55.663	
0	0	0	1	7	0	0	47	0	0	0	19.8	28.5	0	0	22.7	10.0	10-Sep-24 06:09:55.708	
0	0	0	1	1	0	0	67	0	0	0	19.8	28.5	0	0	22.7	10.0	10-Sep-24 06:09:55.751	
0	0	0	2	3	0	0	58	0	0	0	19.8	28.5	0	0	22.7	10.0	10-Sep-24 06:09:55.795	
0	0	0	1	1	0	0	47	0	0	0	19.8	28.5	0	0	22.7	10.0	10-Sep-24 06:09:55.840	
0	0	0	1	3	0	0	58	0	0	0	19.8	28.5	0	0	22.7	10.0	10-Sep-24 06:09:55.884	
0	0	0	1	2	0	0	48	0	0	0	19.8	28.5	0	0	22.7	10.0	10-Sep-24 06:09:55.927	
0	0	0	3	1	0	0	45	0	0	0	19.8	28.5	0	0	22.7	10.0	10-Sep-24 06:09:55.971	
0	0	0	2	4	0	0	54	0	0	0	19.8	28.5	0	0	22.7	10.0	10-Sep-24 06:09:56.083	
0	0	0	1	2	0	0	46	0	0	0	19.8	28.5	0	0	22.7	10.0	10-Sep-24 06:09:56.128	
0	0	0	2	6	0	0	52	0	0	0	19.8	28.5	0	0	22.7	10.0	10-Sep-24 06:09:56.171	
0	0	0	0	1	0	0	38	0	0	0	19.8	28.5	0	0	22.7	10.0	10-Sep-24 06:09:56.207	
0	0	0	1	5	0	0	47	0	0	0	19.8	28.5	0	0	22.7	10.0	10-Sep-24 06:09:56.252	
0	0	0	1	3	0	0	47	0	0	0	19.8	28.5	0	0	22.7	10.0	10-Sep-24 06:09:56.295	
0	0	0	1	6	0	0	56	0	0	0	19.8	28.5	0	0	22.7	10.0	10-Sep-24 06:09:56.337	
0	0	0	3	1	0	0	49	0	0	0	19.8	28.5	0	0	22.7	10.0	10-Sep-24 06:09:56.380	
0	0	0	1	4	0	0	44	0	0	0	19.8	28.5	0	0	22.7	10.0	10-Sep-24 06:09:56.423	
0	0	0	1	6	0	0	53	0	0	0	19.8	28.5	0	0	22.7	10.0	10-Sep-24 06:09:56.468	
0	0	0	2	2	0	0	39	0	0	0	19.8	28.5	0	0	22.7	10.0	10-Sep-24 06:09:56.511	
0	0	0	1	3	0	0	51	0	0	0	19.8	28.5	0	0	22.7	10.0	10-Sep-24 06:09:56.555	
0	0	0	2	2	0	0	39	0	0	0	19.8	28.5	0	0	22.7	10.0	10-Sep-24 06:09:56.607	
0	0	0	1	3	0	0	48	0	0	0	19.8	28.5	0	0	22.7	10.0	10-Sep-24 06:09:56.652	
0	0	0	0	3	0	0	40	0	0	0	19.8	28.5	0	0	22.7	10.0	10-Sep-24 06:09:56.697	
0	0	0	1	2	0	0	42	0	0	0	19.8	28.5	0	0	22.7	10.0	10-Sep-24 06:09:56.740	
0	0	0	1	4	0	0	46	0	0	0	19.8	28.5	0	0	22.7	10.0	10-Sep-24 06:09:56.783	
0	0	0	2	4	0	0	39	0	0	0	19.8	28.5	0	0	22.7	10.0	10-Sep-24 06:09:56.827	
0	0	0	3	3	0	0	51	0	0	0	19.8	28.5	0	0	22.7	10.0	10-Sep-24 06:09:56.871	
0	0	0	2	3	0	0	45	0	0	0	19.8	28.5	0	0	22.7	10.0	10-Sep-24 06:09:56.915	
0	0	0	2	4	0	0	40	0	0	0	19.8	28.5	0	0	22.7	10.0	10-Sep-24 06:09:56.959	
0	0	0	2	5	0	0	47	0	0	0	19.8	28.5	0	0	22.7	10.0	10-Sep-24 06:09:57.004	
0	0	0	1	5	0	0	42	0	0	0	19.8	28.5	0	0	22.7	10.0	10-Sep-24 06:09:57.047	
0	0	0	1	2	0	0	42	0	0	0	19.8	28.5	0	0	22.7	10.0	10-Sep-24 06:09:57.159	
0	0	0	1	1	0	0	49	0	0	0	19.8	28.5	0	0	22.7	10.0	10-Sep-24 06:09:57.204	
0	0	0	2	4	0	0	44	0	0	0	19.8	28.5	0	0	22.7	10.0	10-Sep-24 06:09:57.247	
0	0	0	0	3	0	0	43	0	0	0	19.8	28.5	0	0	22.7	10.0	10-Sep-24 06:09:57.291	
0	0	0	1	2	0	0	56	0	0	0	19.8	28.5	0	0	22.7	10.0	10-Sep-24 06:09:57.335	
0	0	0	2	2	0	0	39	0	0	0	19.8	28.5	0	0	22.7	10.0	10-Sep-24 06:09:57.380	
0	0	0	1	5	0	0	55	0	0	0	19.8	28.5	0	0	22.7	10.0	10-Sep-24 06:09:57.424	
0	0	0	2	3	0	0	46	0	0	0	19.8	28.5	0	0	22.7	10.0	10-Sep-24 06:09:57.468	
0	0	0	4	2	0	0	51	0	0	0	19.8	28.5	0	0	22.7	10.0	10-Sep-24 06:09:57.512	
0	0	0	1	3	0	0	60	0	0	0	19.8	28.5	0	0	22.7	10.0	10-Sep-24 06:09:57.556	
0	0	0	2	1	0	0	38	0	0	0	19.8	28.5	0	0	22.7	10.0	10-Sep-24 06:09:57.608	
0	0	0	1	7	0	0	53	0	0	0	19.8	28.5	0	0	22.7	10.0	10-Sep-24 06:09:57.652	
0	0	0	2	3	0	0	35	0	0	0	19.8	28.5	0	0	22.7	10.0	10-Sep-24 06:09:57.695	
0	0	0	1	3	0	0	47	0	0	0	19.8	28.5	0	0	22.7	10.0	10-Sep-24 06:09:57.739	
0	0	0	1	3	0	0	49	0	0	0	19.8	28.5	0	0	22.7	10.0	10-Sep-24 06:09:57.784	
0	0	0	1	4	0	0	53	0	0	0	19.8	28.5	0	0	22.7	10.0	10-Sep-24 06:09:57.828	
0	0	0	0	4	0	0	45	0	0	0	19.8	28.5	0	0	22.7	10.0	10-Sep-24 06:09:57.871	
0	0	0	1	6	0	0	45	0	0	0	19.8	28.5	0	0	22.7	10.0	10-Sep-24 06:09:57.915	
0	0	0	2	2	0	0	41	0	0	0	19.8	28.5	0	0	22.7	10.0	10-Sep-24 06:09:57.960	
0	0	0	1	5	0	0	48	0	0	0	19.8	28.5	0	0	22.7	10.0	10-Sep-24 06:09:58.003	
0	0	0	3	2	0	0	43	0	0	0	19.8	28.5	0	0	22.7	10.0	10-Sep-24 06:09:58.047	
0	0	0	4	6	0	0	44	0	0	0	19.8	28.5	0	0	22.7	10.0	10-Sep-24 06:09:58.092	
0	0	0	2	3	0	0	45	0	0	0	19.8	28.5	0	0	22.7	10.0	10-Sep-24 06:09:58.140	
0	0	0	0	5	0	0	44	0	0	0	19.8	28.5	0	0	22.7	10.0	10-Sep-24 06:09:58.233	
0	0	0	1	2	0	0	50	0	0	0	19.8	28.5	0	0	22.7	10.0	10-Sep-24 06:09:58.279	
0	0	0	2	4	0	0	53	0	0	0	19.8	28.5	0	0	22.7	10.0	10-Sep-24 06:09:58.323	
0	0	0	2	2	0	0	33	0	0	0	19.8	28.5	0	0	22.7	10.0	10-Sep-24 06:09:58.367	
0	0	0	1	4	0	0	45	0	0	0	19.8	28.5	0	0	22.7	10.0	10-Sep-24 06:09:58.411	
0	0	0	1	3	0	0	52	0	0	0	19.8	28.5	0	0	22.7	10.0	10-Sep-24 06:09:58.455	
0	0	0	1	2	0	0	38	0	0	0	19.8	28.5	0	0	22.7	10.0	10-Sep-24 06:09:58.499	
0	0	0	1	1	0	0	49	0	0	0	19.8	28.5	0	0	22.7	10.0	10-Sep-24 06:09:58.544	
0	0	0	2	2	0	0	44	0	0	0	19.8	28.5	0	0	22.7	10.0	10-Sep-24 06:09:58.588	
0	0	0	1	2	0	0	42	0	0	0	19.8	28.5	0	0	22.7	10.0	10-Sep-24 06:09:58.640	
0	0	0	1	2	0	0	37	0	0	0	19.8	28.5	0	0	22.7	10.0	10-Sep-24 06:09:58.684	
0	0	0	1	1	0	0	50	0	0	0	19.8	28.5	0	0	22.7	10.0	10-Sep-24 06:09:58.727	
0	0	0	1	6	0	0	38	0	0	0	19.8	28.5	0	0	22.7	10.0	10-Sep-24 06:09:58.771	
0	0	0	1	2	0	0	60	0	0	0	19.8	28.5	0	0	22.7	10.0	10-Sep-24 06:09:58.815	
0	0	0	1	1	0	0	47	0	0	0	19.8	28.5	0	0	22.7	10.0	10-Sep-24 06:09:58.851	
0	0	0	1	3	0	0	40	0	0	0	19.8	28.5	0	0	22.7	10.0	10-Sep-24 06:09:58.895	
0	0	0	1	4	0	0	49	0	0	0	19.8	28.5	0	0	22.7	10.0	10-Sep-24 06:09:58.940	
0	0	0	2	3	0	0	36	0	0	0	19.8	28.5	0	0	22.7	10.0	10-Sep-24 06:09:58.984	
0	0	0	1	1	0	0	46	0	0	0	19.8	28.5	0	0	22.7	10.0	10-Sep-24 06:09:59.027	
0	0	0	1	4	0	0	46	0	0	0	19.8	28.5	0	0	22.7	10.0	10-Sep-24 06:09:59.071	
0	0	0	1	3	0	0	49	0	0	0	19.8	28.5	0	0	22.7	10.0	10-Sep-24 06:09:59.123	
0	0	0	0	4	0	0	39	0	0	0	19.8	28.5	0	0	22.7	10.0	10-Sep-24 06:09:59.168	
0	0	0	1	3	0	0	56	0	0	0	19.8	28.5	0	0	22.7	10.0	10-Sep-24 06:09:59.212	
0	0	0	1	2	0	0	48	0	0	0	19.8	28.5	0	0	22.7	10.0	10-Sep-24 06:09:59.314	
0	0	0	2	5	0	0	42	0	0	0	19.8	28.5	0	0	22.7	10.0	10-Sep-24 06:09:59.360	
0	0	0	2	4	0	0	40	0	0	0	19.8	28.5	0	0	22.7	10.0	10-Sep-24 06:09:59.404	
0	0	0	0	6	0	0	48	0	0	0	19.8	28.5	0	0	22.7	10.0	10-Sep-24 06:09:59.447	
0	0	0	2	3	0	0	42	0	0	0	19.8	28.5	0	0	22.7	10.0	10-Sep-24 06:09:59.492	
0	0	0	1	3	0	0	41	0	0	0	19.8	28.5	0	0	22.7	10.0	10-Sep-24 06:09:59.535	
0	0	0	1	1	0	0	39	0	0	0	19.8	28.5	0	0	22.7	10.0	10-Sep-24 06:09:59.580	
0	0	0	1	2	0	0	40	0	0	0	19.8	28.5	0	0	22.7	10.0	10-Sep-24 06:09:59.673	
0	0	0	1	2	0	0	47	0	0	0	19.8	28.5	0	0	22.7	10.0	10-Sep-24 06:09:59.756	
0	0	0	1	3	0	0	42	0	0	0	19.8	28.5	0	0	22.7	10.0	10-Sep-24 06:09:59.833	
0	0	0	1	5	0	0	38	0	0	0	19.8	28.5	0	0	22.7	10.0	10-Sep-24 06:09:59.876	
0	0	0	2	7	0	0	32	0	0	0	19.8	28.5	0	0	22.7	10.0	10-Sep-24 06:09:59.919	
0	0	0	1	4	0	0	46	0	0	0	19.8	28.5	0	0	22.7	10.0	10-Sep-24 06:09:59.963	
0	0	0	1	1	0	0	49	0	0	0	19.8	28.5	0	0	22.7	10.0	10-Sep-24 06:10:00.008	
0	0	0	2	2	0	0	40	0	0	0	19.8	28.5	0	0	22.7	10.0	10-Sep-24 06:10:00.051	
0	0	0	2	4	0	0	60	0	0	0	19.8	28.5	0	0	22.7	10.0	10-Sep-24 06:10:00.096	
0	0	0	1	5	0	0	62	0	0	0	19.8	28.5	0	0	22.7	10.0	10-Sep-24 06:10:00.145	
0	0	0	3	3	0	0	48	0	0	0	19.8	28.5	0	0	22.7	10.0	10-Sep-24 06:10:00.193	
0	0	0	1	2	0	0	46	0	0	0	19.8	28.5	0	0	22.7	10.0	10-Sep-24 06:10:00.236	
0	0	0	0	4	0	0	52	0	0	0	19.8	28.5	0	0	22.7	10.0	10-Sep-24 06:10:00.280	
0	0	0	1	2	0	0	53	0	0	0	19.8	28.5	0	0	22.7	10.0	10-Sep-24 06:10:00.370	
0	0	0	1	2	0	0	28	0	0	0	19.8	28.5	0	0	22.7	10.0	10-Sep-24 06:10:00.416	
0	0	0	2	3	0	0	40	0	0	0	19.8	28.5	0	0	22.7	10.0	10-Sep-24 06:10:00.460	
0	0	0	1	3	0	0	56	0	0	0	19.8	28.5	0	0	22.7	10.0	10-Sep-24 06:10:00.504	
0	0	0	2	5	0	0	46	0	0	0	19.8	28.5	0	0	22.7	10.0	10-Sep-24 06:10:00.547	
0	0	0	1	2	0	0	42	0	0	0	19.8	28.5	0	0	22.7	10.0	10-Sep-24 06:10:00.592	
0	0	0	2	3	0	0	41	0	0	0	19.8	28.5	0	0	22.7	10.0	10-Sep-24 06:10:00.635	
0	0	0	1	2	0	0	44	0	0	0	19.8	28.5	0	0	22.7	10.0	10-Sep-24 06:10:00.687	
0	0	0	2	3	0	0	47	0	0	0	19.8	28.5	0	0	22.7	10.0	10-Sep-24 06:10:00.732	
0	0	0	1	2	0	0	43	0	0	0	19.8	28.5	0	0	22.7	10.0	10-Sep-24 06:10:00.775	
0	0	0	1	3	0	0	47	0	0	0	19.8	28.5	0	0	22.7	10.0	10-Sep-24 06:10:00.820	
0	0	0	0	2	0	0	40	0	0	0	19.8	28.5	0	0	22.7	10.0	10-Sep-24 06:10:00.864	
0	0	0	3	3	0	0	50	0	0	0	19.8	28.5	0	0	22.7	10.0	10-Sep-24 06:10:00.907	
0	0	0	1	4	0	0	51	0	0	0	19.8	28.5	0	0	22.7	10.0	10-Sep-24 06:10:00.952	
0	0	0	1	3	0	0	48	0	0	0	19.8	28.5	0	0	22.7	10.0	10-Sep-24 06:10:00.995	
0	0	0	1	5	0	0	54	0	0	0	19.8	28.5	0	0	22.7	10.0	10-Sep-24 06:10:01.040	
0	0	0	2	5	0	0	45	0	0	0	19.8	28.5	0	0	22.7	10.0	10-Sep-24 06:10:01.083	
0	0	0	1	3	0	0	43	0	0	0	19.8	28.5	0	0	22.7	10.0	10-Sep-24 06:10:01.126	
0	0	0	0	6	0	0	51	0	0	0	19.8	28.5	0	0	22.7	10.0	10-Sep-24 06:10:01.173	
0	0	0	2	3	0	0	47	0	0	0	19.8	28.5	0	0	22.7	10.0	10-Sep-24 06:10:01.220	
0	0	0	1	4	0	0	45	0	0	0	19.8	28.5	0	0	22.7	10.0	10-Sep-24 06:10:01.264	
0	0	0	2	3	0	0	53	0	0	0	19.8	28.5	0	0	22.7	10.0	10-Sep-24 06:10:01.307	
0	0	0	1	3	0	0	43	0	0	0	19.8	28.5	0	0	22.7	10.0	10-Sep-24 06:10:01.351	
0	0	0	2	6	0	0	53	0	0	0	19.8	28.5	0	0	22.7	10.0	10-Sep-24 06:10:01.443	
0	0	0	2	3	0	0	36	0	0	0	19.8	28.5	0	0	22.7	10.0	10-Sep-24 06:10:01.488	
0	0	0	1	3	0	0	52	0	0	0	19.8	28.5	0	0	22.7	10.0	10-Sep-24 06:10:01.531	
0	0	0	1	2	0	0	49	0	0	0	19.8	28.5	0	0	22.7	10.0	10-Sep-24 06:10:01.576	
0	0	0	2	1	0	0	32	0	0	0	19.8	28.5	0	0	22.7	10.0	10-Sep-24 06:10:01.619	
0	0	0	3	5	0	0	38	0	0	0	19.8	28.5	0	0	22.7	10.0	10-Sep-24 06:10:01.664	
0	0	0	3	5	0	0	49	0	0	0	19.8	28.5	0	0	22.7	10.0	10-Sep-24 06:10:01.712	
0	0	0	1	2	0	0	44	0	0	0	19.8	28.5	0	0	22.7	10.0	10-Sep-24 06:10:01.757	
0	0	0	2	5	0	0	57	0	0	0	19.8	28.5	0	0	22.7	10.0	10-Sep-24 06:10:01.800	
0	0	0	1	1	0	0	34	0	0	0	19.8	28.5	0	0	22.7	10.0	10-Sep-24 06:10:01.843	
0	0	0	0	1	0	0	56	0	0	0	19.8	28.5	0	0	22.7	10.0	10-Sep-24 06:10:01.888	
0	0	0	1	4	0	0	50	0	0	0	19.8	28.5	0	0	22.7	10.0	10-Sep-24 06:10:01.931	
0	0	0	2	3	0	0	41	0	0	0	19.8	28.5	0	0	22.7	10.0	10-Sep-24 06:10:01.975	
0	0	0	1	5	0	0	33	0	0	0	19.8	28.5	0	0	22.7	10.0	10-Sep-24 06:10:02.020	
0	0	0	1	4	0	0	43	0	0	0	19.8	28.5	0	0	22.7	10.0	10-Sep-24 06:10:02.063	
0	0	0	1	4	0	0	52	0	0	0	19.8	28.5	0	0	22.7	10.0	10-Sep-24 06:10:02.108	
0	0	0	1	2	0	0	42	0	0	0	19.8	28.5	0	0	22.7	10.0	10-Sep-24 06:10:02.151	
0	0	0	1	4	0	0	45	0	0	0	19.8	28.5	0	0	22.7	10.0	10-Sep-24 06:10:02.204	
0	0	0	1	4	0	0	51	0	0	0	19.8	28.5	0	0	22.7	10.0	10-Sep-24 06:10:02.248	
0	0	0	3	4	0	0	43	0	0	0	19.8	28.5	0	0	22.7	10.0	10-Sep-24 06:10:02.291	
0	0	0	0	2	0	0	58	0	0	0	19.8	28.5	0	0	22.7	10.0	10-Sep-24 06:10:02.335	
0	0	0	2	3	0	0	58	0	0	0	19.8	28.5	0	0	22.7	10.0	10-Sep-24 06:10:02.379	
0	0	0	0	4	0	0	48	0	0	0	19.8	28.5	0	0	22.7	10.0	10-Sep-24 06:10:02.424	
0	0	0	1	3	0	0	43	0	0	0	19.8	28.5	0	0	22.7	10.0	10-Sep-24 06:10:02.525	
0	0	0	2	2	0	0	35	0	0	0	19.8	28.5	0	0	22.7	10.0	10-Sep-24 06:10:02.571	
0	0	0	1	3	0	0	46	0	0	0	19.8	28.5	0	0	22.7	10.0	10-Sep-24 06:10:02.615	
0	0	0	1	3	0	0	39	0	0	0	19.8	28.5	0	0	22.7	10.0	10-Sep-24 06:10:02.660	
0	0	0	1	4	0	0	57	0	0	0	19.8	28.5	0	0	22.7	10.0	10-Sep-24 06:10:02.711	
0	0	0	1	4	0	0	43	0	0	0	19.8	28.5	0	0	22.7	10.0	10-Sep-24 06:10:02.755	
0	0	0	1	3	0	0	49	0	0	0	19.8	28.5	0	0	22.7	10.0	10-Sep-24 06:10:02.799	
0	0	0	1	2	0	0	50	0	0	0	19.8	28.5	0	0	22.7	10.0	10-Sep-24 06:10:02.844	
0	0	0	1	5	0	0	51	0	0	0	19.8	28.5	0	0	22.7	10.0	10-Sep-24 06:10:02.887	
0	0	0	2	5	0	0	36	0	0	0	19.8	28.5	0	0	22.7	10.0	10-Sep-24 06:10:02.932	
0	0	0	0	3	0	0	41	0	0	0	19.8	28.5	0	0	22.7	10.0	10-Sep-24 06:10:02.975	
0	0	0	3	5	0	0	45	0	0	0	19.8	28.5	0	0	22.7	10.0	10-Sep-24 06:10:03.019	
0	0	0	2	1	0	0	44	0	0	0	19.8	28.5	0	0	22.7	10.0	10-Sep-24 06:10:03.063	
0	0	0	2	1	0	0	52	0	0	0	19.8	28.5	0	0	22.7	10.0	10-Sep-24 06:10:03.108	
0	0	0	2	4	0	0	46	0	0	0	19.8	28.5	0	0	22.7	10.0	10-Sep-24 06:10:03.152	
0	0	0	0	4	0	0	48	0	0	0	19.8	28.5	0	0	22.7	10.0	10-Sep-24 06:10:03.195	
0	0	0	2	2	0	0	42	0	0	0	19.8	28.5	0	0	22.7	10.0	10-Sep-24 06:10:03.244	
0	0	0	2	2	0	0	48	0	0	0	19.8	28.5	0	0	22.7	10.0	10-Sep-24 06:10:03.289	
0	0	0	0	2	0	0	41	0	0	0	19.8	28.5	0	0	22.7	10.0	10-Sep-24 06:10:03.331	
0	0	0	0	5	0	0	48	0	0	0	19.8	28.5	0	0	22.7	10.0	10-Sep-24 06:10:03.375	
0	0	0	1	2	0	0	44	0	0	0	19.8	28.5	0	0	22.7	10.0	10-Sep-24 06:10:03.420	
0	0	0	2	3	0	0	50	0	0	0	19.8	28.5	0	0	22.7	10.0	10-Sep-24 06:10:03.463	
0	0	0	2	3	0	0	47	0	0	0	19.8	28.5	0	0	22.7	10.0	10-Sep-24 06:10:03.508	
0	0	0	2	2	0	0	44	0	0	0	19.8	28.5	0	0	22.7	10.0	10-Sep-24 06:10:03.610	
0	0	0	1	2	0	0	45	0	0	0	19.8	28.5	0	0	22.7	10.0	10-Sep-24 06:10:03.656	
0	0	0	2	2	0	0	54	0	0	0	19.8	28.5	0	0	22.7	10.0	10-Sep-24 06:10:03.699	
0	0	0	0	3	0	0	42	0	0	0	19.8	28.5	0	0	22.7	10.0	10-Sep-24 06:10:03.751	
0	0	0	2	4	0	0	48	0	0	0	19.8	28.5	0	0	22.7	10.0	10-Sep-24 06:10:03.796	
0	0	0	0	2	0	0	41	0	0	0	19.8	28.5	0	0	22.7	10.0	10-Sep-24 06:10:03.839	
0	0	0	2	5	0	0	47	0	0	0	19.8	28.5	0	0	22.7	10.0	10-Sep-24 06:10:03.882	
0	0	0	2	1	0	0	37	0	0	0	19.8	28.5	0	0	22.7	10.0	10-Sep-24 06:10:03.924	
0	0	0	0	3	0	0	51	0	0	0	19.8	28.5	0	0	22.7	10.0	10-Sep-24 06:10:03.968	
0	0	0	1	4	0	0	44	0	0	0	19.8	28.5	0	0	22.7	10.0	10-Sep-24 06:10:04.011	
0	0	0	2	3	0	0	44	0	0	0	19.8	28.5	0	0	22.7	10.0	10-Sep-24 06:10:04.055	
0	0	0	2	3	0	0	44	0	0	0	19.8	28.5	0	0	22.7	10.0	10-Sep-24 06:10:04.100	
0	0	0	1	5	0	0	46	0	0	0	19.8	28.5	0	0	22.7	10.0	10-Sep-24 06:10:04.143	
0	0	0	1	3	0	0	45	0	0	0	19.8	28.5	0	0	22.7	10.0	10-Sep-24 06:10:04.187	
0	0	0	2	2	0	0	60	0	0	0	19.8	28.5	0	0	22.7	10.0	10-Sep-24 06:10:04.238	
0	0	0	2	3	0	0	40	0	0	0	19.8	28.5	0	0	22.7	10.0	10-Sep-24 06:10:04.283	
0	0	0	1	2	0	0	35	0	0	0	19.8	28.5	0	0	22.7	10.0	10-Sep-24 06:10:04.328	
0	0	0	2	1	0	0	49	0	0	0	19.8	28.5	0	0	22.7	10.0	10-Sep-24 06:10:04.372	
0	0	0	2	2	0	0	39	0	0	0	19.8	28.5	0	0	22.7	10.0	10-Sep-24 06:10:04.415	
0	0	0	2	8	0	0	57	0	0	0	19.8	28.5	0	0	22.7	10.0	10-Sep-24 06:10:04.459	
0	0	0	0	6	0	0	39	0	0	0	19.8	28.5	0	0	22.7	10.0	10-Sep-24 06:10:04.503	
0	0	0	1	5	0	0	46	0	0	0	19.8	28.5	0	0	22.7	10.0	10-Sep-24 06:10:04.547	
0	0	0	2	2	0	0	37	0	0	0	19.8	28.5	0	0	22.7	10.0	10-Sep-24 06:10:04.592	
0	0	0	2	3	0	0	33	0	0	0	19.8	28.5	0	0	22.7	10.0	10-Sep-24 06:10:04.695	
0	0	0	3	2	0	0	40	0	0	0	19.8	28.5	0	0	22.7	10.0	10-Sep-24 06:10:04.740	
0	0	0	2	3	0	0	39	0	0	0	19.8	28.5	0	0	22.7	10.0	10-Sep-24 06:10:04.792	
0	0	0	2	3	0	0	59	0	0	0	19.8	28.5	0	0	22.7	10.0	10-Sep-24 06:10:04.862	
0	0	0	1	4	0	0	50	0	0	0	19.8	28.5	0	0	22.7	10.0	10-Sep-24 06:10:04.959	
0	0	0	1	2	0	0	51	0	0	0	19.8	28.5	0	0	22.7	10.0	10-Sep-24 06:10:05.031	
0	0	0	0	3	0	0	44	0	0	0	19.8	28.5	0	0	22.7	10.0	10-Sep-24 06:10:05.075	
0	0	0	1	3	0	0	43	0	0	0	19.8	28.5	0	0	22.7	10.0	10-Sep-24 06:10:05.120	
0	0	0	0	5	0	0	55	0	0	0	19.8	28.5	0	0	22.7	10.0	10-Sep-24 06:10:05.163	
0	0	0	2	4	0	0	48	0	0	0	19.8	28.5	0	0	22.7	10.0	10-Sep-24 06:10:05.207	
0	0	0	1	2	0	0	48	0	0	0	19.8	28.5	0	0	22.7	10.0	10-Sep-24 06:10:05.251	
0	0	0	1	3	0	0	47	0	0	0	19.8	28.5	0	0	22.7	10.0	10-Sep-24 06:10:05.303	
0	0	0	1	2	0	0	50	0	0	0	19.8	28.5	0	0	22.7	10.0	10-Sep-24 06:10:05.348	
0	0	0	1	3	0	0	52	0	0	0	19.8	28.5	0	0	22.7	10.0	10-Sep-24 06:10:05.391	
0	0	0	1	4	0	0	42	0	0	0	19.8	28.5	0	0	22.7	10.0	10-Sep-24 06:10:05.428	
0	0	0	1	4	0	0	43	0	0	0	19.8	28.5	0	0	22.7	10.0	10-Sep-24 06:10:05.472	
0	0	0	1	1	0	0	40	0	0	0	19.8	28.5	0	0	22.7	10.0	10-Sep-24 06:10:05.516	
0	0	0	2	5	0	0	53	0	0	0	19.8	28.5	0	0	22.7	10.0	10-Sep-24 06:10:05.553	
0	0	0	1	5	0	0	48	0	0	0	19.8	28.5	0	0	22.7	10.0	10-Sep-24 06:10:05.595	
0	0	0	1	2	0	0	36	0	0	0	19.8	28.5	0	0	22.7	10.0	10-Sep-24 06:10:05.639	
0	0	0	2	1	0	0	55	0	0	0	19.8	28.5	0	0	22.7	10.0	10-Sep-24 06:10:05.684	
0	0	0	0	4	0	0	57	0	0	0	19.8	28.5	0	0	22.7	10.0	10-Sep-24 06:10:05.795	
0	0	0	1	4	0	0	56	0	0	0	19.8	28.5	0	0	22.7	10.0	10-Sep-24 06:10:05.840	
0	0	0	1	2	0	0	57	0	0	0	19.8	28.5	0	0	22.7	10.0	10-Sep-24 06:10:05.883	
0	0	0	2	1	0	0	44	0	0	0	19.8	28.5	0	0	22.7	10.0	10-Sep-24 06:10:05.927	
0	0	0	2	4	0	0	47	0	0	0	19.8	28.5	0	0	22.7	10.0	10-Sep-24 06:10:05.972	
0	0	0	1	2	0	0	47	0	0	0	19.8	28.5	0	0	22.7	10.0	10-Sep-24 06:10:06.016	
0	0	0	1	3	0	0	38	0	0	0	19.8	28.5	0	0	22.7	10.0	10-Sep-24 06:10:06.058	
0	0	0	1	4	0	0	34	0	0	0	19.8	28.5	0	0	22.7	10.0	10-Sep-24 06:10:06.103	
0	0	0	2	4	0	0	48	0	0	0	19.8	28.5	0	0	22.7	10.0	10-Sep-24 06:10:06.148	
0	0	0	1	5	0	0	55	0	0	0	19.8	28.5	0	0	22.7	10.0	10-Sep-24 06:10:06.191	
0	0	0	3	4	0	0	39	0	0	0	19.8	28.5	0	0	22.7	10.0	10-Sep-24 06:10:06.235	
0	0	0	1	3	0	0	55	0	0	0	19.8	28.5	0	0	22.7	10.0	10-Sep-24 06:10:06.279	
0	0	0	1	6	0	0	47	0	0	0	19.8	28.5	0	0	22.7	10.0	10-Sep-24 06:10:06.329	
0	0	0	0	3	0	0	56	0	0	0	19.8	28.5	0	0	22.7	10.0	10-Sep-24 06:10:06.372	
0	0	0	0	2	0	0	48	0	0	0	19.8	28.5	0	0	22.7	10.0	10-Sep-24 06:10:06.415	
0	0	0	1	4	0	0	37	0	0	0	19.8	28.5	0	0	22.7	10.0	10-Sep-24 06:10:06.460	
0	0	0	1	1	0	0	41	0	0	0	19.8	28.5	0	0	22.7	10.0	10-Sep-24 06:10:06.503	
0	0	0	1	3	0	0	49	0	0	0	19.8	28.5	0	0	22.7	10.0	10-Sep-24 06:10:06.547	
0	0	0	1	4	0	0	34	0	0	0	19.8	28.5	0	0	22.7	10.0	10-Sep-24 06:10:06.592	
0	0	0	1	2	0	0	43	0	0	0	19.8	28.5	0	0	22.7	10.0	10-Sep-24 06:10:06.636	
0	0	0	2	3	0	0	54	0	0	0	19.8	28.5	0	0	22.7	10.0	10-Sep-24 06:10:06.680	
0	0	0	1	6	0	0	66	0	0	0	19.8	28.5	0	0	22.7	10.0	10-Sep-24 06:10:06.723	
0	0	0	1	2	0	0	38	0	0	0	19.8	28.5	0	0	22.7	10.0	10-Sep-24 06:10:06.768	
0	0	0	1	2	0	0	43	0	0	0	19.8	28.5	0	0	22.7	10.0	10-Sep-24 06:10:06.875	
0	0	0	2	3	0	0	56	0	0	0	19.8	28.5	0	0	22.7	10.0	10-Sep-24 06:10:06.919	
0	0	0	1	4	0	0	53	0	0	0	19.8	28.5	0	0	22.7	10.0	10-Sep-24 06:10:06.964	
0	0	0	2	5	0	0	39	0	0	0	19.8	28.5	0	0	22.7	10.0	10-Sep-24 06:10:07.008	
0	0	0	1	2	0	0	32	0	0	0	19.8	28.5	0	0	22.7	10.0	10-Sep-24 06:10:07.051	
0	0	0	1	4	0	0	49	0	0	0	19.8	28.5	0	0	22.7	10.0	10-Sep-24 06:10:07.095	
0	0	0	1	3	0	0	47	0	0	0	19.8	28.5	0	0	22.7	10.0	10-Sep-24 06:10:07.139	
0	0	0	2	5	0	0	48	0	0	0	19.8	28.5	0	0	22.7	10.0	10-Sep-24 06:10:07.184	
0	0	0	2	1	0	0	44	0	0	0	19.8	28.5	0	0	22.7	10.0	10-Sep-24 06:10:07.228	
0	0	0	1	5	0	0	33	0	0	0	19.8	28.5	0	0	22.7	10.0	10-Sep-24 06:10:07.271	
0	0	0	1	2	0	0	57	0	0	0	19.8	28.5	0	0	22.7	10.0	10-Sep-24 06:10:07.323	
0	0	0	2	3	0	0	58	0	0	0	19.8	28.5	0	0	22.7	10.0	10-Sep-24 06:10:07.367	
0	0	0	1	4	0	0	42	0	0	0	19.8	28.5	0	0	22.7	10.0	10-Sep-24 06:10:07.412	
0	0	0	1	5	0	0	44	0	0	0	19.8	28.5	0	0	22.7	10.0	10-Sep-24 06:10:07.455	
0	0	0	2	3	0	0	48	0	0	0	19.8	28.5	0	0	22.7	10.0	10-Sep-24 06:10:07.500	
0	0	0	1	3	0	0	56	0	0	0	19.8	28.5	0	0	22.7	10.0	10-Sep-24 06:10:07.543	
0	0	0	2	3	0	0	40	0	0	0	19.8	28.5	0	0	22.7	10.0	10-Sep-24 06:10:07.587	
0	0	0	0	1	0	0	53	0	0	0	19.8	28.5	0	0	22.7	10.0	10-Sep-24 06:10:07.635	
0	0	0	1	1	0	0	42	0	0	0	19.8	28.5	0	0	22.7	10.0	10-Sep-24 06:10:07.680	
0	0	0	3	1	0	0	38	0	0	0	19.8	28.5	0	0	22.7	10.0	10-Sep-24 06:10:07.723	
0	0	0	2	2	0	0	39	0	0	0	19.8	28.5	0	0	22.7	10.0	10-Sep-24 06:10:07.766	
0	0	0	0	4	0	0	41	0	0	0	19.8	28.5	0	0	22.7	10.0	10-Sep-24 06:10:07.812	
0	0	0	1	2	0	0	46	0	0	0	19.8	28.5	0	0	22.7	10.0	10-Sep-24 06:10:07.862	
0	0	0	3	3	0	0	48	0	0	0	19.8	28.5	0	0	22.7	10.0	10-Sep-24 06:10:07.956	
0	0	0	1	1	0	0	42	0	0	0	19.8	28.5	0	0	22.7	10.0	10-Sep-24 06:10:08.003	
0	0	0	1	2	0	0	60	0	0	0	19.8	28.5	0	0	22.7	10.0	10-Sep-24 06:10:08.047	
0	0	0	1	2	0	0	48	0	0	0	19.8	28.5	0	0	22.7	10.0	10-Sep-24 06:10:08.091	
0	0	0	2	4	0	0	54	0	0	0	19.8	28.5	0	0	22.7	10.0	10-Sep-24 06:10:08.136	
0	0	0	1	4	0	0	41	0	0	0	19.8	28.5	0	0	22.7	10.0	10-Sep-24 06:10:08.179	
0	0	0	1	5	0	0	55	0	0	0	19.8	28.5	0	0	22.7	10.0	10-Sep-24 06:10:08.224	
0	0	0	2	3	0	0	45	0	0	0	19.8	28.5	0	0	22.7	10.0	10-Sep-24 06:10:08.267	
0	0	0	1	4	0	0	38	0	0	0	19.8	28.5	0	0	22.7	10.0	10-Sep-24 06:10:08.311	
0	0	0	1	4	0	0	33	0	0	0	19.8	28.5	0	0	22.7	10.0	10-Sep-24 06:10:08.363	
0	0	0	1	4	0	0	56	0	0	0	19.8	28.5	0	0	22.7	10.0	10-Sep-24 06:10:08.408	
0	0	0	2	3	0	0	44	0	0	0	19.8	28.5	0	0	22.7	10.0	10-Sep-24 06:10:08.452	
0	0	0	1	1	0	0	38	0	0	0	19.8	28.5	0	0	22.7	10.0	10-Sep-24 06:10:08.495	
0	0	0	4	3	0	0	44	0	0	0	19.8	28.5	0	0	22.7	10.0	10-Sep-24 06:10:08.540	
0	0	0	1	2	0	0	62	0	0	0	19.8	28.5	0	0	22.7	10.0	10-Sep-24 06:10:08.583	
0	0	0	1	3	0	0	40	0	0	0	19.8	28.5	0	0	22.7	10.0	10-Sep-24 06:10:08.628	
0	0	0	1	4	0	0	40	0	0	0	19.8	28.5	0	0	22.7	10.0	10-Sep-24 06:10:08.672	
0	0	0	1	3	0	0	51	0	0	0	19.8	28.5	0	0	22.7	10.0	10-Sep-24 06:10:08.715	
0	0	0	2	2	0	0	43	0	0	0	19.8	28.5	0	0	22.7	10.0	10-Sep-24 06:10:08.760	
0	0	0	1	6	0	0	38	0	0	0	19.8	28.5	0	0	22.7	10.0	10-Sep-24 06:10:08.803	
0	0	0	1	2	0	0	41	0	0	0	19.8	28.5	0	0	22.7	10.0	10-Sep-24 06:10:08.856	
0	0	0	1	1	0	0	32	0	0	0	19.8	28.5	0	0	22.7	10.0	10-Sep-24 06:10:08.900	
0	0	0	0	3	0	0	43	0	0	0	19.8	28.5	0	0	22.7	10.0	10-Sep-24 06:10:08.943	
0	0	0	0	1	0	0	51	0	0	0	19.8	28.5	0	0	22.7	10.0	10-Sep-24 06:10:09.047	
0	0	0	1	3	0	0	35	0	0	0	19.8	28.5	0	0	22.7	10.0	10-Sep-24 06:10:09.092	
0	0	0	1	5	0	0	47	0	0	0	19.8	28.5	0	0	22.7	10.0	10-Sep-24 06:10:09.135	
0	0	0	3	3	0	0	39	0	0	0	19.8	28.5	0	0	22.7	10.0	10-Sep-24 06:10:09.179	
0	0	0	1	2	0	0	48	0	0	0	19.8	28.5	0	0	22.7	10.0	10-Sep-24 06:10:09.224	
0	0	0	2	3	0	0	45	0	0	0	19.8	28.5	0	0	22.7	10.0	10-Sep-24 06:10:09.268	
0	0	0	0	2	0	0	39	0	0	0	19.8	28.5	0	0	22.7	10.0	10-Sep-24 06:10:09.311	
0	0	0	1	5	0	0	49	0	0	0	19.8	28.5	0	0	22.7	10.0	10-Sep-24 06:10:09.363	
0	0	0	1	7	0	0	44	0	0	0	19.8	28.5	0	0	22.7	10.0	10-Sep-24 06:10:09.408	
0	0	0	1	3	0	0	53	0	0	0	19.8	28.5	0	0	22.7	10.0	10-Sep-24 06:10:09.452	
0	0	0	2	2	0	0	47	0	0	0	19.8	28.5	0	0	22.7	10.0	10-Sep-24 06:10:09.496	
0	0	0	2	4	0	0	40	0	0	0	19.8	28.5	0	0	22.7	10.0	10-Sep-24 06:10:09.539	
0	0	0	1	3	0	0	50	0	0	0	19.8	28.5	0	0	22.7	10.0	10-Sep-24 06:10:09.584	
0	0	0	2	3	0	0	38	0	0	0	19.8	28.5	0	0	22.7	10.0	10-Sep-24 06:10:09.627	
0	0	0	1	2	0	0	51	0	0	0	19.8	28.5	0	0	22.7	10.0	10-Sep-24 06:10:09.671	
0	0	0	2	10	0	0	41	0	0	0	19.8	28.5	0	0	22.7	10.0	10-Sep-24 06:10:09.715	
0	0	0	1	3	0	0	41	0	0	0	19.8	28.5	0	0	22.7	10.0	10-Sep-24 06:10:09.760	
0	0	0	2	1	0	0	44	0	0	0	19.8	28.5	0	0	22.7	10.0	10-Sep-24 06:10:09.804	
0	0	0	1	7	0	0	45	0	0	0	19.8	28.5	0	0	22.7	10.0	10-Sep-24 06:10:09.848	
0	0	0	1	1	0	0	49	0	0	0	19.8	28.5	0	0	22.7	10.0	10-Sep-24 06:10:09.898	
0	0	0	1	2	0	0	47	0	0	0	19.8	28.5	0	0	22.7	10.0	10-Sep-24 06:10:09.944	
0	0	0	3	1	0	0	55	0	0	0	19.8	28.5	0	0	22.7	10.0	10-Sep-24 06:10:09.987	
0	0	0	1	2	0	0	45	0	0	0	19.8	28.5	0	0	22.7	10.0	10-Sep-24 06:10:10.167	
0	0	0	1	4	0	0	34	0	0	0	19.8	28.5	0	0	22.7	10.0	10-Sep-24 06:10:10.233	
0	0	0	1	3	0	0	38	0	0	0	19.8	28.5	0	0	22.7	10.0	10-Sep-24 06:10:10.276	
0	0	0	1	4	0	0	40	0	0	0	19.8	28.5	0	0	22.7	10.0	10-Sep-24 06:10:10.320	
0	0	0	0	3	0	0	40	0	0	0	19.8	28.5	0	0	22.7	10.0	10-Sep-24 06:10:10.363	
0	0	0	1	4	0	0	47	0	0	0	19.8	28.5	0	0	22.7	10.0	10-Sep-24 06:10:10.415	
0	0	0	1	2	0	0	47	0	0	0	19.8	28.5	0	0	22.7	10.0	10-Sep-24 06:10:10.461	
0	0	0	1	3	0	0	51	0	0	0	19.8	28.5	0	0	22.7	10.0	10-Sep-24 06:10:10.503	
0	0	0	3	3	0	0	40	0	0	0	19.8	28.5	0	0	22.7	10.0	10-Sep-24 06:10:10.547	
0	0	0	1	3	0	0	50	0	0	0	19.8	28.5	0	0	22.7	10.0	10-Sep-24 06:10:10.592	
0	0	0	0	3	0	0	31	0	0	0	19.8	28.5	0	0	22.7	10.0	10-Sep-24 06:10:10.636	
0	0	0	1	5	0	0	33	0	0	0	19.8	28.5	0	0	22.7	10.0	10-Sep-24 06:10:10.680	
0	0	0	2	3	0	0	31	0	0	0	19.8	28.5	0	0	22.7	10.0	10-Sep-24 06:10:10.723	
0	0	0	1	4	0	0	41	0	0	0	19.8	28.5	0	0	22.7	10.0	10-Sep-24 06:10:10.767	
0	0	0	1	3	0	0	36	0	0	0	19.8	28.5	0	0	22.7	10.0	10-Sep-24 06:10:10.811	
0	0	0	1	3	0	0	48	0	0	0	19.8	28.5	0	0	22.7	10.0	10-Sep-24 06:10:10.855	
0	0	0	1	9	0	0	37	0	0	0	19.8	28.5	0	0	22.7	10.0	10-Sep-24 06:10:10.906	
0	0	0	2	1	0	0	29	0	0	0	19.8	28.5	0	0	22.7	10.0	10-Sep-24 06:10:10.952	
0	0	0	1	2	0	0	56	0	0	0	19.8	28.5	0	0	22.7	10.0	10-Sep-24 06:10:10.996	
0	0	0	0	3	0	0	34	0	0	0	19.8	28.5	0	0	22.7	10.0	10-Sep-24 06:10:11.040	
0	0	0	1	4	0	0	35	0	0	0	19.8	28.5	0	0	22.7	10.0	10-Sep-24 06:10:11.084	
0	0	0	0	2	0	0	44	0	0	0	19.8	28.5	0	0	22.7	10.0	10-Sep-24 06:10:11.127	
0	0	0	0	5	0	0	46	0	0	0	19.8	28.5	0	0	22.7	10.0	10-Sep-24 06:10:11.229	
0	0	0	1	6	0	0	33	0	0	0	19.8	28.5	0	0	22.7	10.0	10-Sep-24 06:10:11.275	
0	0	0	1	5	0	0	40	0	0	0	19.8	28.5	0	0	22.7	10.0	10-Sep-24 06:10:11.319	
0	0	0	1	5	0	0	46	0	0	0	19.8	28.5	0	0	22.7	10.0	10-Sep-24 06:10:11.364	
0	0	0	1	4	0	0	41	0	0	0	19.8	28.5	0	0	22.7	10.0	10-Sep-24 06:10:11.415	
0	0	0	1	1	0	0	46	0	0	0	19.8	28.5	0	0	22.7	10.0	10-Sep-24 06:10:11.461	
0	0	0	1	3	0	0	34	0	0	0	19.8	28.5	0	0	22.7	10.0	10-Sep-24 06:10:11.504	
0	0	0	2	4	0	0	45	0	0	0	19.8	28.5	0	0	22.7	10.0	10-Sep-24 06:10:11.547	
0	0	0	3	1	0	0	42	0	0	0	19.8	28.5	0	0	22.7	10.0	10-Sep-24 06:10:11.591	
0	0	0	1	3	0	0	40	0	0	0	19.8	28.5	0	0	22.7	10.0	10-Sep-24 06:10:11.635	
0	0	0	2	5	0	0	60	0	0	0	19.8	28.5	0	0	22.7	10.0	10-Sep-24 06:10:11.680	
0	0	0	2	3	0	0	50	0	0	0	19.8	28.5	0	0	22.7	10.0	10-Sep-24 06:10:11.724	
0	0	0	1	4	0	0	58	0	0	0	19.8	28.5	0	0	22.7	10.0	10-Sep-24 06:10:11.767	
0	0	0	0	7	0	0	39	0	0	0	19.8	28.5	0	0	22.7	10.0	10-Sep-24 06:10:11.811	
0	0	0	0	2	0	0	41	0	0	0	19.8	28.5	0	0	22.7	10.0	10-Sep-24 06:10:11.855	
0	0	0	1	7	0	0	52	0	0	0	19.8	28.5	0	0	22.7	10.0	10-Sep-24 06:10:11.900	
0	0	0	1	3	0	0	53	0	0	0	19.8	28.5	0	0	22.7	10.0	10-Sep-24 06:10:11.943	
0	0	0	2	2	0	0	44	0	0	0	19.8	28.5	0	0	22.7	10.0	10-Sep-24 06:10:11.988	
0	0	0	1	2	0	0	44	0	0	0	19.8	28.5	0	0	22.7	10.0	10-Sep-24 06:10:12.031	
0	0	0	1	1	0	0	45	0	0	0	19.8	28.5	0	0	22.7	10.0	10-Sep-24 06:10:12.075	
0	0	0	0	2	0	0	38	0	0	0	19.8	28.5	0	0	22.7	10.0	10-Sep-24 06:10:12.119	
0	0	0	2	2	0	0	43	0	0	0	19.8	28.5	0	0	22.7	10.0	10-Sep-24 06:10:12.164	
0	0	0	1	3	0	0	47	0	0	0	19.8	28.5	0	0	22.7	10.0	10-Sep-24 06:10:12.310	
0	0	0	1	5	0	0	48	0	0	0	19.8	28.5	0	0	22.7	10.0	10-Sep-24 06:10:12.378	
0	0	0	2	3	0	0	49	0	0	0	19.8	28.5	0	0	22.7	10.0	10-Sep-24 06:10:12.443	
0	0	0	1	3	0	0	51	0	0	0	19.8	28.5	0	0	22.7	10.0	10-Sep-24 06:10:12.493	
0	0	0	1	4	0	0	48	0	0	0	19.8	28.5	0	0	22.7	10.0	10-Sep-24 06:10:12.536	
0	0	0	1	5	0	0	40	0	0	0	19.8	28.5	0	0	22.7	10.0	10-Sep-24 06:10:12.580	
0	0	0	1	5	0	0	49	0	0	0	19.8	28.5	0	0	22.7	10.0	10-Sep-24 06:10:12.624	
0	0	0	1	3	0	0	46	0	0	0	19.8	28.5	0	0	22.7	10.0	10-Sep-24 06:10:12.667	
0	0	0	1	4	0	0	45	0	0	0	19.8	28.5	0	0	22.7	10.0	10-Sep-24 06:10:12.711	
0	0	0	1	4	0	0	36	0	0	0	19.8	28.5	0	0	22.7	10.0	10-Sep-24 06:10:12.755	
0	0	0	1	1	0	0	45	0	0	0	19.8	28.5	0	0	22.7	10.0	10-Sep-24 06:10:12.799	
0	0	0	1	1	0	0	44	0	0	0	19.8	28.5	0	0	22.7	10.0	10-Sep-24 06:10:12.844	
0	0	0	1	6	0	0	52	0	0	0	19.8	28.5	0	0	22.7	10.0	10-Sep-24 06:10:12.887	
0	0	0	1	2	0	0	52	0	0	0	19.8	28.5	0	0	22.7	10.0	10-Sep-24 06:10:12.939	
0	0	0	1	6	0	0	50	0	0	0	19.8	28.5	0	0	22.7	10.0	10-Sep-24 06:10:12.984	
0	0	0	2	2	0	0	45	0	0	0	19.8	28.5	0	0	22.7	10.0	10-Sep-24 06:10:13.028	
0	0	0	1	2	0	0	36	0	0	0	19.8	28.5	0	0	22.7	10.0	10-Sep-24 06:10:13.071	
0	0	0	1	2	0	0	49	0	0	0	19.8	28.5	0	0	22.7	10.0	10-Sep-24 06:10:13.115	
0	0	0	2	4	0	0	49	0	0	0	19.8	28.5	0	0	22.7	10.0	10-Sep-24 06:10:13.159	
0	0	0	2	3	0	0	38	0	0	0	19.8	28.5	0	0	22.7	10.0	10-Sep-24 06:10:13.203	
0	0	0	1	3	0	0	50	0	0	0	19.8	28.5	0	0	22.7	10.0	10-Sep-24 06:10:13.248	
0	0	0	2	3	0	0	50	0	0	0	19.8	28.5	0	0	22.7	10.0	10-Sep-24 06:10:13.291	
0	0	0	1	2	0	0	52	0	0	0	19.8	28.5	0	0	22.7	10.0	10-Sep-24 06:10:13.384	
