C1	C2	C3	C4	C5	C6	C7	C8	BC1	BC2	BC3	BC4	BC5	BC6	BC7	BC8	IT	T

0	0	0	4	8	0	0	191	0	0	0	19.8	28.5	0	0	22.7	10.0	10-Sep-24 05:58:23.250	
0	0	0	2	9	0	0	183	0	0	0	19.8	28.5	0	0	22.7	10.0	10-Sep-24 05:58:23.297	
0	0	0	4	6	0	0	202	0	0	0	19.8	28.5	0	0	22.7	10.0	10-Sep-24 05:58:23.340	
0	0	0	1	10	0	0	204	0	0	0	19.8	28.5	0	0	22.7	10.0	10-Sep-24 05:58:23.384	
0	0	0	2	8	0	0	197	0	0	0	19.8	28.5	0	0	22.7	10.0	10-Sep-24 05:58:23.484	
0	0	0	4	8	0	0	233	0	0	0	19.8	28.5	0	0	22.7	10.0	10-Sep-24 05:58:23.532	
0	0	0	2	5	0	0	231	0	0	0	19.8	28.5	0	0	22.7	10.0	10-Sep-24 05:58:23.576	
0	0	0	2	10	0	0	216	0	0	0	19.8	28.5	0	0	22.7	10.0	10-Sep-24 05:58:23.620	
0	0	0	3	13	0	0	228	0	0	0	19.8	28.5	0	0	22.7	10.0	10-Sep-24 05:58:23.664	
0	0	0	2	8	0	0	236	0	0	0	19.8	28.5	0	0	22.7	10.0	10-Sep-24 05:58:23.708	
0	0	0	3	7	0	0	250	0	0	0	19.8	28.5	0	0	22.7	10.0	10-Sep-24 05:58:23.751	
0	0	0	1	8	0	0	198	0	0	0	19.8	28.5	0	0	22.7	10.0	10-Sep-24 05:58:23.795	
0	0	0	4	8	0	0	211	0	0	0	19.8	28.5	0	0	22.7	10.0	10-Sep-24 05:58:23.840	
0	0	0	2	7	0	0	209	0	0	0	19.8	28.5	0	0	22.7	10.0	10-Sep-24 05:58:23.884	
0	0	0	2	9	0	0	225	0	0	0	19.8	28.5	0	0	22.7	10.0	10-Sep-24 05:58:23.928	
0	0	0	2	15	0	0	191	0	0	0	19.8	28.5	0	0	22.7	10.0	10-Sep-24 05:58:23.979	
0	0	0	4	7	0	0	224	0	0	0	19.8	28.5	0	0	22.7	10.0	10-Sep-24 05:58:24.024	
0	0	0	2	12	0	0	205	0	0	0	19.8	28.5	0	0	22.7	10.0	10-Sep-24 05:58:24.068	
0	0	0	3	11	0	0	210	0	0	0	19.8	28.5	0	0	22.7	10.0	10-Sep-24 05:58:24.112	
0	0	0	4	10	0	0	194	0	0	0	19.8	28.5	0	0	22.7	10.0	10-Sep-24 05:58:24.156	
0	0	0	3	7	0	0	203	0	0	0	19.8	28.5	0	0	22.7	10.0	10-Sep-24 05:58:24.200	
0	0	0	4	8	0	0	221	0	0	0	19.8	28.5	0	0	22.7	10.0	10-Sep-24 05:58:24.243	
0	0	0	2	11	0	0	225	0	0	0	19.8	28.5	0	0	22.7	10.0	10-Sep-24 05:58:24.315	
0	0	0	1	11	0	0	232	0	0	0	19.8	28.5	0	0	22.7	10.0	10-Sep-24 05:58:24.402	
0	0	0	2	11	0	0	210	0	0	0	19.8	28.5	0	0	22.7	10.0	10-Sep-24 05:58:24.535	
0	0	0	1	11	0	0	211	0	0	0	19.8	28.5	0	0	22.7	10.0	10-Sep-24 05:58:24.575	
0	0	0	3	9	0	0	206	0	0	0	19.8	28.5	0	0	22.7	10.0	10-Sep-24 05:58:24.619	
0	0	0	2	14	0	0	208	0	0	0	19.8	28.5	0	0	22.7	10.0	10-Sep-24 05:58:24.663	
0	0	0	2	12	0	0	192	0	0	0	19.8	28.5	0	0	22.7	10.0	10-Sep-24 05:58:24.708	
0	0	0	1	8	0	0	222	0	0	0	19.8	28.5	0	0	22.7	10.0	10-Sep-24 05:58:24.751	
0	0	0	3	7	0	0	202	0	0	0	19.8	28.5	0	0	22.7	10.0	10-Sep-24 05:58:24.795	
0	0	0	3	5	0	0	220	0	0	0	19.8	28.5	0	0	22.7	10.0	10-Sep-24 05:58:24.840	
0	0	0	3	7	0	0	181	0	0	0	19.8	28.5	0	0	22.7	10.0	10-Sep-24 05:58:24.883	
0	0	0	5	12	0	0	211	0	0	0	19.8	28.5	0	0	22.7	10.0	10-Sep-24 05:58:24.928	
0	0	0	2	12	0	0	212	0	0	0	19.8	28.5	0	0	22.7	10.0	10-Sep-24 05:58:24.977	
0	0	0	1	13	0	0	233	0	0	0	19.8	28.5	0	0	22.7	10.0	10-Sep-24 05:58:25.025	
0	0	0	1	10	0	0	206	0	0	0	19.8	28.5	0	0	22.7	10.0	10-Sep-24 05:58:25.068	
0	0	0	3	6	0	0	206	0	0	0	19.8	28.5	0	0	22.7	10.0	10-Sep-24 05:58:25.111	
0	0	0	3	10	0	0	216	0	0	0	19.8	28.5	0	0	22.7	10.0	10-Sep-24 05:58:25.156	
0	0	0	1	9	0	0	231	0	0	0	19.8	28.5	0	0	22.7	10.0	10-Sep-24 05:58:25.200	
0	0	0	1	5	0	0	229	0	0	0	19.8	28.5	0	0	22.7	10.0	10-Sep-24 05:58:25.243	
0	0	0	1	14	0	0	208	0	0	0	19.8	28.5	0	0	22.7	10.0	10-Sep-24 05:58:25.288	
0	0	0	1	7	0	0	223	0	0	0	19.8	28.5	0	0	22.7	10.0	10-Sep-24 05:58:25.332	
0	0	0	1	12	0	0	210	0	0	0	19.8	28.5	0	0	22.7	10.0	10-Sep-24 05:58:25.375	
0	0	0	2	9	0	0	220	0	0	0	19.8	28.5	0	0	22.7	10.0	10-Sep-24 05:58:25.418	
0	0	0	1	9	0	0	200	0	0	0	19.8	28.5	0	0	22.7	10.0	10-Sep-24 05:58:25.464	
0	0	0	2	11	0	0	218	0	0	0	19.8	28.5	0	0	22.7	10.0	10-Sep-24 05:58:25.515	
0	0	0	5	10	0	0	201	0	0	0	19.8	28.5	0	0	22.7	10.0	10-Sep-24 05:58:25.618	
0	0	0	2	10	0	0	203	0	0	0	19.8	28.5	0	0	22.7	10.0	10-Sep-24 05:58:25.664	
0	0	0	3	7	0	0	193	0	0	0	19.8	28.5	0	0	22.7	10.0	10-Sep-24 05:58:25.708	
0	0	0	3	9	0	0	211	0	0	0	19.8	28.5	0	0	22.7	10.0	10-Sep-24 05:58:25.752	
0	0	0	2	14	0	0	188	0	0	0	19.8	28.5	0	0	22.7	10.0	10-Sep-24 05:58:25.795	
0	0	0	3	15	0	0	210	0	0	0	19.8	28.5	0	0	22.7	10.0	10-Sep-24 05:58:25.839	
0	0	0	1	9	0	0	210	0	0	0	19.8	28.5	0	0	22.7	10.0	10-Sep-24 05:58:25.884	
0	0	0	2	5	0	0	205	0	0	0	19.8	28.5	0	0	22.7	10.0	10-Sep-24 05:58:25.927	
0	0	0	2	14	0	0	189	0	0	0	19.8	28.5	0	0	22.7	10.0	10-Sep-24 05:58:25.972	
0	0	0	4	11	0	0	214	0	0	0	19.8	28.5	0	0	22.7	10.0	10-Sep-24 05:58:26.023	
0	0	0	3	12	0	0	206	0	0	0	19.8	28.5	0	0	22.7	10.0	10-Sep-24 05:58:26.069	
0	0	0	3	10	0	0	219	0	0	0	19.8	28.5	0	0	22.7	10.0	10-Sep-24 05:58:26.111	
0	0	0	2	8	0	0	213	0	0	0	19.8	28.5	0	0	22.7	10.0	10-Sep-24 05:58:26.155	
0	0	0	1	9	0	0	201	0	0	0	19.8	28.5	0	0	22.7	10.0	10-Sep-24 05:58:26.200	
0	0	0	3	6	0	0	205	0	0	0	19.8	28.5	0	0	22.7	10.0	10-Sep-24 05:58:26.243	
0	0	0	3	11	0	0	212	0	0	0	19.8	28.5	0	0	22.7	10.0	10-Sep-24 05:58:26.288	
0	0	0	2	12	0	0	229	0	0	0	19.8	28.5	0	0	22.7	10.0	10-Sep-24 05:58:26.332	
0	0	0	3	8	0	0	184	0	0	0	19.8	28.5	0	0	22.7	10.0	10-Sep-24 05:58:26.376	
0	0	0	3	9	0	0	193	0	0	0	19.8	28.5	0	0	22.7	10.0	10-Sep-24 05:58:26.419	
0	0	0	2	6	0	0	225	0	0	0	19.8	28.5	0	0	22.7	10.0	10-Sep-24 05:58:26.464	
0	0	0	6	11	0	0	195	0	0	0	19.8	28.5	0	0	22.7	10.0	10-Sep-24 05:58:26.513	
0	0	0	4	10	0	0	199	0	0	0	19.8	28.5	0	0	22.7	10.0	10-Sep-24 05:58:26.560	
0	0	0	2	7	0	0	190	0	0	0	19.8	28.5	0	0	22.7	10.0	10-Sep-24 05:58:26.602	
0	0	0	2	11	0	0	213	0	0	0	19.8	28.5	0	0	22.7	10.0	10-Sep-24 05:58:26.698	
0	0	0	3	8	0	0	212	0	0	0	19.8	28.5	0	0	22.7	10.0	10-Sep-24 05:58:26.744	
0	0	0	4	10	0	0	240	0	0	0	19.8	28.5	0	0	22.7	10.0	10-Sep-24 05:58:26.787	
0	0	0	1	8	0	0	198	0	0	0	19.8	28.5	0	0	22.7	10.0	10-Sep-24 05:58:26.832	
0	0	0	1	9	0	0	191	0	0	0	19.8	28.5	0	0	22.7	10.0	10-Sep-24 05:58:26.875	
0	0	0	2	16	0	0	204	0	0	0	19.8	28.5	0	0	22.7	10.0	10-Sep-24 05:58:26.920	
0	0	0	1	8	0	0	215	0	0	0	19.8	28.5	0	0	22.7	10.0	10-Sep-24 05:58:26.964	
0	0	0	4	11	0	0	216	0	0	0	19.8	28.5	0	0	22.7	10.0	10-Sep-24 05:58:27.017	
0	0	0	2	12	0	0	244	0	0	0	19.8	28.5	0	0	22.7	10.0	10-Sep-24 05:58:27.061	
0	0	0	5	13	0	0	235	0	0	0	19.8	28.5	0	0	22.7	10.0	10-Sep-24 05:58:27.103	
0	0	0	1	8	0	0	197	0	0	0	19.8	28.5	0	0	22.7	10.0	10-Sep-24 05:58:27.148	
0	0	0	3	10	0	0	214	0	0	0	19.8	28.5	0	0	22.7	10.0	10-Sep-24 05:58:27.192	
0	0	0	3	6	0	0	210	0	0	0	19.8	28.5	0	0	22.7	10.0	10-Sep-24 05:58:27.236	
0	0	0	1	8	0	0	239	0	0	0	19.8	28.5	0	0	22.7	10.0	10-Sep-24 05:58:27.273	
0	0	0	5	7	0	0	208	0	0	0	19.8	28.5	0	0	22.7	10.0	10-Sep-24 05:58:27.316	
0	0	0	4	12	0	0	227	0	0	0	19.8	28.5	0	0	22.7	10.0	10-Sep-24 05:58:27.360	
0	0	0	3	14	0	0	217	0	0	0	19.8	28.5	0	0	22.7	10.0	10-Sep-24 05:58:27.403	
0	0	0	1	11	0	0	180	0	0	0	19.8	28.5	0	0	22.7	10.0	10-Sep-24 05:58:27.448	
0	0	0	4	6	0	0	195	0	0	0	19.8	28.5	0	0	22.7	10.0	10-Sep-24 05:58:27.491	
0	0	0	2	10	0	0	215	0	0	0	19.8	28.5	0	0	22.7	10.0	10-Sep-24 05:58:27.543	
0	0	0	1	9	0	0	170	0	0	0	19.8	28.5	0	0	22.7	10.0	10-Sep-24 05:58:27.587	
0	0	0	3	12	0	0	197	0	0	0	19.8	28.5	0	0	22.7	10.0	10-Sep-24 05:58:27.632	
0	0	0	5	11	0	0	201	0	0	0	19.8	28.5	0	0	22.7	10.0	10-Sep-24 05:58:27.676	
0	0	0	2	9	0	0	227	0	0	0	19.8	28.5	0	0	22.7	10.0	10-Sep-24 05:58:27.779	
0	0	0	3	8	0	0	238	0	0	0	19.8	28.5	0	0	22.7	10.0	10-Sep-24 05:58:27.823	
0	0	0	4	5	0	0	210	0	0	0	19.8	28.5	0	0	22.7	10.0	10-Sep-24 05:58:27.868	
0	0	0	2	5	0	0	233	0	0	0	19.8	28.5	0	0	22.7	10.0	10-Sep-24 05:58:27.911	
0	0	0	1	14	0	0	173	0	0	0	19.8	28.5	0	0	22.7	10.0	10-Sep-24 05:58:27.956	
0	0	0	1	19	0	0	223	0	0	0	19.8	28.5	0	0	22.7	10.0	10-Sep-24 05:58:28.000	
0	0	0	6	12	0	0	193	0	0	0	19.8	28.5	0	0	22.7	10.0	10-Sep-24 05:58:28.048	
0	0	0	3	8	0	0	248	0	0	0	19.8	28.5	0	0	22.7	10.0	10-Sep-24 05:58:28.096	
0	0	0	1	9	0	0	190	0	0	0	19.8	28.5	0	0	22.7	10.0	10-Sep-24 05:58:28.139	
0	0	0	3	9	0	0	231	0	0	0	19.8	28.5	0	0	22.7	10.0	10-Sep-24 05:58:28.183	
0	0	0	1	11	0	0	213	0	0	0	19.8	28.5	0	0	22.7	10.0	10-Sep-24 05:58:28.228	
0	0	0	4	14	0	0	236	0	0	0	19.8	28.5	0	0	22.7	10.0	10-Sep-24 05:58:28.271	
0	0	0	3	10	0	0	202	0	0	0	19.8	28.5	0	0	22.7	10.0	10-Sep-24 05:58:28.317	
0	0	0	1	7	0	0	233	0	0	0	19.8	28.5	0	0	22.7	10.0	10-Sep-24 05:58:28.359	
0	0	0	3	17	0	0	212	0	0	0	19.8	28.5	0	0	22.7	10.0	10-Sep-24 05:58:28.404	
0	0	0	5	10	0	0	222	0	0	0	19.8	28.5	0	0	22.7	10.0	10-Sep-24 05:58:28.447	
0	0	0	2	10	0	0	219	0	0	0	19.8	28.5	0	0	22.7	10.0	10-Sep-24 05:58:28.492	
0	0	0	2	13	0	0	200	0	0	0	19.8	28.5	0	0	22.7	10.0	10-Sep-24 05:58:28.544	
0	0	0	1	9	0	0	192	0	0	0	19.8	28.5	0	0	22.7	10.0	10-Sep-24 05:58:28.588	
0	0	0	3	9	0	0	199	0	0	0	19.8	28.5	0	0	22.7	10.0	10-Sep-24 05:58:28.632	
0	0	0	2	9	0	0	209	0	0	0	19.8	28.5	0	0	22.7	10.0	10-Sep-24 05:58:28.675	
0	0	0	3	14	0	0	206	0	0	0	19.8	28.5	0	0	22.7	10.0	10-Sep-24 05:58:28.720	
0	0	0	1	19	0	0	215	0	0	0	19.8	28.5	0	0	22.7	10.0	10-Sep-24 05:58:28.764	
0	0	0	4	10	0	0	224	0	0	0	19.8	28.5	0	0	22.7	10.0	10-Sep-24 05:58:28.866	
0	0	0	2	8	0	0	188	0	0	0	19.8	28.5	0	0	22.7	10.0	10-Sep-24 05:58:28.912	
0	0	0	3	6	0	0	187	0	0	0	19.8	28.5	0	0	22.7	10.0	10-Sep-24 05:58:28.956	
0	0	0	4	5	0	0	229	0	0	0	19.8	28.5	0	0	22.7	10.0	10-Sep-24 05:58:29.000	
0	0	0	3	8	0	0	213	0	0	0	19.8	28.5	0	0	22.7	10.0	10-Sep-24 05:58:29.051	
0	0	0	1	12	0	0	197	0	0	0	19.8	28.5	0	0	22.7	10.0	10-Sep-24 05:58:29.096	
0	0	0	4	6	0	0	218	0	0	0	19.8	28.5	0	0	22.7	10.0	10-Sep-24 05:58:29.139	
0	0	0	3	6	0	0	214	0	0	0	19.8	28.5	0	0	22.7	10.0	10-Sep-24 05:58:29.184	
0	0	0	1	10	0	0	213	0	0	0	19.8	28.5	0	0	22.7	10.0	10-Sep-24 05:58:29.228	
0	0	0	5	7	0	0	214	0	0	0	19.8	28.5	0	0	22.7	10.0	10-Sep-24 05:58:29.272	
0	0	0	2	9	0	0	202	0	0	0	19.8	28.5	0	0	22.7	10.0	10-Sep-24 05:58:29.316	
0	0	0	1	9	0	0	205	0	0	0	19.8	28.5	0	0	22.7	10.0	10-Sep-24 05:58:29.359	
0	0	0	1	9	0	0	189	0	0	0	19.8	28.5	0	0	22.7	10.0	10-Sep-24 05:58:29.403	
0	0	0	2	10	0	0	210	0	0	0	19.8	28.5	0	0	22.7	10.0	10-Sep-24 05:58:29.448	
0	0	0	4	8	0	0	211	0	0	0	19.8	28.5	0	0	22.7	10.0	10-Sep-24 05:58:29.492	
0	0	0	5	7	0	0	191	0	0	0	19.8	28.5	0	0	22.7	10.0	10-Sep-24 05:58:29.578	
0	0	0	4	9	0	0	212	0	0	0	19.8	28.5	0	0	22.7	10.0	10-Sep-24 05:58:29.656	
0	0	0	4	12	0	0	202	0	0	0	19.8	28.5	0	0	22.7	10.0	10-Sep-24 05:58:29.724	
0	0	0	1	11	0	0	212	0	0	0	19.8	28.5	0	0	22.7	10.0	10-Sep-24 05:58:29.767	
0	0	0	3	8	0	0	213	0	0	0	19.8	28.5	0	0	22.7	10.0	10-Sep-24 05:58:29.812	
0	0	0	3	6	0	0	181	0	0	0	19.8	28.5	0	0	22.7	10.0	10-Sep-24 05:58:29.856	
0	0	0	3	10	0	0	227	0	0	0	19.8	28.5	0	0	22.7	10.0	10-Sep-24 05:58:29.958	
0	0	0	2	12	0	0	198	0	0	0	19.8	28.5	0	0	22.7	10.0	10-Sep-24 05:58:30.004	
0	0	0	1	7	0	0	214	0	0	0	19.8	28.5	0	0	22.7	10.0	10-Sep-24 05:58:30.049	
0	0	0	2	9	0	0	191	0	0	0	19.8	28.5	0	0	22.7	10.0	10-Sep-24 05:58:30.097	
0	0	0	3	9	0	0	219	0	0	0	19.8	28.5	0	0	22.7	10.0	10-Sep-24 05:58:30.145	
0	0	0	4	6	0	0	205	0	0	0	19.8	28.5	0	0	22.7	10.0	10-Sep-24 05:58:30.188	
0	0	0	2	11	0	0	205	0	0	0	19.8	28.5	0	0	22.7	10.0	10-Sep-24 05:58:30.232	
0	0	0	2	10	0	0	204	0	0	0	19.8	28.5	0	0	22.7	10.0	10-Sep-24 05:58:30.276	
0	0	0	1	10	0	0	214	0	0	0	19.8	28.5	0	0	22.7	10.0	10-Sep-24 05:58:30.320	
0	0	0	7	7	0	0	228	0	0	0	19.8	28.5	0	0	22.7	10.0	10-Sep-24 05:58:30.364	
0	0	0	2	14	0	0	219	0	0	0	19.8	28.5	0	0	22.7	10.0	10-Sep-24 05:58:30.408	
0	0	0	1	15	0	0	218	0	0	0	19.8	28.5	0	0	22.7	10.0	10-Sep-24 05:58:30.452	
0	0	0	1	14	0	0	193	0	0	0	19.8	28.5	0	0	22.7	10.0	10-Sep-24 05:58:30.496	
0	0	0	4	7	0	0	192	0	0	0	19.8	28.5	0	0	22.7	10.0	10-Sep-24 05:58:30.539	
0	0	0	1	14	0	0	216	0	0	0	19.8	28.5	0	0	22.7	10.0	10-Sep-24 05:58:30.589	
0	0	0	5	13	0	0	231	0	0	0	19.8	28.5	0	0	22.7	10.0	10-Sep-24 05:58:30.637	
0	0	0	6	11	0	0	235	0	0	0	19.8	28.5	0	0	22.7	10.0	10-Sep-24 05:58:30.680	
0	0	0	3	9	0	0	175	0	0	0	19.8	28.5	0	0	22.7	10.0	10-Sep-24 05:58:30.723	
0	0	0	4	14	0	0	212	0	0	0	19.8	28.5	0	0	22.7	10.0	10-Sep-24 05:58:30.768	
0	0	0	2	11	0	0	195	0	0	0	19.8	28.5	0	0	22.7	10.0	10-Sep-24 05:58:30.811	
0	0	0	5	9	0	0	218	0	0	0	19.8	28.5	0	0	22.7	10.0	10-Sep-24 05:58:30.855	
0	0	0	2	5	0	0	218	0	0	0	19.8	28.5	0	0	22.7	10.0	10-Sep-24 05:58:30.900	
0	0	0	5	10	0	0	223	0	0	0	19.8	28.5	0	0	22.7	10.0	10-Sep-24 05:58:30.944	
0	0	0	3	4	0	0	226	0	0	0	19.8	28.5	0	0	22.7	10.0	10-Sep-24 05:58:31.046	
0	0	0	3	9	0	0	222	0	0	0	19.8	28.5	0	0	22.7	10.0	10-Sep-24 05:58:31.098	
0	0	0	5	7	0	0	206	0	0	0	19.8	28.5	0	0	22.7	10.0	10-Sep-24 05:58:31.144	
0	0	0	2	11	0	0	218	0	0	0	19.8	28.5	0	0	22.7	10.0	10-Sep-24 05:58:31.188	
0	0	0	1	10	0	0	232	0	0	0	19.8	28.5	0	0	22.7	10.0	10-Sep-24 05:58:31.232	
0	0	0	1	5	0	0	174	0	0	0	19.8	28.5	0	0	22.7	10.0	10-Sep-24 05:58:31.276	
0	0	0	2	9	0	0	201	0	0	0	19.8	28.5	0	0	22.7	10.0	10-Sep-24 05:58:31.320	
0	0	0	1	7	0	0	202	0	0	0	19.8	28.5	0	0	22.7	10.0	10-Sep-24 05:58:31.363	
0	0	0	1	9	0	0	214	0	0	0	19.8	28.5	0	0	22.7	10.0	10-Sep-24 05:58:31.407	
0	0	0	5	3	0	0	217	0	0	0	19.8	28.5	0	0	22.7	10.0	10-Sep-24 05:58:31.452	
0	0	0	1	7	0	0	192	0	0	0	19.8	28.5	0	0	22.7	10.0	10-Sep-24 05:58:31.496	
0	0	0	3	8	0	0	181	0	0	0	19.8	28.5	0	0	22.7	10.0	10-Sep-24 05:58:31.540	
0	0	0	3	7	0	0	218	0	0	0	19.8	28.5	0	0	22.7	10.0	10-Sep-24 05:58:31.583	
0	0	0	3	12	0	0	230	0	0	0	19.8	28.5	0	0	22.7	10.0	10-Sep-24 05:58:31.634	
0	0	0	3	7	0	0	188	0	0	0	19.8	28.5	0	0	22.7	10.0	10-Sep-24 05:58:31.680	
0	0	0	1	10	0	0	193	0	0	0	19.8	28.5	0	0	22.7	10.0	10-Sep-24 05:58:31.724	
0	0	0	1	8	0	0	195	0	0	0	19.8	28.5	0	0	22.7	10.0	10-Sep-24 05:58:31.767	
0	0	0	2	10	0	0	217	0	0	0	19.8	28.5	0	0	22.7	10.0	10-Sep-24 05:58:31.812	
0	0	0	4	7	0	0	205	0	0	0	19.8	28.5	0	0	22.7	10.0	10-Sep-24 05:58:31.849	
0	0	0	2	11	0	0	200	0	0	0	19.8	28.5	0	0	22.7	10.0	10-Sep-24 05:58:31.892	
0	0	0	3	9	0	0	206	0	0	0	19.8	28.5	0	0	22.7	10.0	10-Sep-24 05:58:31.936	
0	0	0	2	16	0	0	173	0	0	0	19.8	28.5	0	0	22.7	10.0	10-Sep-24 05:58:31.980	
0	0	0	1	15	0	0	246	0	0	0	19.8	28.5	0	0	22.7	10.0	10-Sep-24 05:58:32.024	
0	0	0	2	14	0	0	237	0	0	0	19.8	28.5	0	0	22.7	10.0	10-Sep-24 05:58:32.135	
0	0	0	1	15	0	0	223	0	0	0	19.8	28.5	0	0	22.7	10.0	10-Sep-24 05:58:32.180	
0	0	0	3	12	0	0	198	0	0	0	19.8	28.5	0	0	22.7	10.0	10-Sep-24 05:58:32.224	
0	0	0	2	13	0	0	217	0	0	0	19.8	28.5	0	0	22.7	10.0	10-Sep-24 05:58:32.268	
0	0	0	2	10	0	0	231	0	0	0	19.8	28.5	0	0	22.7	10.0	10-Sep-24 05:58:32.312	
0	0	0	4	8	0	0	184	0	0	0	19.8	28.5	0	0	22.7	10.0	10-Sep-24 05:58:32.356	
0	0	0	1	14	0	0	202	0	0	0	19.8	28.5	0	0	22.7	10.0	10-Sep-24 05:58:32.400	
0	0	0	2	9	0	0	194	0	0	0	19.8	28.5	0	0	22.7	10.0	10-Sep-24 05:58:32.444	
0	0	0	4	12	0	0	200	0	0	0	19.8	28.5	0	0	22.7	10.0	10-Sep-24 05:58:32.488	
0	0	0	1	12	0	0	213	0	0	0	19.8	28.5	0	0	22.7	10.0	10-Sep-24 05:58:32.532	
0	0	0	3	12	0	0	206	0	0	0	19.8	28.5	0	0	22.7	10.0	10-Sep-24 05:58:32.576	
0	0	0	2	14	0	0	206	0	0	0	19.8	28.5	0	0	22.7	10.0	10-Sep-24 05:58:32.626	
0	0	0	7	5	0	0	218	0	0	0	19.8	28.5	0	0	22.7	10.0	10-Sep-24 05:58:32.661	
0	0	0	3	7	0	0	209	0	0	0	19.8	28.5	0	0	22.7	10.0	10-Sep-24 05:58:32.703	
0	0	0	4	10	0	0	196	0	0	0	19.8	28.5	0	0	22.7	10.0	10-Sep-24 05:58:32.747	
0	0	0	2	13	0	0	187	0	0	0	19.8	28.5	0	0	22.7	10.0	10-Sep-24 05:58:32.792	
0	0	0	3	12	0	0	212	0	0	0	19.8	28.5	0	0	22.7	10.0	10-Sep-24 05:58:32.836	
0	0	0	3	11	0	0	183	0	0	0	19.8	28.5	0	0	22.7	10.0	10-Sep-24 05:58:32.879	
0	0	0	3	9	0	0	218	0	0	0	19.8	28.5	0	0	22.7	10.0	10-Sep-24 05:58:32.923	
0	0	0	4	6	0	0	211	0	0	0	19.8	28.5	0	0	22.7	10.0	10-Sep-24 05:58:32.968	
0	0	0	1	6	0	0	214	0	0	0	19.8	28.5	0	0	22.7	10.0	10-Sep-24 05:58:33.011	
0	0	0	3	12	0	0	187	0	0	0	19.8	28.5	0	0	22.7	10.0	10-Sep-24 05:58:33.054	
0	0	0	3	7	0	0	216	0	0	0	19.8	28.5	0	0	22.7	10.0	10-Sep-24 05:58:33.099	
0	0	0	1	8	0	0	226	0	0	0	19.8	28.5	0	0	22.7	10.0	10-Sep-24 05:58:33.211	
0	0	0	1	9	0	0	204	0	0	0	19.8	28.5	0	0	22.7	10.0	10-Sep-24 05:58:33.255	
0	0	0	2	11	0	0	210	0	0	0	19.8	28.5	0	0	22.7	10.0	10-Sep-24 05:58:33.300	
0	0	0	1	11	0	0	215	0	0	0	19.8	28.5	0	0	22.7	10.0	10-Sep-24 05:58:33.344	
0	0	0	1	4	0	0	195	0	0	0	19.8	28.5	0	0	22.7	10.0	10-Sep-24 05:58:33.388	
0	0	0	1	15	0	0	209	0	0	0	19.8	28.5	0	0	22.7	10.0	10-Sep-24 05:58:33.432	
0	0	0	3	11	0	0	222	0	0	0	19.8	28.5	0	0	22.7	10.0	10-Sep-24 05:58:33.476	
0	0	0	6	6	0	0	241	0	0	0	19.8	28.5	0	0	22.7	10.0	10-Sep-24 05:58:33.520	
0	0	0	3	13	0	0	185	0	0	0	19.8	28.5	0	0	22.7	10.0	10-Sep-24 05:58:33.564	
0	0	0	2	8	0	0	228	0	0	0	19.8	28.5	0	0	22.7	10.0	10-Sep-24 05:58:33.608	
0	0	0	4	8	0	0	223	0	0	0	19.8	28.5	0	0	22.7	10.0	10-Sep-24 05:58:33.659	
0	0	0	3	9	0	0	226	0	0	0	19.8	28.5	0	0	22.7	10.0	10-Sep-24 05:58:33.704	
0	0	0	2	15	0	0	206	0	0	0	19.8	28.5	0	0	22.7	10.0	10-Sep-24 05:58:33.748	
0	0	0	1	15	0	0	223	0	0	0	19.8	28.5	0	0	22.7	10.0	10-Sep-24 05:58:33.792	
0	0	0	2	10	0	0	215	0	0	0	19.8	28.5	0	0	22.7	10.0	10-Sep-24 05:58:33.836	
0	0	0	1	9	0	0	211	0	0	0	19.8	28.5	0	0	22.7	10.0	10-Sep-24 05:58:33.879	
0	0	0	3	7	0	0	219	0	0	0	19.8	28.5	0	0	22.7	10.0	10-Sep-24 05:58:33.924	
0	0	0	3	9	0	0	178	0	0	0	19.8	28.5	0	0	22.7	10.0	10-Sep-24 05:58:33.967	
0	0	0	4	9	0	0	206	0	0	0	19.8	28.5	0	0	22.7	10.0	10-Sep-24 05:58:34.013	
0	0	0	1	6	0	0	213	0	0	0	19.8	28.5	0	0	22.7	10.0	10-Sep-24 05:58:34.055	
0	0	0	2	10	0	0	214	0	0	0	19.8	28.5	0	0	22.7	10.0	10-Sep-24 05:58:34.100	
0	0	0	1	9	0	0	206	0	0	0	19.8	28.5	0	0	22.7	10.0	10-Sep-24 05:58:34.143	
0	0	0	4	14	0	0	226	0	0	0	19.8	28.5	0	0	22.7	10.0	10-Sep-24 05:58:34.194	
0	0	0	3	12	0	0	201	0	0	0	19.8	28.5	0	0	22.7	10.0	10-Sep-24 05:58:34.288	
0	0	0	3	8	0	0	214	0	0	0	19.8	28.5	0	0	22.7	10.0	10-Sep-24 05:58:34.336	
0	0	0	3	8	0	0	208	0	0	0	19.8	28.5	0	0	22.7	10.0	10-Sep-24 05:58:34.372	
0	0	0	2	13	0	0	217	0	0	0	19.8	28.5	0	0	22.7	10.0	10-Sep-24 05:58:34.417	
0	0	0	2	8	0	0	191	0	0	0	19.8	28.5	0	0	22.7	10.0	10-Sep-24 05:58:34.460	
0	0	0	2	14	0	0	204	0	0	0	19.8	28.5	0	0	22.7	10.0	10-Sep-24 05:58:34.496	
0	0	0	3	10	0	0	197	0	0	0	19.8	28.5	0	0	22.7	10.0	10-Sep-24 05:58:34.540	
0	0	0	4	16	0	0	232	0	0	0	19.8	28.5	0	0	22.7	10.0	10-Sep-24 05:58:34.584	
0	0	0	1	2	0	0	215	0	0	0	19.8	28.5	0	0	22.7	10.0	10-Sep-24 05:58:34.628	
0	0	0	5	9	0	0	208	0	0	0	19.8	28.5	0	0	22.7	10.0	10-Sep-24 05:58:34.679	
0	0	0	4	8	0	0	220	0	0	0	19.8	28.5	0	0	22.7	10.0	10-Sep-24 05:58:34.724	
0	0	0	5	8	0	0	216	0	0	0	19.8	28.5	0	0	22.7	10.0	10-Sep-24 05:58:34.782	
0	0	0	3	11	0	0	198	0	0	0	19.8	28.5	0	0	22.7	10.0	10-Sep-24 05:58:34.869	
0	0	0	4	12	0	0	210	0	0	0	19.8	28.5	0	0	22.7	10.0	10-Sep-24 05:58:34.933	
0	0	0	2	11	0	0	215	0	0	0	19.8	28.5	0	0	22.7	10.0	10-Sep-24 05:58:34.981	
0	0	0	2	8	0	0	200	0	0	0	19.8	28.5	0	0	22.7	10.0	10-Sep-24 05:58:35.024	
0	0	0	4	16	0	0	214	0	0	0	19.8	28.5	0	0	22.7	10.0	10-Sep-24 05:58:35.068	
0	0	0	2	8	0	0	210	0	0	0	19.8	28.5	0	0	22.7	10.0	10-Sep-24 05:58:35.112	
0	0	0	2	8	0	0	223	0	0	0	19.8	28.5	0	0	22.7	10.0	10-Sep-24 05:58:35.156	
0	0	0	2	5	0	0	215	0	0	0	19.8	28.5	0	0	22.7	10.0	10-Sep-24 05:58:35.208	
0	0	0	1	9	0	0	213	0	0	0	19.8	28.5	0	0	22.7	10.0	10-Sep-24 05:58:35.253	
0	0	0	2	16	0	0	227	0	0	0	19.8	28.5	0	0	22.7	10.0	10-Sep-24 05:58:35.355	
0	0	0	3	6	0	0	206	0	0	0	19.8	28.5	0	0	22.7	10.0	10-Sep-24 05:58:35.394	
0	0	0	2	13	0	0	243	0	0	0	19.8	28.5	0	0	22.7	10.0	10-Sep-24 05:58:35.440	
0	0	0	3	8	0	0	203	0	0	0	19.8	28.5	0	0	22.7	10.0	10-Sep-24 05:58:35.484	
0	0	0	2	8	0	0	205	0	0	0	19.8	28.5	0	0	22.7	10.0	10-Sep-24 05:58:35.527	
0	0	0	3	8	0	0	211	0	0	0	19.8	28.5	0	0	22.7	10.0	10-Sep-24 05:58:35.572	
0	0	0	3	10	0	0	215	0	0	0	19.8	28.5	0	0	22.7	10.0	10-Sep-24 05:58:35.616	
0	0	0	1	12	0	0	238	0	0	0	19.8	28.5	0	0	22.7	10.0	10-Sep-24 05:58:35.660	
0	0	0	1	9	0	0	202	0	0	0	19.8	28.5	0	0	22.7	10.0	10-Sep-24 05:58:35.709	
0	0	0	4	12	0	0	197	0	0	0	19.8	28.5	0	0	22.7	10.0	10-Sep-24 05:58:35.756	
0	0	0	3	12	0	0	241	0	0	0	19.8	28.5	0	0	22.7	10.0	10-Sep-24 05:58:35.793	
0	0	0	1	13	0	0	207	0	0	0	19.8	28.5	0	0	22.7	10.0	10-Sep-24 05:58:35.836	
0	0	0	3	11	0	0	215	0	0	0	19.8	28.5	0	0	22.7	10.0	10-Sep-24 05:58:35.880	
0	0	0	3	13	0	0	213	0	0	0	19.8	28.5	0	0	22.7	10.0	10-Sep-24 05:58:35.924	
0	0	0	1	6	0	0	178	0	0	0	19.8	28.5	0	0	22.7	10.0	10-Sep-24 05:58:35.967	
0	0	0	2	15	0	0	211	0	0	0	19.8	28.5	0	0	22.7	10.0	10-Sep-24 05:58:36.012	
0	0	0	5	10	0	0	212	0	0	0	19.8	28.5	0	0	22.7	10.0	10-Sep-24 05:58:36.056	
0	0	0	3	12	0	0	239	0	0	0	19.8	28.5	0	0	22.7	10.0	10-Sep-24 05:58:36.100	
0	0	0	2	11	0	0	215	0	0	0	19.8	28.5	0	0	22.7	10.0	10-Sep-24 05:58:36.144	
0	0	0	4	9	0	0	243	0	0	0	19.8	28.5	0	0	22.7	10.0	10-Sep-24 05:58:36.188	
0	0	0	3	11	0	0	215	0	0	0	19.8	28.5	0	0	22.7	10.0	10-Sep-24 05:58:36.241	
0	0	0	4	7	0	0	225	0	0	0	19.8	28.5	0	0	22.7	10.0	10-Sep-24 05:58:36.284	
0	0	0	2	13	0	0	190	0	0	0	19.8	28.5	0	0	22.7	10.0	10-Sep-24 05:58:36.328	
0	0	0	1	10	0	0	193	0	0	0	19.8	28.5	0	0	22.7	10.0	10-Sep-24 05:58:36.430	
0	0	0	3	6	0	0	215	0	0	0	19.8	28.5	0	0	22.7	10.0	10-Sep-24 05:58:36.475	
0	0	0	1	12	0	0	177	0	0	0	19.8	28.5	0	0	22.7	10.0	10-Sep-24 05:58:36.520	
0	0	0	2	9	0	0	256	0	0	0	19.8	28.5	0	0	22.7	10.0	10-Sep-24 05:58:36.563	
0	0	0	1	9	0	0	195	0	0	0	19.8	28.5	0	0	22.7	10.0	10-Sep-24 05:58:36.608	
0	0	0	2	12	0	0	195	0	0	0	19.8	28.5	0	0	22.7	10.0	10-Sep-24 05:58:36.652	
0	0	0	3	17	0	0	223	0	0	0	19.8	28.5	0	0	22.7	10.0	10-Sep-24 05:58:36.696	
0	0	0	2	10	0	0	209	0	0	0	19.8	28.5	0	0	22.7	10.0	10-Sep-24 05:58:36.745	
0	0	0	1	11	0	0	209	0	0	0	19.8	28.5	0	0	22.7	10.0	10-Sep-24 05:58:36.793	
0	0	0	2	9	0	0	225	0	0	0	19.8	28.5	0	0	22.7	10.0	10-Sep-24 05:58:36.836	
0	0	0	3	15	0	0	207	0	0	0	19.8	28.5	0	0	22.7	10.0	10-Sep-24 05:58:36.880	
0	0	0	1	11	0	0	203	0	0	0	19.8	28.5	0	0	22.7	10.0	10-Sep-24 05:58:36.924	
0	0	0	2	5	0	0	208	0	0	0	19.8	28.5	0	0	22.7	10.0	10-Sep-24 05:58:36.967	
0	0	0	4	7	0	0	224	0	0	0	19.8	28.5	0	0	22.7	10.0	10-Sep-24 05:58:37.011	
0	0	0	3	7	0	0	190	0	0	0	19.8	28.5	0	0	22.7	10.0	10-Sep-24 05:58:37.056	
0	0	0	1	6	0	0	221	0	0	0	19.8	28.5	0	0	22.7	10.0	10-Sep-24 05:58:37.100	
0	0	0	3	12	0	0	224	0	0	0	19.8	28.5	0	0	22.7	10.0	10-Sep-24 05:58:37.145	
0	0	0	4	7	0	0	209	0	0	0	19.8	28.5	0	0	22.7	10.0	10-Sep-24 05:58:37.187	
0	0	0	3	13	0	0	215	0	0	0	19.8	28.5	0	0	22.7	10.0	10-Sep-24 05:58:37.240	
0	0	0	2	8	0	0	223	0	0	0	19.8	28.5	0	0	22.7	10.0	10-Sep-24 05:58:37.285	
0	0	0	2	9	0	0	223	0	0	0	19.8	28.5	0	0	22.7	10.0	10-Sep-24 05:58:37.327	
0	0	0	1	10	0	0	226	0	0	0	19.8	28.5	0	0	22.7	10.0	10-Sep-24 05:58:37.372	
0	0	0	4	11	0	0	210	0	0	0	19.8	28.5	0	0	22.7	10.0	10-Sep-24 05:58:37.415	
0	0	0	2	6	0	0	189	0	0	0	19.8	28.5	0	0	22.7	10.0	10-Sep-24 05:58:37.518	
0	0	0	1	7	0	0	219	0	0	0	19.8	28.5	0	0	22.7	10.0	10-Sep-24 05:58:37.564	
0	0	0	4	8	0	0	189	0	0	0	19.8	28.5	0	0	22.7	10.0	10-Sep-24 05:58:37.607	
0	0	0	2	11	0	0	198	0	0	0	19.8	28.5	0	0	22.7	10.0	10-Sep-24 05:58:37.652	
0	0	0	3	7	0	0	189	0	0	0	19.8	28.5	0	0	22.7	10.0	10-Sep-24 05:58:37.696	
0	0	0	2	13	0	0	210	0	0	0	19.8	28.5	0	0	22.7	10.0	10-Sep-24 05:58:37.744	
0	0	0	1	5	0	0	218	0	0	0	19.8	28.5	0	0	22.7	10.0	10-Sep-24 05:58:37.793	
0	0	0	2	7	0	0	235	0	0	0	19.8	28.5	0	0	22.7	10.0	10-Sep-24 05:58:37.835	
0	0	0	2	10	0	0	229	0	0	0	19.8	28.5	0	0	22.7	10.0	10-Sep-24 05:58:37.880	
0	0	0	4	13	0	0	229	0	0	0	19.8	28.5	0	0	22.7	10.0	10-Sep-24 05:58:37.924	
0	0	0	3	10	0	0	230	0	0	0	19.8	28.5	0	0	22.7	10.0	10-Sep-24 05:58:37.968	
0	0	0	3	19	0	0	195	0	0	0	19.8	28.5	0	0	22.7	10.0	10-Sep-24 05:58:38.012	
0	0	0	1	8	0	0	207	0	0	0	19.8	28.5	0	0	22.7	10.0	10-Sep-24 05:58:38.055	
0	0	0	2	15	0	0	207	0	0	0	19.8	28.5	0	0	22.7	10.0	10-Sep-24 05:58:38.100	
0	0	0	2	12	0	0	202	0	0	0	19.8	28.5	0	0	22.7	10.0	10-Sep-24 05:58:38.144	
0	0	0	1	8	0	0	203	0	0	0	19.8	28.5	0	0	22.7	10.0	10-Sep-24 05:58:38.188	
0	0	0	5	9	0	0	191	0	0	0	19.8	28.5	0	0	22.7	10.0	10-Sep-24 05:58:38.232	
0	0	0	3	9	0	0	195	0	0	0	19.8	28.5	0	0	22.7	10.0	10-Sep-24 05:58:38.284	
0	0	0	2	8	0	0	234	0	0	0	19.8	28.5	0	0	22.7	10.0	10-Sep-24 05:58:38.326	
0	0	0	3	3	0	0	219	0	0	0	19.8	28.5	0	0	22.7	10.0	10-Sep-24 05:58:38.363	
0	0	0	2	9	0	0	176	0	0	0	19.8	28.5	0	0	22.7	10.0	10-Sep-24 05:58:38.408	
0	0	0	2	9	0	0	212	0	0	0	19.8	28.5	0	0	22.7	10.0	10-Sep-24 05:58:38.452	
0	0	0	1	8	0	0	192	0	0	0	19.8	28.5	0	0	22.7	10.0	10-Sep-24 05:58:38.496	
0	0	0	3	12	0	0	211	0	0	0	19.8	28.5	0	0	22.7	10.0	10-Sep-24 05:58:38.599	
0	0	0	5	7	0	0	222	0	0	0	19.8	28.5	0	0	22.7	10.0	10-Sep-24 05:58:38.644	
0	0	0	2	16	0	0	219	0	0	0	19.8	28.5	0	0	22.7	10.0	10-Sep-24 05:58:38.681	
0	0	0	3	8	0	0	227	0	0	0	19.8	28.5	0	0	22.7	10.0	10-Sep-24 05:58:38.723	
0	0	0	2	6	0	0	235	0	0	0	19.8	28.5	0	0	22.7	10.0	10-Sep-24 05:58:38.775	
0	0	0	3	9	0	0	208	0	0	0	19.8	28.5	0	0	22.7	10.0	10-Sep-24 05:58:38.817	
0	0	0	3	11	0	0	234	0	0	0	19.8	28.5	0	0	22.7	10.0	10-Sep-24 05:58:38.860	
0	0	0	2	11	0	0	195	0	0	0	19.8	28.5	0	0	22.7	10.0	10-Sep-24 05:58:38.904	
0	0	0	3	13	0	0	213	0	0	0	19.8	28.5	0	0	22.7	10.0	10-Sep-24 05:58:38.948	
0	0	0	2	15	0	0	214	0	0	0	19.8	28.5	0	0	22.7	10.0	10-Sep-24 05:58:38.992	
0	0	0	1	7	0	0	198	0	0	0	19.8	28.5	0	0	22.7	10.0	10-Sep-24 05:58:39.035	
0	0	0	5	9	0	0	233	0	0	0	19.8	28.5	0	0	22.7	10.0	10-Sep-24 05:58:39.079	
0	0	0	2	9	0	0	200	0	0	0	19.8	28.5	0	0	22.7	10.0	10-Sep-24 05:58:39.124	
0	0	0	5	10	0	0	211	0	0	0	19.8	28.5	0	0	22.7	10.0	10-Sep-24 05:58:39.168	
0	0	0	1	9	0	0	199	0	0	0	19.8	28.5	0	0	22.7	10.0	10-Sep-24 05:58:39.212	
0	0	0	4	8	0	0	211	0	0	0	19.8	28.5	0	0	22.7	10.0	10-Sep-24 05:58:39.261	
0	0	0	3	8	0	0	206	0	0	0	19.8	28.5	0	0	22.7	10.0	10-Sep-24 05:58:39.307	
0	0	0	3	8	0	0	213	0	0	0	19.8	28.5	0	0	22.7	10.0	10-Sep-24 05:58:39.344	
0	0	0	3	7	0	0	206	0	0	0	19.8	28.5	0	0	22.7	10.0	10-Sep-24 05:58:39.388	
0	0	0	5	12	0	0	211	0	0	0	19.8	28.5	0	0	22.7	10.0	10-Sep-24 05:58:39.432	
0	0	0	3	7	0	0	211	0	0	0	19.8	28.5	0	0	22.7	10.0	10-Sep-24 05:58:39.476	
0	0	0	3	5	0	0	212	0	0	0	19.8	28.5	0	0	22.7	10.0	10-Sep-24 05:58:39.519	
0	0	0	1	13	0	0	208	0	0	0	19.8	28.5	0	0	22.7	10.0	10-Sep-24 05:58:39.564	
0	0	0	3	11	0	0	209	0	0	0	19.8	28.5	0	0	22.7	10.0	10-Sep-24 05:58:39.654	
0	0	0	6	8	0	0	203	0	0	0	19.8	28.5	0	0	22.7	10.0	10-Sep-24 05:58:39.700	
0	0	0	4	6	0	0	205	0	0	0	19.8	28.5	0	0	22.7	10.0	10-Sep-24 05:58:39.744	
0	0	0	4	11	0	0	206	0	0	0	19.8	28.5	0	0	22.7	10.0	10-Sep-24 05:58:39.793	
0	0	0	5	15	0	0	226	0	0	0	19.8	28.5	0	0	22.7	10.0	10-Sep-24 05:58:39.842	
0	0	0	2	12	0	0	195	0	0	0	19.8	28.5	0	0	22.7	10.0	10-Sep-24 05:58:39.884	
0	0	0	1	10	0	0	217	0	0	0	19.8	28.5	0	0	22.7	10.0	10-Sep-24 05:58:39.928	
0	0	0	4	10	0	0	204	0	0	0	19.8	28.5	0	0	22.7	10.0	10-Sep-24 05:58:40.044	
0	0	0	4	16	0	0	233	0	0	0	19.8	28.5	0	0	22.7	10.0	10-Sep-24 05:58:40.117	
0	0	0	5	6	0	0	235	0	0	0	19.8	28.5	0	0	22.7	10.0	10-Sep-24 05:58:40.164	
0	0	0	1	6	0	0	186	0	0	0	19.8	28.5	0	0	22.7	10.0	10-Sep-24 05:58:40.208	
0	0	0	2	9	0	0	233	0	0	0	19.8	28.5	0	0	22.7	10.0	10-Sep-24 05:58:40.252	
0	0	0	1	8	0	0	203	0	0	0	19.8	28.5	0	0	22.7	10.0	10-Sep-24 05:58:40.304	
0	0	0	2	8	0	0	220	0	0	0	19.8	28.5	0	0	22.7	10.0	10-Sep-24 05:58:40.348	
0	0	0	2	7	0	0	215	0	0	0	19.8	28.5	0	0	22.7	10.0	10-Sep-24 05:58:40.392	
0	0	0	3	13	0	0	194	0	0	0	19.8	28.5	0	0	22.7	10.0	10-Sep-24 05:58:40.436	
0	0	0	2	10	0	0	213	0	0	0	19.8	28.5	0	0	22.7	10.0	10-Sep-24 05:58:40.480	
0	0	0	4	7	0	0	203	0	0	0	19.8	28.5	0	0	22.7	10.0	10-Sep-24 05:58:40.517	
0	0	0	2	11	0	0	224	0	0	0	19.8	28.5	0	0	22.7	10.0	10-Sep-24 05:58:40.560	
0	0	0	5	11	0	0	200	0	0	0	19.8	28.5	0	0	22.7	10.0	10-Sep-24 05:58:40.604	
0	0	0	4	12	0	0	227	0	0	0	19.8	28.5	0	0	22.7	10.0	10-Sep-24 05:58:40.706	
0	0	0	2	18	0	0	198	0	0	0	19.8	28.5	0	0	22.7	10.0	10-Sep-24 05:58:40.752	
0	0	0	4	10	0	0	217	0	0	0	19.8	28.5	0	0	22.7	10.0	10-Sep-24 05:58:40.801	
0	0	0	5	8	0	0	229	0	0	0	19.8	28.5	0	0	22.7	10.0	10-Sep-24 05:58:40.848	
0	0	0	4	7	0	0	209	0	0	0	19.8	28.5	0	0	22.7	10.0	10-Sep-24 05:58:40.894	
0	0	0	2	12	0	0	202	0	0	0	19.8	28.5	0	0	22.7	10.0	10-Sep-24 05:58:40.936	
0	0	0	1	6	0	0	227	0	0	0	19.8	28.5	0	0	22.7	10.0	10-Sep-24 05:58:40.979	
0	0	0	2	9	0	0	217	0	0	0	19.8	28.5	0	0	22.7	10.0	10-Sep-24 05:58:41.024	
0	0	0	3	8	0	0	197	0	0	0	19.8	28.5	0	0	22.7	10.0	10-Sep-24 05:58:41.068	
0	0	0	1	11	0	0	212	0	0	0	19.8	28.5	0	0	22.7	10.0	10-Sep-24 05:58:41.112	
0	0	0	2	7	0	0	192	0	0	0	19.8	28.5	0	0	22.7	10.0	10-Sep-24 05:58:41.156	
0	0	0	3	12	0	0	225	0	0	0	19.8	28.5	0	0	22.7	10.0	10-Sep-24 05:58:41.200	
0	0	0	3	8	0	0	204	0	0	0	19.8	28.5	0	0	22.7	10.0	10-Sep-24 05:58:41.244	
0	0	0	3	8	0	0	208	0	0	0	19.8	28.5	0	0	22.7	10.0	10-Sep-24 05:58:41.297	
0	0	0	2	11	0	0	202	0	0	0	19.8	28.5	0	0	22.7	10.0	10-Sep-24 05:58:41.340	
0	0	0	1	17	0	0	173	0	0	0	19.8	28.5	0	0	22.7	10.0	10-Sep-24 05:58:41.384	
0	0	0	1	15	0	0	189	0	0	0	19.8	28.5	0	0	22.7	10.0	10-Sep-24 05:58:41.428	
0	0	0	4	14	0	0	217	0	0	0	19.8	28.5	0	0	22.7	10.0	10-Sep-24 05:58:41.473	
0	0	0	2	12	0	0	200	0	0	0	19.8	28.5	0	0	22.7	10.0	10-Sep-24 05:58:41.516	
0	0	0	3	8	0	0	184	0	0	0	19.8	28.5	0	0	22.7	10.0	10-Sep-24 05:58:41.560	
0	0	0	1	10	0	0	212	0	0	0	19.8	28.5	0	0	22.7	10.0	10-Sep-24 05:58:41.604	
0	0	0	4	9	0	0	240	0	0	0	19.8	28.5	0	0	22.7	10.0	10-Sep-24 05:58:41.648	
0	0	0	2	17	0	0	221	0	0	0	19.8	28.5	0	0	22.7	10.0	10-Sep-24 05:58:41.692	
0	0	0	3	12	0	0	246	0	0	0	19.8	28.5	0	0	22.7	10.0	10-Sep-24 05:58:41.785	
0	0	0	4	10	0	0	231	0	0	0	19.8	28.5	0	0	22.7	10.0	10-Sep-24 05:58:41.837	
0	0	0	4	9	0	0	224	0	0	0	19.8	28.5	0	0	22.7	10.0	10-Sep-24 05:58:41.881	
0	0	0	1	4	0	0	224	0	0	0	19.8	28.5	0	0	22.7	10.0	10-Sep-24 05:58:41.923	
0	0	0	1	11	0	0	213	0	0	0	19.8	28.5	0	0	22.7	10.0	10-Sep-24 05:58:41.968	
0	0	0	1	7	0	0	230	0	0	0	19.8	28.5	0	0	22.7	10.0	10-Sep-24 05:58:42.011	
0	0	0	1	4	0	0	214	0	0	0	19.8	28.5	0	0	22.7	10.0	10-Sep-24 05:58:42.055	
0	0	0	2	11	0	0	211	0	0	0	19.8	28.5	0	0	22.7	10.0	10-Sep-24 05:58:42.101	
0	0	0	6	13	0	0	195	0	0	0	19.8	28.5	0	0	22.7	10.0	10-Sep-24 05:58:42.144	
0	0	0	3	7	0	0	222	0	0	0	19.8	28.5	0	0	22.7	10.0	10-Sep-24 05:58:42.187	
0	0	0	1	10	0	0	225	0	0	0	19.8	28.5	0	0	22.7	10.0	10-Sep-24 05:58:42.232	
0	0	0	1	8	0	0	202	0	0	0	19.8	28.5	0	0	22.7	10.0	10-Sep-24 05:58:42.276	
0	0	0	2	10	0	0	229	0	0	0	19.8	28.5	0	0	22.7	10.0	10-Sep-24 05:58:42.325	
0	0	0	1	14	0	0	205	0	0	0	19.8	28.5	0	0	22.7	10.0	10-Sep-24 05:58:42.364	
0	0	0	1	11	0	0	200	0	0	0	19.8	28.5	0	0	22.7	10.0	10-Sep-24 05:58:42.408	
0	0	0	3	12	0	0	189	0	0	0	19.8	28.5	0	0	22.7	10.0	10-Sep-24 05:58:42.452	
0	0	0	2	7	0	0	231	0	0	0	19.8	28.5	0	0	22.7	10.0	10-Sep-24 05:58:42.496	
0	0	0	3	10	0	0	200	0	0	0	19.8	28.5	0	0	22.7	10.0	10-Sep-24 05:58:42.540	
0	0	0	3	11	0	0	224	0	0	0	19.8	28.5	0	0	22.7	10.0	10-Sep-24 05:58:42.584	
0	0	0	2	8	0	0	212	0	0	0	19.8	28.5	0	0	22.7	10.0	10-Sep-24 05:58:42.626	
0	0	0	2	9	0	0	202	0	0	0	19.8	28.5	0	0	22.7	10.0	10-Sep-24 05:58:42.663	
0	0	0	4	13	0	0	224	0	0	0	19.8	28.5	0	0	22.7	10.0	10-Sep-24 05:58:42.709	
0	0	0	3	9	0	0	218	0	0	0	19.8	28.5	0	0	22.7	10.0	10-Sep-24 05:58:42.751	
0	0	0	1	10	0	0	226	0	0	0	19.8	28.5	0	0	22.7	10.0	10-Sep-24 05:58:42.862	
0	0	0	4	7	0	0	208	0	0	0	19.8	28.5	0	0	22.7	10.0	10-Sep-24 05:58:42.909	
0	0	0	2	14	0	0	223	0	0	0	19.8	28.5	0	0	22.7	10.0	10-Sep-24 05:58:42.952	
0	0	0	2	5	0	0	192	0	0	0	19.8	28.5	0	0	22.7	10.0	10-Sep-24 05:58:42.996	
0	0	0	3	10	0	0	190	0	0	0	19.8	28.5	0	0	22.7	10.0	10-Sep-24 05:58:43.040	
0	0	0	3	9	0	0	215	0	0	0	19.8	28.5	0	0	22.7	10.0	10-Sep-24 05:58:43.084	
0	0	0	1	8	0	0	224	0	0	0	19.8	28.5	0	0	22.7	10.0	10-Sep-24 05:58:43.128	
0	0	0	4	11	0	0	199	0	0	0	19.8	28.5	0	0	22.7	10.0	10-Sep-24 05:58:43.172	
0	0	0	1	6	0	0	195	0	0	0	19.8	28.5	0	0	22.7	10.0	10-Sep-24 05:58:43.216	
0	0	0	2	11	0	0	210	0	0	0	19.8	28.5	0	0	22.7	10.0	10-Sep-24 05:58:43.260	
0	0	0	1	10	0	0	216	0	0	0	19.8	28.5	0	0	22.7	10.0	10-Sep-24 05:58:43.296	
0	0	0	3	8	0	0	225	0	0	0	19.8	28.5	0	0	22.7	10.0	10-Sep-24 05:58:43.348	
0	0	0	2	10	0	0	208	0	0	0	19.8	28.5	0	0	22.7	10.0	10-Sep-24 05:58:43.392	
0	0	0	2	7	0	0	229	0	0	0	19.8	28.5	0	0	22.7	10.0	10-Sep-24 05:58:43.435	
0	0	0	1	9	0	0	211	0	0	0	19.8	28.5	0	0	22.7	10.0	10-Sep-24 05:58:43.480	
0	0	0	3	12	0	0	197	0	0	0	19.8	28.5	0	0	22.7	10.0	10-Sep-24 05:58:43.524	
0	0	0	3	7	0	0	219	0	0	0	19.8	28.5	0	0	22.7	10.0	10-Sep-24 05:58:43.568	
0	0	0	5	13	0	0	213	0	0	0	19.8	28.5	0	0	22.7	10.0	10-Sep-24 05:58:43.612	
0	0	0	3	5	0	0	191	0	0	0	19.8	28.5	0	0	22.7	10.0	10-Sep-24 05:58:43.655	
0	0	0	4	16	0	0	188	0	0	0	19.8	28.5	0	0	22.7	10.0	10-Sep-24 05:58:43.700	
0	0	0	6	10	0	0	208	0	0	0	19.8	28.5	0	0	22.7	10.0	10-Sep-24 05:58:43.744	
0	0	0	2	7	0	0	217	0	0	0	19.8	28.5	0	0	22.7	10.0	10-Sep-24 05:58:43.788	
0	0	0	1	17	0	0	214	0	0	0	19.8	28.5	0	0	22.7	10.0	10-Sep-24 05:58:43.832	
0	0	0	3	5	0	0	202	0	0	0	19.8	28.5	0	0	22.7	10.0	10-Sep-24 05:58:43.930	
0	0	0	4	7	0	0	193	0	0	0	19.8	28.5	0	0	22.7	10.0	10-Sep-24 05:58:43.976	
0	0	0	3	13	0	0	232	0	0	0	19.8	28.5	0	0	22.7	10.0	10-Sep-24 05:58:44.020	
0	0	0	3	10	0	0	217	0	0	0	19.8	28.5	0	0	22.7	10.0	10-Sep-24 05:58:44.064	
0	0	0	2	4	0	0	220	0	0	0	19.8	28.5	0	0	22.7	10.0	10-Sep-24 05:58:44.108	
0	0	0	2	9	0	0	215	0	0	0	19.8	28.5	0	0	22.7	10.0	10-Sep-24 05:58:44.152	
0	0	0	2	5	0	0	205	0	0	0	19.8	28.5	0	0	22.7	10.0	10-Sep-24 05:58:44.196	
0	0	0	3	9	0	0	220	0	0	0	19.8	28.5	0	0	22.7	10.0	10-Sep-24 05:58:44.239	
0	0	0	3	12	0	0	200	0	0	0	19.8	28.5	0	0	22.7	10.0	10-Sep-24 05:58:44.284	
0	0	0	4	4	0	0	215	0	0	0	19.8	28.5	0	0	22.7	10.0	10-Sep-24 05:58:44.328	
0	0	0	2	5	0	0	215	0	0	0	19.8	28.5	0	0	22.7	10.0	10-Sep-24 05:58:44.380	
0	0	0	2	8	0	0	218	0	0	0	19.8	28.5	0	0	22.7	10.0	10-Sep-24 05:58:44.424	
0	0	0	1	8	0	0	214	0	0	0	19.8	28.5	0	0	22.7	10.0	10-Sep-24 05:58:44.468	
0	0	0	3	13	0	0	213	0	0	0	19.8	28.5	0	0	22.7	10.0	10-Sep-24 05:58:44.512	
0	0	0	4	7	0	0	237	0	0	0	19.8	28.5	0	0	22.7	10.0	10-Sep-24 05:58:44.556	
0	0	0	3	15	0	0	207	0	0	0	19.8	28.5	0	0	22.7	10.0	10-Sep-24 05:58:44.601	
0	0	0	5	8	0	0	210	0	0	0	19.8	28.5	0	0	22.7	10.0	10-Sep-24 05:58:44.644	
0	0	0	1	9	0	0	219	0	0	0	19.8	28.5	0	0	22.7	10.0	10-Sep-24 05:58:44.688	
0	0	0	1	6	0	0	214	0	0	0	19.8	28.5	0	0	22.7	10.0	10-Sep-24 05:58:44.731	
0	0	0	2	8	0	0	227	0	0	0	19.8	28.5	0	0	22.7	10.0	10-Sep-24 05:58:44.776	
0	0	0	2	14	0	0	176	0	0	0	19.8	28.5	0	0	22.7	10.0	10-Sep-24 05:58:44.820	
0	0	0	5	9	0	0	223	0	0	0	19.8	28.5	0	0	22.7	10.0	10-Sep-24 05:58:44.871	
0	0	0	3	8	0	0	208	0	0	0	19.8	28.5	0	0	22.7	10.0	10-Sep-24 05:58:44.917	
0	0	0	2	10	0	0	228	0	0	0	19.8	28.5	0	0	22.7	10.0	10-Sep-24 05:58:45.019	
0	0	0	3	13	0	0	184	0	0	0	19.8	28.5	0	0	22.7	10.0	10-Sep-24 05:58:45.064	
0	0	0	1	9	0	0	212	0	0	0	19.8	28.5	0	0	22.7	10.0	10-Sep-24 05:58:45.108	
0	0	0	2	10	0	0	252	0	0	0	19.8	28.5	0	0	22.7	10.0	10-Sep-24 05:58:45.184	
0	0	0	3	9	0	0	203	0	0	0	19.8	28.5	0	0	22.7	10.0	10-Sep-24 05:58:45.273	
0	0	0	3	8	0	0	238	0	0	0	19.8	28.5	0	0	22.7	10.0	10-Sep-24 05:58:45.348	
0	0	0	6	11	0	0	210	0	0	0	19.8	28.5	0	0	22.7	10.0	10-Sep-24 05:58:45.389	
0	0	0	1	6	0	0	193	0	0	0	19.8	28.5	0	0	22.7	10.0	10-Sep-24 05:58:45.432	
0	0	0	2	5	0	0	200	0	0	0	19.8	28.5	0	0	22.7	10.0	10-Sep-24 05:58:45.475	
0	0	0	2	10	0	0	211	0	0	0	19.8	28.5	0	0	22.7	10.0	10-Sep-24 05:58:45.520	
0	0	0	4	10	0	0	226	0	0	0	19.8	28.5	0	0	22.7	10.0	10-Sep-24 05:58:45.565	
0	0	0	3	8	0	0	193	0	0	0	19.8	28.5	0	0	22.7	10.0	10-Sep-24 05:58:45.608	
0	0	0	3	8	0	0	184	0	0	0	19.8	28.5	0	0	22.7	10.0	10-Sep-24 05:58:45.652	
0	0	0	6	8	0	0	218	0	0	0	19.8	28.5	0	0	22.7	10.0	10-Sep-24 05:58:45.695	
0	0	0	1	16	0	0	202	0	0	0	19.8	28.5	0	0	22.7	10.0	10-Sep-24 05:58:45.740	
0	0	0	3	11	0	0	217	0	0	0	19.8	28.5	0	0	22.7	10.0	10-Sep-24 05:58:45.784	
0	0	0	4	10	0	0	200	0	0	0	19.8	28.5	0	0	22.7	10.0	10-Sep-24 05:58:45.828	
0	0	0	6	14	0	0	174	0	0	0	19.8	28.5	0	0	22.7	10.0	10-Sep-24 05:58:45.872	
0	0	0	1	11	0	0	218	0	0	0	19.8	28.5	0	0	22.7	10.0	10-Sep-24 05:58:45.925	
0	0	0	1	9	0	0	201	0	0	0	19.8	28.5	0	0	22.7	10.0	10-Sep-24 05:58:45.967	
0	0	0	4	7	0	0	220	0	0	0	19.8	28.5	0	0	22.7	10.0	10-Sep-24 05:58:46.071	
0	0	0	4	9	0	0	210	0	0	0	19.8	28.5	0	0	22.7	10.0	10-Sep-24 05:58:46.111	
0	0	0	3	11	0	0	222	0	0	0	19.8	28.5	0	0	22.7	10.0	10-Sep-24 05:58:46.156	
0	0	0	3	8	0	0	199	0	0	0	19.8	28.5	0	0	22.7	10.0	10-Sep-24 05:58:46.200	
0	0	0	2	4	0	0	201	0	0	0	19.8	28.5	0	0	22.7	10.0	10-Sep-24 05:58:46.244	
0	0	0	1	10	0	0	211	0	0	0	19.8	28.5	0	0	22.7	10.0	10-Sep-24 05:58:46.288	
0	0	0	5	7	0	0	207	0	0	0	19.8	28.5	0	0	22.7	10.0	10-Sep-24 05:58:46.333	
0	0	0	3	13	0	0	237	0	0	0	19.8	28.5	0	0	22.7	10.0	10-Sep-24 05:58:46.376	
0	0	0	3	10	0	0	190	0	0	0	19.8	28.5	0	0	22.7	10.0	10-Sep-24 05:58:46.427	
0	0	0	1	11	0	0	224	0	0	0	19.8	28.5	0	0	22.7	10.0	10-Sep-24 05:58:46.472	
0	0	0	2	11	0	0	216	0	0	0	19.8	28.5	0	0	22.7	10.0	10-Sep-24 05:58:46.516	
0	0	0	2	11	0	0	202	0	0	0	19.8	28.5	0	0	22.7	10.0	10-Sep-24 05:58:46.559	
0	0	0	1	11	0	0	214	0	0	0	19.8	28.5	0	0	22.7	10.0	10-Sep-24 05:58:46.604	
0	0	0	3	10	0	0	178	0	0	0	19.8	28.5	0	0	22.7	10.0	10-Sep-24 05:58:46.648	
0	0	0	2	13	0	0	196	0	0	0	19.8	28.5	0	0	22.7	10.0	10-Sep-24 05:58:46.691	
0	0	0	2	10	0	0	215	0	0	0	19.8	28.5	0	0	22.7	10.0	10-Sep-24 05:58:46.736	
0	0	0	3	7	0	0	192	0	0	0	19.8	28.5	0	0	22.7	10.0	10-Sep-24 05:58:46.779	
0	0	0	2	11	0	0	192	0	0	0	19.8	28.5	0	0	22.7	10.0	10-Sep-24 05:58:46.824	
0	0	0	2	5	0	0	213	0	0	0	19.8	28.5	0	0	22.7	10.0	10-Sep-24 05:58:46.868	
0	0	0	2	8	0	0	216	0	0	0	19.8	28.5	0	0	22.7	10.0	10-Sep-24 05:58:46.919	
0	0	0	2	9	0	0	207	0	0	0	19.8	28.5	0	0	22.7	10.0	10-Sep-24 05:58:46.963	
0	0	0	3	13	0	0	193	0	0	0	19.8	28.5	0	0	22.7	10.0	10-Sep-24 05:58:47.008	
0	0	0	3	10	0	0	194	0	0	0	19.8	28.5	0	0	22.7	10.0	10-Sep-24 05:58:47.052	
0	0	0	3	11	0	0	198	0	0	0	19.8	28.5	0	0	22.7	10.0	10-Sep-24 05:58:47.155	
0	0	0	2	11	0	0	216	0	0	0	19.8	28.5	0	0	22.7	10.0	10-Sep-24 05:58:47.201	
0	0	0	2	16	0	0	231	0	0	0	19.8	28.5	0	0	22.7	10.0	10-Sep-24 05:58:47.244	
0	0	0	5	9	0	0	233	0	0	0	19.8	28.5	0	0	22.7	10.0	10-Sep-24 05:58:47.288	
0	0	0	3	10	0	0	249	0	0	0	19.8	28.5	0	0	22.7	10.0	10-Sep-24 05:58:47.333	
0	0	0	4	7	0	0	214	0	0	0	19.8	28.5	0	0	22.7	10.0	10-Sep-24 05:58:47.376	
0	0	0	5	15	0	0	207	0	0	0	19.8	28.5	0	0	22.7	10.0	10-Sep-24 05:58:47.425	
0	0	0	2	6	0	0	202	0	0	0	19.8	28.5	0	0	22.7	10.0	10-Sep-24 05:58:47.473	
0	0	0	1	11	0	0	187	0	0	0	19.8	28.5	0	0	22.7	10.0	10-Sep-24 05:58:47.516	
0	0	0	1	8	0	0	205	0	0	0	19.8	28.5	0	0	22.7	10.0	10-Sep-24 05:58:47.560	
0	0	0	4	5	0	0	204	0	0	0	19.8	28.5	0	0	22.7	10.0	10-Sep-24 05:58:47.603	
0	0	0	2	9	0	0	214	0	0	0	19.8	28.5	0	0	22.7	10.0	10-Sep-24 05:58:47.647	
0	0	0	2	7	0	0	197	0	0	0	19.8	28.5	0	0	22.7	10.0	10-Sep-24 05:58:47.692	
0	0	0	2	9	0	0	209	0	0	0	19.8	28.5	0	0	22.7	10.0	10-Sep-24 05:58:47.735	
0	0	0	2	11	0	0	199	0	0	0	19.8	28.5	0	0	22.7	10.0	10-Sep-24 05:58:47.780	
0	0	0	2	6	0	0	227	0	0	0	19.8	28.5	0	0	22.7	10.0	10-Sep-24 05:58:47.823	
0	0	0	4	11	0	0	216	0	0	0	19.8	28.5	0	0	22.7	10.0	10-Sep-24 05:58:47.868	
0	0	0	1	10	0	0	221	0	0	0	19.8	28.5	0	0	22.7	10.0	10-Sep-24 05:58:47.919	
0	0	0	1	12	0	0	226	0	0	0	19.8	28.5	0	0	22.7	10.0	10-Sep-24 05:58:47.964	
0	0	0	1	11	0	0	216	0	0	0	19.8	28.5	0	0	22.7	10.0	10-Sep-24 05:58:48.008	
0	0	0	1	5	0	0	213	0	0	0	19.8	28.5	0	0	22.7	10.0	10-Sep-24 05:58:48.051	
0	0	0	4	9	0	0	203	0	0	0	19.8	28.5	0	0	22.7	10.0	10-Sep-24 05:58:48.096	
0	0	0	3	10	0	0	203	0	0	0	19.8	28.5	0	0	22.7	10.0	10-Sep-24 05:58:48.140	
0	0	0	1	8	0	0	194	0	0	0	19.8	28.5	0	0	22.7	10.0	10-Sep-24 05:58:48.242	
0	0	0	3	7	0	0	222	0	0	0	19.8	28.5	0	0	22.7	10.0	10-Sep-24 05:58:48.288	
0	0	0	1	12	0	0	197	0	0	0	19.8	28.5	0	0	22.7	10.0	10-Sep-24 05:58:48.333	
0	0	0	1	12	0	0	224	0	0	0	19.8	28.5	0	0	22.7	10.0	10-Sep-24 05:58:48.376	
0	0	0	1	15	0	0	207	0	0	0	19.8	28.5	0	0	22.7	10.0	10-Sep-24 05:58:48.420	
0	0	0	3	7	0	0	202	0	0	0	19.8	28.5	0	0	22.7	10.0	10-Sep-24 05:58:48.462	
0	0	0	5	15	0	0	219	0	0	0	19.8	28.5	0	0	22.7	10.0	10-Sep-24 05:58:48.504	
0	0	0	2	12	0	0	201	0	0	0	19.8	28.5	0	0	22.7	10.0	10-Sep-24 05:58:48.549	
0	0	0	3	6	0	0	212	0	0	0	19.8	28.5	0	0	22.7	10.0	10-Sep-24 05:58:48.591	
0	0	0	3	7	0	0	221	0	0	0	19.8	28.5	0	0	22.7	10.0	10-Sep-24 05:58:48.636	
0	0	0	3	7	0	0	184	0	0	0	19.8	28.5	0	0	22.7	10.0	10-Sep-24 05:58:48.680	
0	0	0	2	8	0	0	195	0	0	0	19.8	28.5	0	0	22.7	10.0	10-Sep-24 05:58:48.724	
0	0	0	3	10	0	0	223	0	0	0	19.8	28.5	0	0	22.7	10.0	10-Sep-24 05:58:48.768	
0	0	0	1	10	0	0	199	0	0	0	19.8	28.5	0	0	22.7	10.0	10-Sep-24 05:58:48.812	
0	0	0	2	11	0	0	226	0	0	0	19.8	28.5	0	0	22.7	10.0	10-Sep-24 05:58:48.856	
0	0	0	2	10	0	0	217	0	0	0	19.8	28.5	0	0	22.7	10.0	10-Sep-24 05:58:48.900	
0	0	0	1	8	0	0	201	0	0	0	19.8	28.5	0	0	22.7	10.0	10-Sep-24 05:58:48.953	
0	0	0	3	6	0	0	193	0	0	0	19.8	28.5	0	0	22.7	10.0	10-Sep-24 05:58:48.996	
0	0	0	4	11	0	0	189	0	0	0	19.8	28.5	0	0	22.7	10.0	10-Sep-24 05:58:49.040	
0	0	0	3	14	0	0	187	0	0	0	19.8	28.5	0	0	22.7	10.0	10-Sep-24 05:58:49.084	
0	0	0	4	7	0	0	202	0	0	0	19.8	28.5	0	0	22.7	10.0	10-Sep-24 05:58:49.127	
0	0	0	2	7	0	0	202	0	0	0	19.8	28.5	0	0	22.7	10.0	10-Sep-24 05:58:49.172	
0	0	0	2	13	0	0	200	0	0	0	19.8	28.5	0	0	22.7	10.0	10-Sep-24 05:58:49.216	
0	0	0	3	8	0	0	231	0	0	0	19.8	28.5	0	0	22.7	10.0	10-Sep-24 05:58:49.319	
0	0	0	2	8	0	0	223	0	0	0	19.8	28.5	0	0	22.7	10.0	10-Sep-24 05:58:49.364	
0	0	0	3	7	0	0	209	0	0	0	19.8	28.5	0	0	22.7	10.0	10-Sep-24 05:58:49.408	
0	0	0	3	9	0	0	211	0	0	0	19.8	28.5	0	0	22.7	10.0	10-Sep-24 05:58:49.461	
0	0	0	1	6	0	0	198	0	0	0	19.8	28.5	0	0	22.7	10.0	10-Sep-24 05:58:49.504	
0	0	0	1	11	0	0	210	0	0	0	19.8	28.5	0	0	22.7	10.0	10-Sep-24 05:58:49.548	
0	0	0	2	12	0	0	196	0	0	0	19.8	28.5	0	0	22.7	10.0	10-Sep-24 05:58:49.592	
0	0	0	2	13	0	0	198	0	0	0	19.8	28.5	0	0	22.7	10.0	10-Sep-24 05:58:49.636	
0	0	0	1	8	0	0	207	0	0	0	19.8	28.5	0	0	22.7	10.0	10-Sep-24 05:58:49.680	
0	0	0	6	13	0	0	198	0	0	0	19.8	28.5	0	0	22.7	10.0	10-Sep-24 05:58:49.724	
0	0	0	6	9	0	0	226	0	0	0	19.8	28.5	0	0	22.7	10.0	10-Sep-24 05:58:49.768	
0	0	0	1	10	0	0	191	0	0	0	19.8	28.5	0	0	22.7	10.0	10-Sep-24 05:58:49.812	
0	0	0	5	13	0	0	207	0	0	0	19.8	28.5	0	0	22.7	10.0	10-Sep-24 05:58:49.856	
0	0	0	3	6	0	0	197	0	0	0	19.8	28.5	0	0	22.7	10.0	10-Sep-24 05:58:49.900	
0	0	0	1	10	0	0	215	0	0	0	19.8	28.5	0	0	22.7	10.0	10-Sep-24 05:58:49.944	
0	0	0	1	10	0	0	219	0	0	0	19.8	28.5	0	0	22.7	10.0	10-Sep-24 05:58:49.996	
0	0	0	2	10	0	0	194	0	0	0	19.8	28.5	0	0	22.7	10.0	10-Sep-24 05:58:50.040	
0	0	0	1	8	0	0	209	0	0	0	19.8	28.5	0	0	22.7	10.0	10-Sep-24 05:58:50.084	
0	0	0	5	6	0	0	206	0	0	0	19.8	28.5	0	0	22.7	10.0	10-Sep-24 05:58:50.120	
0	0	0	2	8	0	0	215	0	0	0	19.8	28.5	0	0	22.7	10.0	10-Sep-24 05:58:50.163	
0	0	0	2	13	0	0	184	0	0	0	19.8	28.5	0	0	22.7	10.0	10-Sep-24 05:58:50.208	
0	0	0	3	12	0	0	211	0	0	0	19.8	28.5	0	0	22.7	10.0	10-Sep-24 05:58:50.252	
0	0	0	3	14	0	0	210	0	0	0	19.8	28.5	0	0	22.7	10.0	10-Sep-24 05:58:50.296	
0	0	0	4	12	0	0	234	0	0	0	19.8	28.5	0	0	22.7	10.0	10-Sep-24 05:58:50.440	
0	0	0	2	10	0	0	204	0	0	0	19.8	28.5	0	0	22.7	10.0	10-Sep-24 05:58:50.524	
0	0	0	1	8	0	0	197	0	0	0	19.8	28.5	0	0	22.7	10.0	10-Sep-24 05:58:50.592	
0	0	0	3	8	0	0	194	0	0	0	19.8	28.5	0	0	22.7	10.0	10-Sep-24 05:58:50.636	
0	0	0	5	11	0	0	213	0	0	0	19.8	28.5	0	0	22.7	10.0	10-Sep-24 05:58:50.680	
0	0	0	3	11	0	0	217	0	0	0	19.8	28.5	0	0	22.7	10.0	10-Sep-24 05:58:50.724	
0	0	0	5	9	0	0	216	0	0	0	19.8	28.5	0	0	22.7	10.0	10-Sep-24 05:58:50.768	
0	0	0	3	9	0	0	209	0	0	0	19.8	28.5	0	0	22.7	10.0	10-Sep-24 05:58:50.812	
0	0	0	5	12	0	0	218	0	0	0	19.8	28.5	0	0	22.7	10.0	10-Sep-24 05:58:50.856	
0	0	0	3	7	0	0	220	0	0	0	19.8	28.5	0	0	22.7	10.0	10-Sep-24 05:58:50.900	
0	0	0	2	8	0	0	198	0	0	0	19.8	28.5	0	0	22.7	10.0	10-Sep-24 05:58:50.944	
0	0	0	1	5	0	0	248	0	0	0	19.8	28.5	0	0	22.7	10.0	10-Sep-24 05:58:50.994	
0	0	0	2	10	0	0	217	0	0	0	19.8	28.5	0	0	22.7	10.0	10-Sep-24 05:58:51.041	
0	0	0	2	14	0	0	191	0	0	0	19.8	28.5	0	0	22.7	10.0	10-Sep-24 05:58:51.084	
0	0	0	2	10	0	0	212	0	0	0	19.8	28.5	0	0	22.7	10.0	10-Sep-24 05:58:51.128	
0	0	0	2	13	0	0	207	0	0	0	19.8	28.5	0	0	22.7	10.0	10-Sep-24 05:58:51.172	
0	0	0	1	7	0	0	227	0	0	0	19.8	28.5	0	0	22.7	10.0	10-Sep-24 05:58:51.216	
0	0	0	3	10	0	0	206	0	0	0	19.8	28.5	0	0	22.7	10.0	10-Sep-24 05:58:51.260	
0	0	0	3	9	0	0	207	0	0	0	19.8	28.5	0	0	22.7	10.0	10-Sep-24 05:58:51.304	
0	0	0	4	10	0	0	213	0	0	0	19.8	28.5	0	0	22.7	10.0	10-Sep-24 05:58:51.348	
0	0	0	5	14	0	0	226	0	0	0	19.8	28.5	0	0	22.7	10.0	10-Sep-24 05:58:51.393	
0	0	0	1	13	0	0	202	0	0	0	19.8	28.5	0	0	22.7	10.0	10-Sep-24 05:58:51.501	
0	0	0	2	9	0	0	184	0	0	0	19.8	28.5	0	0	22.7	10.0	10-Sep-24 05:58:51.548	
0	0	0	2	5	0	0	213	0	0	0	19.8	28.5	0	0	22.7	10.0	10-Sep-24 05:58:51.591	
0	0	0	3	8	0	0	183	0	0	0	19.8	28.5	0	0	22.7	10.0	10-Sep-24 05:58:51.636	
0	0	0	3	5	0	0	208	0	0	0	19.8	28.5	0	0	22.7	10.0	10-Sep-24 05:58:51.680	
0	0	0	1	11	0	0	195	0	0	0	19.8	28.5	0	0	22.7	10.0	10-Sep-24 05:58:51.724	
0	0	0	3	12	0	0	202	0	0	0	19.8	28.5	0	0	22.7	10.0	10-Sep-24 05:58:51.768	
0	0	0	2	12	0	0	206	0	0	0	19.8	28.5	0	0	22.7	10.0	10-Sep-24 05:58:51.812	
0	0	0	2	8	0	0	228	0	0	0	19.8	28.5	0	0	22.7	10.0	10-Sep-24 05:58:51.856	
0	0	0	4	9	0	0	216	0	0	0	19.8	28.5	0	0	22.7	10.0	10-Sep-24 05:58:51.900	
0	0	0	3	8	0	0	233	0	0	0	19.8	28.5	0	0	22.7	10.0	10-Sep-24 05:58:51.943	
0	0	0	1	9	0	0	212	0	0	0	19.8	28.5	0	0	22.7	10.0	10-Sep-24 05:58:51.988	
0	0	0	1	11	0	0	221	0	0	0	19.8	28.5	0	0	22.7	10.0	10-Sep-24 05:58:52.040	
0	0	0	3	11	0	0	227	0	0	0	19.8	28.5	0	0	22.7	10.0	10-Sep-24 05:58:52.084	
0	0	0	2	12	0	0	210	0	0	0	19.8	28.5	0	0	22.7	10.0	10-Sep-24 05:58:52.128	
0	0	0	1	7	0	0	201	0	0	0	19.8	28.5	0	0	22.7	10.0	10-Sep-24 05:58:52.172	
0	0	0	3	12	0	0	189	0	0	0	19.8	28.5	0	0	22.7	10.0	10-Sep-24 05:58:52.216	
0	0	0	1	10	0	0	229	0	0	0	19.8	28.5	0	0	22.7	10.0	10-Sep-24 05:58:52.260	
0	0	0	3	11	0	0	208	0	0	0	19.8	28.5	0	0	22.7	10.0	10-Sep-24 05:58:52.304	
0	0	0	2	14	0	0	237	0	0	0	19.8	28.5	0	0	22.7	10.0	10-Sep-24 05:58:52.348	
0	0	0	2	7	0	0	206	0	0	0	19.8	28.5	0	0	22.7	10.0	10-Sep-24 05:58:52.392	
0	0	0	3	7	0	0	204	0	0	0	19.8	28.5	0	0	22.7	10.0	10-Sep-24 05:58:52.435	
0	0	0	3	10	0	0	205	0	0	0	19.8	28.5	0	0	22.7	10.0	10-Sep-24 05:58:52.481	
0	0	0	3	8	0	0	210	0	0	0	19.8	28.5	0	0	22.7	10.0	10-Sep-24 05:58:52.587	
0	0	0	3	12	0	0	235	0	0	0	19.8	28.5	0	0	22.7	10.0	10-Sep-24 05:58:52.632	
0	0	0	1	11	0	0	193	0	0	0	19.8	28.5	0	0	22.7	10.0	10-Sep-24 05:58:52.677	
0	0	0	3	8	0	0	223	0	0	0	19.8	28.5	0	0	22.7	10.0	10-Sep-24 05:58:52.719	
0	0	0	3	12	0	0	205	0	0	0	19.8	28.5	0	0	22.7	10.0	10-Sep-24 05:58:52.764	
0	0	0	4	10	0	0	200	0	0	0	19.8	28.5	0	0	22.7	10.0	10-Sep-24 05:58:52.808	
0	0	0	5	5	0	0	197	0	0	0	19.8	28.5	0	0	22.7	10.0	10-Sep-24 05:58:52.851	
0	0	0	1	8	0	0	194	0	0	0	19.8	28.5	0	0	22.7	10.0	10-Sep-24 05:58:52.895	
0	0	0	3	12	0	0	228	0	0	0	19.8	28.5	0	0	22.7	10.0	10-Sep-24 05:58:52.940	
0	0	0	2	12	0	0	193	0	0	0	19.8	28.5	0	0	22.7	10.0	10-Sep-24 05:58:52.984	
0	0	0	4	11	0	0	213	0	0	0	19.8	28.5	0	0	22.7	10.0	10-Sep-24 05:58:53.037	
0	0	0	2	17	0	0	245	0	0	0	19.8	28.5	0	0	22.7	10.0	10-Sep-24 05:58:53.081	
0	0	0	3	9	0	0	224	0	0	0	19.8	28.5	0	0	22.7	10.0	10-Sep-24 05:58:53.124	
0	0	0	6	6	0	0	193	0	0	0	19.8	28.5	0	0	22.7	10.0	10-Sep-24 05:58:53.168	
0	0	0	4	8	0	0	223	0	0	0	19.8	28.5	0	0	22.7	10.0	10-Sep-24 05:58:53.212	
0	0	0	2	10	0	0	198	0	0	0	19.8	28.5	0	0	22.7	10.0	10-Sep-24 05:58:53.256	
0	0	0	2	11	0	0	192	0	0	0	19.8	28.5	0	0	22.7	10.0	10-Sep-24 05:58:53.300	
0	0	0	2	11	0	0	229	0	0	0	19.8	28.5	0	0	22.7	10.0	10-Sep-24 05:58:53.344	
0	0	0	1	8	0	0	244	0	0	0	19.8	28.5	0	0	22.7	10.0	10-Sep-24 05:58:53.389	
0	0	0	3	10	0	0	231	0	0	0	19.8	28.5	0	0	22.7	10.0	10-Sep-24 05:58:53.432	
0	0	0	1	15	0	0	205	0	0	0	19.8	28.5	0	0	22.7	10.0	10-Sep-24 05:58:53.476	
0	0	0	1	12	0	0	233	0	0	0	19.8	28.5	0	0	22.7	10.0	10-Sep-24 05:58:53.520	
0	0	0	1	7	0	0	225	0	0	0	19.8	28.5	0	0	22.7	10.0	10-Sep-24 05:58:53.567	
0	0	0	6	11	0	0	198	0	0	0	19.8	28.5	0	0	22.7	10.0	10-Sep-24 05:58:53.671	
0	0	0	1	10	0	0	205	0	0	0	19.8	28.5	0	0	22.7	10.0	10-Sep-24 05:58:53.716	
0	0	0	1	12	0	0	208	0	0	0	19.8	28.5	0	0	22.7	10.0	10-Sep-24 05:58:53.760	
0	0	0	3	12	0	0	192	0	0	0	19.8	28.5	0	0	22.7	10.0	10-Sep-24 05:58:53.804	
0	0	0	4	12	0	0	203	0	0	0	19.8	28.5	0	0	22.7	10.0	10-Sep-24 05:58:53.848	
0	0	0	3	12	0	0	218	0	0	0	19.8	28.5	0	0	22.7	10.0	10-Sep-24 05:58:53.892	
0	0	0	3	7	0	0	251	0	0	0	19.8	28.5	0	0	22.7	10.0	10-Sep-24 05:58:53.936	
0	0	0	4	3	0	0	223	0	0	0	19.8	28.5	0	0	22.7	10.0	10-Sep-24 05:58:53.980	
0	0	0	2	5	0	0	229	0	0	0	19.8	28.5	0	0	22.7	10.0	10-Sep-24 05:58:54.024	
0	0	0	2	7	0	0	206	0	0	0	19.8	28.5	0	0	22.7	10.0	10-Sep-24 05:58:54.076	
0	0	0	2	9	0	0	208	0	0	0	19.8	28.5	0	0	22.7	10.0	10-Sep-24 05:58:54.120	
0	0	0	3	13	0	0	203	0	0	0	19.8	28.5	0	0	22.7	10.0	10-Sep-24 05:58:54.164	
0	0	0	4	13	0	0	233	0	0	0	19.8	28.5	0	0	22.7	10.0	10-Sep-24 05:58:54.208	
0	0	0	1	8	0	0	224	0	0	0	19.8	28.5	0	0	22.7	10.0	10-Sep-24 05:58:54.251	
0	0	0	3	9	0	0	231	0	0	0	19.8	28.5	0	0	22.7	10.0	10-Sep-24 05:58:54.296	
0	0	0	1	8	0	0	202	0	0	0	19.8	28.5	0	0	22.7	10.0	10-Sep-24 05:58:54.340	
0	0	0	1	7	0	0	193	0	0	0	19.8	28.5	0	0	22.7	10.0	10-Sep-24 05:58:54.384	
0	0	0	3	8	0	0	228	0	0	0	19.8	28.5	0	0	22.7	10.0	10-Sep-24 05:58:54.428	
0	0	0	5	6	0	0	215	0	0	0	19.8	28.5	0	0	22.7	10.0	10-Sep-24 05:58:54.472	
0	0	0	1	13	0	0	215	0	0	0	19.8	28.5	0	0	22.7	10.0	10-Sep-24 05:58:54.515	
0	0	0	3	8	0	0	202	0	0	0	19.8	28.5	0	0	22.7	10.0	10-Sep-24 05:58:54.560	
0	0	0	2	11	0	0	214	0	0	0	19.8	28.5	0	0	22.7	10.0	10-Sep-24 05:58:54.611	
0	0	0	4	13	0	0	246	0	0	0	19.8	28.5	0	0	22.7	10.0	10-Sep-24 05:58:54.656	
0	0	0	2	8	0	0	200	0	0	0	19.8	28.5	0	0	22.7	10.0	10-Sep-24 05:58:54.759	
0	0	0	4	13	0	0	210	0	0	0	19.8	28.5	0	0	22.7	10.0	10-Sep-24 05:58:54.804	
0	0	0	2	10	0	0	211	0	0	0	19.8	28.5	0	0	22.7	10.0	10-Sep-24 05:58:54.848	
0	0	0	3	11	0	0	222	0	0	0	19.8	28.5	0	0	22.7	10.0	10-Sep-24 05:58:54.892	
0	0	0	1	7	0	0	215	0	0	0	19.8	28.5	0	0	22.7	10.0	10-Sep-24 05:58:54.936	
0	0	0	1	7	0	0	190	0	0	0	19.8	28.5	0	0	22.7	10.0	10-Sep-24 05:58:54.980	
0	0	0	3	13	0	0	216	0	0	0	19.8	28.5	0	0	22.7	10.0	10-Sep-24 05:58:55.016	
0	0	0	4	8	0	0	219	0	0	0	19.8	28.5	0	0	22.7	10.0	10-Sep-24 05:58:55.059	
0	0	0	3	13	0	0	203	0	0	0	19.8	28.5	0	0	22.7	10.0	10-Sep-24 05:58:55.112	
0	0	0	4	9	0	0	229	0	0	0	19.8	28.5	0	0	22.7	10.0	10-Sep-24 05:58:55.156	
0	0	0	2	9	0	0	223	0	0	0	19.8	28.5	0	0	22.7	10.0	10-Sep-24 05:58:55.200	
0	0	0	2	9	0	0	217	0	0	0	19.8	28.5	0	0	22.7	10.0	10-Sep-24 05:58:55.243	
0	0	0	3	13	0	0	217	0	0	0	19.8	28.5	0	0	22.7	10.0	10-Sep-24 05:58:55.288	
0	0	0	2	8	0	0	221	0	0	0	19.8	28.5	0	0	22.7	10.0	10-Sep-24 05:58:55.332	
0	0	0	1	11	0	0	239	0	0	0	19.8	28.5	0	0	22.7	10.0	10-Sep-24 05:58:55.376	
0	0	0	1	6	0	0	226	0	0	0	19.8	28.5	0	0	22.7	10.0	10-Sep-24 05:58:55.420	
0	0	0	3	13	0	0	230	0	0	0	19.8	28.5	0	0	22.7	10.0	10-Sep-24 05:58:55.464	
0	0	0	1	7	0	0	217	0	0	0	19.8	28.5	0	0	22.7	10.0	10-Sep-24 05:58:55.507	
0	0	0	2	10	0	0	232	0	0	0	19.8	28.5	0	0	22.7	10.0	10-Sep-24 05:58:55.552	
0	0	0	1	4	0	0	191	0	0	0	19.8	28.5	0	0	22.7	10.0	10-Sep-24 05:58:55.634	
0	0	0	1	12	0	0	207	0	0	0	19.8	28.5	0	0	22.7	10.0	10-Sep-24 05:58:55.732	
0	0	0	3	10	0	0	235	0	0	0	19.8	28.5	0	0	22.7	10.0	10-Sep-24 05:58:55.864	
0	0	0	3	9	0	0	202	0	0	0	19.8	28.5	0	0	22.7	10.0	10-Sep-24 05:58:55.912	
0	0	0	2	14	0	0	208	0	0	0	19.8	28.5	0	0	22.7	10.0	10-Sep-24 05:58:55.956	
0	0	0	1	9	0	0	222	0	0	0	19.8	28.5	0	0	22.7	10.0	10-Sep-24 05:58:56.000	
0	0	0	2	11	0	0	226	0	0	0	19.8	28.5	0	0	22.7	10.0	10-Sep-24 05:58:56.044	
0	0	0	5	12	0	0	207	0	0	0	19.8	28.5	0	0	22.7	10.0	10-Sep-24 05:58:56.088	
0	0	0	3	9	0	0	211	0	0	0	19.8	28.5	0	0	22.7	10.0	10-Sep-24 05:58:56.136	
0	0	0	1	7	0	0	197	0	0	0	19.8	28.5	0	0	22.7	10.0	10-Sep-24 05:58:56.180	
0	0	0	1	12	0	0	192	0	0	0	19.8	28.5	0	0	22.7	10.0	10-Sep-24 05:58:56.224	
0	0	0	2	13	0	0	216	0	0	0	19.8	28.5	0	0	22.7	10.0	10-Sep-24 05:58:56.268	
0	0	0	5	9	0	0	183	0	0	0	19.8	28.5	0	0	22.7	10.0	10-Sep-24 05:58:56.312	
0	0	0	3	11	0	0	184	0	0	0	19.8	28.5	0	0	22.7	10.0	10-Sep-24 05:58:56.349	
0	0	0	2	8	0	0	221	0	0	0	19.8	28.5	0	0	22.7	10.0	10-Sep-24 05:58:56.392	
0	0	0	2	6	0	0	200	0	0	0	19.8	28.5	0	0	22.7	10.0	10-Sep-24 05:58:56.435	
0	0	0	4	9	0	0	235	0	0	0	19.8	28.5	0	0	22.7	10.0	10-Sep-24 05:58:56.481	
0	0	0	1	8	0	0	224	0	0	0	19.8	28.5	0	0	22.7	10.0	10-Sep-24 05:58:56.524	
0	0	0	2	10	0	0	188	0	0	0	19.8	28.5	0	0	22.7	10.0	10-Sep-24 05:58:56.568	
0	0	0	4	9	0	0	197	0	0	0	19.8	28.5	0	0	22.7	10.0	10-Sep-24 05:58:56.619	
0	0	0	2	9	0	0	211	0	0	0	19.8	28.5	0	0	22.7	10.0	10-Sep-24 05:58:56.663	
0	0	0	2	3	0	0	218	0	0	0	19.8	28.5	0	0	22.7	10.0	10-Sep-24 05:58:56.707	
0	0	0	2	19	0	0	223	0	0	0	19.8	28.5	0	0	22.7	10.0	10-Sep-24 05:58:56.752	
0	0	0	6	7	0	0	208	0	0	0	19.8	28.5	0	0	22.7	10.0	10-Sep-24 05:58:56.796	
0	0	0	2	12	0	0	227	0	0	0	19.8	28.5	0	0	22.7	10.0	10-Sep-24 05:58:56.840	
0	0	0	3	13	0	0	203	0	0	0	19.8	28.5	0	0	22.7	10.0	10-Sep-24 05:58:56.930	
0	0	0	1	8	0	0	229	0	0	0	19.8	28.5	0	0	22.7	10.0	10-Sep-24 05:58:56.976	
0	0	0	2	10	0	0	220	0	0	0	19.8	28.5	0	0	22.7	10.0	10-Sep-24 05:58:57.020	
0	0	0	2	6	0	0	243	0	0	0	19.8	28.5	0	0	22.7	10.0	10-Sep-24 05:58:57.063	
0	0	0	2	9	0	0	235	0	0	0	19.8	28.5	0	0	22.7	10.0	10-Sep-24 05:58:57.108	
0	0	0	3	7	0	0	216	0	0	0	19.8	28.5	0	0	22.7	10.0	10-Sep-24 05:58:57.145	
0	0	0	1	16	0	0	213	0	0	0	19.8	28.5	0	0	22.7	10.0	10-Sep-24 05:58:57.193	
0	0	0	4	12	0	0	231	0	0	0	19.8	28.5	0	0	22.7	10.0	10-Sep-24 05:58:57.237	
0	0	0	1	10	0	0	224	0	0	0	19.8	28.5	0	0	22.7	10.0	10-Sep-24 05:58:57.280	
0	0	0	3	15	0	0	202	0	0	0	19.8	28.5	0	0	22.7	10.0	10-Sep-24 05:58:57.324	
0	0	0	2	9	0	0	215	0	0	0	19.8	28.5	0	0	22.7	10.0	10-Sep-24 05:58:57.367	
0	0	0	2	16	0	0	189	0	0	0	19.8	28.5	0	0	22.7	10.0	10-Sep-24 05:58:57.413	
0	0	0	4	12	0	0	209	0	0	0	19.8	28.5	0	0	22.7	10.0	10-Sep-24 05:58:57.456	
0	0	0	1	10	0	0	213	0	0	0	19.8	28.5	0	0	22.7	10.0	10-Sep-24 05:58:57.500	
0	0	0	1	13	0	0	228	0	0	0	19.8	28.5	0	0	22.7	10.0	10-Sep-24 05:58:57.544	
0	0	0	2	9	0	0	211	0	0	0	19.8	28.5	0	0	22.7	10.0	10-Sep-24 05:58:57.587	
0	0	0	4	13	0	0	232	0	0	0	19.8	28.5	0	0	22.7	10.0	10-Sep-24 05:58:57.633	
0	0	0	5	8	0	0	211	0	0	0	19.8	28.5	0	0	22.7	10.0	10-Sep-24 05:58:57.675	
0	0	0	4	9	0	0	222	0	0	0	19.8	28.5	0	0	22.7	10.0	10-Sep-24 05:58:57.719	
0	0	0	2	13	0	0	217	0	0	0	19.8	28.5	0	0	22.7	10.0	10-Sep-24 05:58:57.763	
0	0	0	3	8	0	0	211	0	0	0	19.8	28.5	0	0	22.7	10.0	10-Sep-24 05:58:57.808	
0	0	0	3	6	0	0	214	0	0	0	19.8	28.5	0	0	22.7	10.0	10-Sep-24 05:58:57.852	
0	0	0	2	5	0	0	212	0	0	0	19.8	28.5	0	0	22.7	10.0	10-Sep-24 05:58:57.896	
0	0	0	2	11	0	0	199	0	0	0	19.8	28.5	0	0	22.7	10.0	10-Sep-24 05:58:57.988	
0	0	0	4	8	0	0	245	0	0	0	19.8	28.5	0	0	22.7	10.0	10-Sep-24 05:58:58.036	
0	0	0	3	13	0	0	210	0	0	0	19.8	28.5	0	0	22.7	10.0	10-Sep-24 05:58:58.080	
0	0	0	2	14	0	0	211	0	0	0	19.8	28.5	0	0	22.7	10.0	10-Sep-24 05:58:58.124	
0	0	0	3	15	0	0	221	0	0	0	19.8	28.5	0	0	22.7	10.0	10-Sep-24 05:58:58.173	
0	0	0	1	13	0	0	209	0	0	0	19.8	28.5	0	0	22.7	10.0	10-Sep-24 05:58:58.221	
0	0	0	1	8	0	0	227	0	0	0	19.8	28.5	0	0	22.7	10.0	10-Sep-24 05:58:58.265	
0	0	0	5	8	0	0	218	0	0	0	19.8	28.5	0	0	22.7	10.0	10-Sep-24 05:58:58.307	
0	0	0	3	9	0	0	195	0	0	0	19.8	28.5	0	0	22.7	10.0	10-Sep-24 05:58:58.351	
0	0	0	2	14	0	0	183	0	0	0	19.8	28.5	0	0	22.7	10.0	10-Sep-24 05:58:58.396	
0	0	0	1	8	0	0	217	0	0	0	19.8	28.5	0	0	22.7	10.0	10-Sep-24 05:58:58.440	
0	0	0	2	14	0	0	187	0	0	0	19.8	28.5	0	0	22.7	10.0	10-Sep-24 05:58:58.484	
0	0	0	1	7	0	0	232	0	0	0	19.8	28.5	0	0	22.7	10.0	10-Sep-24 05:58:58.528	
0	0	0	1	14	0	0	190	0	0	0	19.8	28.5	0	0	22.7	10.0	10-Sep-24 05:58:58.572	
0	0	0	2	11	0	0	207	0	0	0	19.8	28.5	0	0	22.7	10.0	10-Sep-24 05:58:58.615	
0	0	0	4	6	0	0	207	0	0	0	19.8	28.5	0	0	22.7	10.0	10-Sep-24 05:58:58.660	
0	0	0	2	15	0	0	201	0	0	0	19.8	28.5	0	0	22.7	10.0	10-Sep-24 05:58:58.712	
0	0	0	3	8	0	0	216	0	0	0	19.8	28.5	0	0	22.7	10.0	10-Sep-24 05:58:58.755	
0	0	0	2	12	0	0	199	0	0	0	19.8	28.5	0	0	22.7	10.0	10-Sep-24 05:58:58.800	
0	0	0	4	10	0	0	191	0	0	0	19.8	28.5	0	0	22.7	10.0	10-Sep-24 05:58:58.844	
0	0	0	2	9	0	0	212	0	0	0	19.8	28.5	0	0	22.7	10.0	10-Sep-24 05:58:58.888	
0	0	0	2	8	0	0	219	0	0	0	19.8	28.5	0	0	22.7	10.0	10-Sep-24 05:58:58.932	
0	0	0	2	13	0	0	215	0	0	0	19.8	28.5	0	0	22.7	10.0	10-Sep-24 05:58:58.969	
0	0	0	3	10	0	0	212	0	0	0	19.8	28.5	0	0	22.7	10.0	10-Sep-24 05:58:59.070	
0	0	0	2	11	0	0	217	0	0	0	19.8	28.5	0	0	22.7	10.0	10-Sep-24 05:58:59.116	
0	0	0	2	11	0	0	215	0	0	0	19.8	28.5	0	0	22.7	10.0	10-Sep-24 05:58:59.160	
0	0	0	2	12	0	0	191	0	0	0	19.8	28.5	0	0	22.7	10.0	10-Sep-24 05:58:59.209	
0	0	0	1	6	0	0	198	0	0	0	19.8	28.5	0	0	22.7	10.0	10-Sep-24 05:58:59.256	
0	0	0	1	7	0	0	214	0	0	0	19.8	28.5	0	0	22.7	10.0	10-Sep-24 05:58:59.299	
0	0	0	2	9	0	0	199	0	0	0	19.8	28.5	0	0	22.7	10.0	10-Sep-24 05:58:59.344	
0	0	0	3	8	0	0	182	0	0	0	19.8	28.5	0	0	22.7	10.0	10-Sep-24 05:58:59.388	
0	0	0	2	10	0	0	217	0	0	0	19.8	28.5	0	0	22.7	10.0	10-Sep-24 05:58:59.432	
0	0	0	2	8	0	0	185	0	0	0	19.8	28.5	0	0	22.7	10.0	10-Sep-24 05:58:59.475	
0	0	0	2	7	0	0	208	0	0	0	19.8	28.5	0	0	22.7	10.0	10-Sep-24 05:58:59.519	
0	0	0	5	16	0	0	207	0	0	0	19.8	28.5	0	0	22.7	10.0	10-Sep-24 05:58:59.564	
0	0	0	5	13	0	0	193	0	0	0	19.8	28.5	0	0	22.7	10.0	10-Sep-24 05:58:59.608	
0	0	0	4	13	0	0	203	0	0	0	19.8	28.5	0	0	22.7	10.0	10-Sep-24 05:58:59.652	
0	0	0	1	9	0	0	200	0	0	0	19.8	28.5	0	0	22.7	10.0	10-Sep-24 05:58:59.703	
0	0	0	2	8	0	0	210	0	0	0	19.8	28.5	0	0	22.7	10.0	10-Sep-24 05:58:59.748	
0	0	0	3	7	0	0	211	0	0	0	19.8	28.5	0	0	22.7	10.0	10-Sep-24 05:58:59.791	
0	0	0	1	11	0	0	217	0	0	0	19.8	28.5	0	0	22.7	10.0	10-Sep-24 05:58:59.836	
0	0	0	2	14	0	0	208	0	0	0	19.8	28.5	0	0	22.7	10.0	10-Sep-24 05:58:59.880	
0	0	0	4	13	0	0	208	0	0	0	19.8	28.5	0	0	22.7	10.0	10-Sep-24 05:58:59.924	
0	0	0	3	10	0	0	214	0	0	0	19.8	28.5	0	0	22.7	10.0	10-Sep-24 05:58:59.968	
0	0	0	2	8	0	0	223	0	0	0	19.8	28.5	0	0	22.7	10.0	10-Sep-24 05:59:00.011	
0	0	0	2	7	0	0	235	0	0	0	19.8	28.5	0	0	22.7	10.0	10-Sep-24 05:59:00.055	
0	0	0	1	9	0	0	240	0	0	0	19.8	28.5	0	0	22.7	10.0	10-Sep-24 05:59:00.159	
0	0	0	3	11	0	0	227	0	0	0	19.8	28.5	0	0	22.7	10.0	10-Sep-24 05:59:00.212	
0	0	0	3	11	0	0	210	0	0	0	19.8	28.5	0	0	22.7	10.0	10-Sep-24 05:59:00.256	
0	0	0	2	11	0	0	196	0	0	0	19.8	28.5	0	0	22.7	10.0	10-Sep-24 05:59:00.299	
0	0	0	4	6	0	0	219	0	0	0	19.8	28.5	0	0	22.7	10.0	10-Sep-24 05:59:00.343	
0	0	0	1	19	0	0	210	0	0	0	19.8	28.5	0	0	22.7	10.0	10-Sep-24 05:59:00.388	
0	0	0	1	9	0	0	201	0	0	0	19.8	28.5	0	0	22.7	10.0	10-Sep-24 05:59:00.432	
0	0	0	3	6	0	0	195	0	0	0	19.8	28.5	0	0	22.7	10.0	10-Sep-24 05:59:00.476	
0	0	0	2	10	0	0	211	0	0	0	19.8	28.5	0	0	22.7	10.0	10-Sep-24 05:59:00.520	
0	0	0	2	13	0	0	195	0	0	0	19.8	28.5	0	0	22.7	10.0	10-Sep-24 05:59:00.564	
0	0	0	2	14	0	0	222	0	0	0	19.8	28.5	0	0	22.7	10.0	10-Sep-24 05:59:00.608	
0	0	0	3	10	0	0	208	0	0	0	19.8	28.5	0	0	22.7	10.0	10-Sep-24 05:59:00.652	
0	0	0	1	10	0	0	224	0	0	0	19.8	28.5	0	0	22.7	10.0	10-Sep-24 05:59:00.696	
0	0	0	1	6	0	0	225	0	0	0	19.8	28.5	0	0	22.7	10.0	10-Sep-24 05:59:00.744	
0	0	0	3	11	0	0	196	0	0	0	19.8	28.5	0	0	22.7	10.0	10-Sep-24 05:59:00.793	
0	0	0	2	8	0	0	193	0	0	0	19.8	28.5	0	0	22.7	10.0	10-Sep-24 05:59:00.859	
0	0	0	5	11	0	0	217	0	0	0	19.8	28.5	0	0	22.7	10.0	10-Sep-24 05:59:00.942	
0	0	0	4	12	0	0	204	0	0	0	19.8	28.5	0	0	22.7	10.0	10-Sep-24 05:59:01.022	
0	0	0	2	7	0	0	197	0	0	0	19.8	28.5	0	0	22.7	10.0	10-Sep-24 05:59:01.066	
0	0	0	3	16	0	0	195	0	0	0	19.8	28.5	0	0	22.7	10.0	10-Sep-24 05:59:01.108	
0	0	0	1	5	0	0	206	0	0	0	19.8	28.5	0	0	22.7	10.0	10-Sep-24 05:59:01.211	
0	0	0	1	9	0	0	219	0	0	0	19.8	28.5	0	0	22.7	10.0	10-Sep-24 05:59:01.265	
0	0	0	3	6	0	0	214	0	0	0	19.8	28.5	0	0	22.7	10.0	10-Sep-24 05:59:01.308	
0	0	0	1	10	0	0	209	0	0	0	19.8	28.5	0	0	22.7	10.0	10-Sep-24 05:59:01.352	
0	0	0	5	20	0	0	202	0	0	0	19.8	28.5	0	0	22.7	10.0	10-Sep-24 05:59:01.396	
0	0	0	2	10	0	0	209	0	0	0	19.8	28.5	0	0	22.7	10.0	10-Sep-24 05:59:01.441	
0	0	0	1	6	0	0	206	0	0	0	19.8	28.5	0	0	22.7	10.0	10-Sep-24 05:59:01.483	
0	0	0	3	8	0	0	212	0	0	0	19.8	28.5	0	0	22.7	10.0	10-Sep-24 05:59:01.528	
0	0	0	2	8	0	0	202	0	0	0	19.8	28.5	0	0	22.7	10.0	10-Sep-24 05:59:01.571	
0	0	0	3	9	0	0	195	0	0	0	19.8	28.5	0	0	22.7	10.0	10-Sep-24 05:59:01.615	
0	0	0	1	6	0	0	195	0	0	0	19.8	28.5	0	0	22.7	10.0	10-Sep-24 05:59:01.659	
0	0	0	2	12	0	0	196	0	0	0	19.8	28.5	0	0	22.7	10.0	10-Sep-24 05:59:01.704	
0	0	0	3	5	0	0	200	0	0	0	19.8	28.5	0	0	22.7	10.0	10-Sep-24 05:59:01.756	
0	0	0	2	12	0	0	212	0	0	0	19.8	28.5	0	0	22.7	10.0	10-Sep-24 05:59:01.800	
0	0	0	2	10	0	0	237	0	0	0	19.8	28.5	0	0	22.7	10.0	10-Sep-24 05:59:01.844	
0	0	0	5	9	0	0	209	0	0	0	19.8	28.5	0	0	22.7	10.0	10-Sep-24 05:59:01.887	
0	0	0	2	12	0	0	213	0	0	0	19.8	28.5	0	0	22.7	10.0	10-Sep-24 05:59:01.932	
0	0	0	2	15	0	0	195	0	0	0	19.8	28.5	0	0	22.7	10.0	10-Sep-24 05:59:01.976	
0	0	0	4	11	0	0	213	0	0	0	19.8	28.5	0	0	22.7	10.0	10-Sep-24 05:59:02.020	
0	0	0	1	13	0	0	223	0	0	0	19.8	28.5	0	0	22.7	10.0	10-Sep-24 05:59:02.064	
0	0	0	3	11	0	0	202	0	0	0	19.8	28.5	0	0	22.7	10.0	10-Sep-24 05:59:02.108	
0	0	0	1	9	0	0	198	0	0	0	19.8	28.5	0	0	22.7	10.0	10-Sep-24 05:59:02.151	
0	0	0	2	12	0	0	243	0	0	0	19.8	28.5	0	0	22.7	10.0	10-Sep-24 05:59:02.196	
0	0	0	3	8	0	0	207	0	0	0	19.8	28.5	0	0	22.7	10.0	10-Sep-24 05:59:02.307	
0	0	0	1	8	0	0	198	0	0	0	19.8	28.5	0	0	22.7	10.0	10-Sep-24 05:59:02.351	
0	0	0	2	11	0	0	221	0	0	0	19.8	28.5	0	0	22.7	10.0	10-Sep-24 05:59:02.396	
0	0	0	2	9	0	0	205	0	0	0	19.8	28.5	0	0	22.7	10.0	10-Sep-24 05:59:02.440	
0	0	0	1	12	0	0	205	0	0	0	19.8	28.5	0	0	22.7	10.0	10-Sep-24 05:59:02.484	
0	0	0	1	12	0	0	201	0	0	0	19.8	28.5	0	0	22.7	10.0	10-Sep-24 05:59:02.528	
0	0	0	2	13	0	0	194	0	0	0	19.8	28.5	0	0	22.7	10.0	10-Sep-24 05:59:02.572	
0	0	0	2	15	0	0	192	0	0	0	19.8	28.5	0	0	22.7	10.0	10-Sep-24 05:59:02.616	
0	0	0	3	7	0	0	225	0	0	0	19.8	28.5	0	0	22.7	10.0	10-Sep-24 05:59:02.659	
0	0	0	1	10	0	0	221	0	0	0	19.8	28.5	0	0	22.7	10.0	10-Sep-24 05:59:02.704	
0	0	0	3	13	0	0	187	0	0	0	19.8	28.5	0	0	22.7	10.0	10-Sep-24 05:59:02.748	
0	0	0	1	8	0	0	203	0	0	0	19.8	28.5	0	0	22.7	10.0	10-Sep-24 05:59:02.798	
0	0	0	4	7	0	0	206	0	0	0	19.8	28.5	0	0	22.7	10.0	10-Sep-24 05:59:02.844	
0	0	0	2	5	0	0	221	0	0	0	19.8	28.5	0	0	22.7	10.0	10-Sep-24 05:59:02.887	
0	0	0	4	6	0	0	215	0	0	0	19.8	28.5	0	0	22.7	10.0	10-Sep-24 05:59:02.932	
0	0	0	3	6	0	0	232	0	0	0	19.8	28.5	0	0	22.7	10.0	10-Sep-24 05:59:02.975	
0	0	0	2	7	0	0	182	0	0	0	19.8	28.5	0	0	22.7	10.0	10-Sep-24 05:59:03.020	
0	0	0	1	12	0	0	237	0	0	0	19.8	28.5	0	0	22.7	10.0	10-Sep-24 05:59:03.064	
0	0	0	4	6	0	0	229	0	0	0	19.8	28.5	0	0	22.7	10.0	10-Sep-24 05:59:03.108	
0	0	0	3	18	0	0	212	0	0	0	19.8	28.5	0	0	22.7	10.0	10-Sep-24 05:59:03.152	
0	0	0	1	8	0	0	199	0	0	0	19.8	28.5	0	0	22.7	10.0	10-Sep-24 05:59:03.195	
0	0	0	2	7	0	0	207	0	0	0	19.8	28.5	0	0	22.7	10.0	10-Sep-24 05:59:03.239	
0	0	0	1	17	0	0	229	0	0	0	19.8	28.5	0	0	22.7	10.0	10-Sep-24 05:59:03.292	
0	0	0	1	12	0	0	212	0	0	0	19.8	28.5	0	0	22.7	10.0	10-Sep-24 05:59:03.395	
0	0	0	2	10	0	0	201	0	0	0	19.8	28.5	0	0	22.7	10.0	10-Sep-24 05:59:03.441	
0	0	0	3	13	0	0	212	0	0	0	19.8	28.5	0	0	22.7	10.0	10-Sep-24 05:59:03.485	
0	0	0	4	10	0	0	225	0	0	0	19.8	28.5	0	0	22.7	10.0	10-Sep-24 05:59:03.528	
0	0	0	1	7	0	0	193	0	0	0	19.8	28.5	0	0	22.7	10.0	10-Sep-24 05:59:03.572	
0	0	0	2	6	0	0	222	0	0	0	19.8	28.5	0	0	22.7	10.0	10-Sep-24 05:59:03.616	
0	0	0	6	11	0	0	190	0	0	0	19.8	28.5	0	0	22.7	10.0	10-Sep-24 05:59:03.660	
0	0	0	5	13	0	0	195	0	0	0	19.8	28.5	0	0	22.7	10.0	10-Sep-24 05:59:03.704	
0	0	0	1	11	0	0	205	0	0	0	19.8	28.5	0	0	22.7	10.0	10-Sep-24 05:59:03.748	
0	0	0	2	11	0	0	219	0	0	0	19.8	28.5	0	0	22.7	10.0	10-Sep-24 05:59:03.797	
0	0	0	2	6	0	0	187	0	0	0	19.8	28.5	0	0	22.7	10.0	10-Sep-24 05:59:03.845	
0	0	0	3	13	0	0	203	0	0	0	19.8	28.5	0	0	22.7	10.0	10-Sep-24 05:59:03.888	
0	0	0	4	15	0	0	227	0	0	0	19.8	28.5	0	0	22.7	10.0	10-Sep-24 05:59:03.932	
0	0	0	2	13	0	0	204	0	0	0	19.8	28.5	0	0	22.7	10.0	10-Sep-24 05:59:03.976	
0	0	0	2	8	0	0	225	0	0	0	19.8	28.5	0	0	22.7	10.0	10-Sep-24 05:59:04.020	
0	0	0	3	9	0	0	219	0	0	0	19.8	28.5	0	0	22.7	10.0	10-Sep-24 05:59:04.063	
0	0	0	2	10	0	0	229	0	0	0	19.8	28.5	0	0	22.7	10.0	10-Sep-24 05:59:04.108	
0	0	0	3	9	0	0	214	0	0	0	19.8	28.5	0	0	22.7	10.0	10-Sep-24 05:59:04.144	
0	0	0	2	10	0	0	207	0	0	0	19.8	28.5	0	0	22.7	10.0	10-Sep-24 05:59:04.188	
0	0	0	1	13	0	0	233	0	0	0	19.8	28.5	0	0	22.7	10.0	10-Sep-24 05:59:04.231	
0	0	0	3	11	0	0	221	0	0	0	19.8	28.5	0	0	22.7	10.0	10-Sep-24 05:59:04.276	
0	0	0	2	7	0	0	217	0	0	0	19.8	28.5	0	0	22.7	10.0	10-Sep-24 05:59:04.328	
0	0	0	5	10	0	0	221	0	0	0	19.8	28.5	0	0	22.7	10.0	10-Sep-24 05:59:04.371	
0	0	0	3	8	0	0	246	0	0	0	19.8	28.5	0	0	22.7	10.0	10-Sep-24 05:59:04.476	
0	0	0	1	5	0	0	203	0	0	0	19.8	28.5	0	0	22.7	10.0	10-Sep-24 05:59:04.516	
0	0	0	3	5	0	0	184	0	0	0	19.8	28.5	0	0	22.7	10.0	10-Sep-24 05:59:04.559	
0	0	0	3	7	0	0	224	0	0	0	19.8	28.5	0	0	22.7	10.0	10-Sep-24 05:59:04.603	
0	0	0	1	12	0	0	205	0	0	0	19.8	28.5	0	0	22.7	10.0	10-Sep-24 05:59:04.648	
0	0	0	2	9	0	0	220	0	0	0	19.8	28.5	0	0	22.7	10.0	10-Sep-24 05:59:04.692	
0	0	0	2	14	0	0	216	0	0	0	19.8	28.5	0	0	22.7	10.0	10-Sep-24 05:59:04.736	
0	0	0	3	12	0	0	216	0	0	0	19.8	28.5	0	0	22.7	10.0	10-Sep-24 05:59:04.780	
0	0	0	1	10	0	0	220	0	0	0	19.8	28.5	0	0	22.7	10.0	10-Sep-24 05:59:04.831	
0	0	0	3	12	0	0	198	0	0	0	19.8	28.5	0	0	22.7	10.0	10-Sep-24 05:59:04.876	
0	0	0	1	9	0	0	205	0	0	0	19.8	28.5	0	0	22.7	10.0	10-Sep-24 05:59:04.920	
0	0	0	3	4	0	0	204	0	0	0	19.8	28.5	0	0	22.7	10.0	10-Sep-24 05:59:04.963	
0	0	0	4	6	0	0	187	0	0	0	19.8	28.5	0	0	22.7	10.0	10-Sep-24 05:59:05.008	
0	0	0	5	7	0	0	251	0	0	0	19.8	28.5	0	0	22.7	10.0	10-Sep-24 05:59:05.052	
0	0	0	2	5	0	0	204	0	0	0	19.8	28.5	0	0	22.7	10.0	10-Sep-24 05:59:05.096	
0	0	0	2	10	0	0	223	0	0	0	19.8	28.5	0	0	22.7	10.0	10-Sep-24 05:59:05.140	
0	0	0	5	8	0	0	201	0	0	0	19.8	28.5	0	0	22.7	10.0	10-Sep-24 05:59:05.184	
0	0	0	4	13	0	0	233	0	0	0	19.8	28.5	0	0	22.7	10.0	10-Sep-24 05:59:05.227	
0	0	0	3	13	0	0	202	0	0	0	19.8	28.5	0	0	22.7	10.0	10-Sep-24 05:59:05.272	
0	0	0	3	16	0	0	210	0	0	0	19.8	28.5	0	0	22.7	10.0	10-Sep-24 05:59:05.323	
0	0	0	1	13	0	0	196	0	0	0	19.8	28.5	0	0	22.7	10.0	10-Sep-24 05:59:05.369	
0	0	0	3	7	0	0	193	0	0	0	19.8	28.5	0	0	22.7	10.0	10-Sep-24 05:59:05.411	
0	0	0	1	5	0	0	205	0	0	0	19.8	28.5	0	0	22.7	10.0	10-Sep-24 05:59:05.456	
0	0	0	3	6	0	0	195	0	0	0	19.8	28.5	0	0	22.7	10.0	10-Sep-24 05:59:05.557	
0	0	0	2	8	0	0	237	0	0	0	19.8	28.5	0	0	22.7	10.0	10-Sep-24 05:59:05.603	
0	0	0	4	8	0	0	234	0	0	0	19.8	28.5	0	0	22.7	10.0	10-Sep-24 05:59:05.647	
0	0	0	2	7	0	0	206	0	0	0	19.8	28.5	0	0	22.7	10.0	10-Sep-24 05:59:05.692	
0	0	0	1	8	0	0	206	0	0	0	19.8	28.5	0	0	22.7	10.0	10-Sep-24 05:59:05.736	
0	0	0	2	13	0	0	210	0	0	0	19.8	28.5	0	0	22.7	10.0	10-Sep-24 05:59:05.780	
0	0	0	2	11	0	0	221	0	0	0	19.8	28.5	0	0	22.7	10.0	10-Sep-24 05:59:05.824	
0	0	0	3	11	0	0	210	0	0	0	19.8	28.5	0	0	22.7	10.0	10-Sep-24 05:59:05.877	
0	0	0	2	13	0	0	204	0	0	0	19.8	28.5	0	0	22.7	10.0	10-Sep-24 05:59:05.920	
0	0	0	2	7	0	0	212	0	0	0	19.8	28.5	0	0	22.7	10.0	10-Sep-24 05:59:05.963	
0	0	0	1	9	0	0	243	0	0	0	19.8	28.5	0	0	22.7	10.0	10-Sep-24 05:59:06.007	
0	0	0	1	15	0	0	199	0	0	0	19.8	28.5	0	0	22.7	10.0	10-Sep-24 05:59:06.082	
0	0	0	2	12	0	0	200	0	0	0	19.8	28.5	0	0	22.7	10.0	10-Sep-24 05:59:06.176	
0	0	0	2	12	0	0	218	0	0	0	19.8	28.5	0	0	22.7	10.0	10-Sep-24 05:59:06.247	
0	0	0	2	8	0	0	229	0	0	0	19.8	28.5	0	0	22.7	10.0	10-Sep-24 05:59:06.292	
0	0	0	5	10	0	0	215	0	0	0	19.8	28.5	0	0	22.7	10.0	10-Sep-24 05:59:06.336	
0	0	0	3	9	0	0	228	0	0	0	19.8	28.5	0	0	22.7	10.0	10-Sep-24 05:59:06.388	
0	0	0	4	10	0	0	219	0	0	0	19.8	28.5	0	0	22.7	10.0	10-Sep-24 05:59:06.432	
0	0	0	4	10	0	0	211	0	0	0	19.8	28.5	0	0	22.7	10.0	10-Sep-24 05:59:06.475	
0	0	0	5	17	0	0	227	0	0	0	19.8	28.5	0	0	22.7	10.0	10-Sep-24 05:59:06.520	
0	0	0	2	10	0	0	231	0	0	0	19.8	28.5	0	0	22.7	10.0	10-Sep-24 05:59:06.612	
0	0	0	1	6	0	0	194	0	0	0	19.8	28.5	0	0	22.7	10.0	10-Sep-24 05:59:06.660	
0	0	0	3	13	0	0	208	0	0	0	19.8	28.5	0	0	22.7	10.0	10-Sep-24 05:59:06.704	
0	0	0	4	6	0	0	219	0	0	0	19.8	28.5	0	0	22.7	10.0	10-Sep-24 05:59:06.748	
0	0	0	3	6	0	0	213	0	0	0	19.8	28.5	0	0	22.7	10.0	10-Sep-24 05:59:06.791	
0	0	0	3	10	0	0	235	0	0	0	19.8	28.5	0	0	22.7	10.0	10-Sep-24 05:59:06.835	
0	0	0	5	15	0	0	217	0	0	0	19.8	28.5	0	0	22.7	10.0	10-Sep-24 05:59:06.882	
0	0	0	3	13	0	0	191	0	0	0	19.8	28.5	0	0	22.7	10.0	10-Sep-24 05:59:06.919	
0	0	0	4	12	0	0	198	0	0	0	19.8	28.5	0	0	22.7	10.0	10-Sep-24 05:59:06.964	
0	0	0	1	11	0	0	212	0	0	0	19.8	28.5	0	0	22.7	10.0	10-Sep-24 05:59:07.008	
0	0	0	2	8	0	0	196	0	0	0	19.8	28.5	0	0	22.7	10.0	10-Sep-24 05:59:07.052	
0	0	0	2	7	0	0	225	0	0	0	19.8	28.5	0	0	22.7	10.0	10-Sep-24 05:59:07.096	
0	0	0	2	14	0	0	208	0	0	0	19.8	28.5	0	0	22.7	10.0	10-Sep-24 05:59:07.140	
0	0	0	3	13	0	0	179	0	0	0	19.8	28.5	0	0	22.7	10.0	10-Sep-24 05:59:07.184	
0	0	0	1	9	0	0	184	0	0	0	19.8	28.5	0	0	22.7	10.0	10-Sep-24 05:59:07.228	
0	0	0	1	13	0	0	225	0	0	0	19.8	28.5	0	0	22.7	10.0	10-Sep-24 05:59:07.272	
0	0	0	2	9	0	0	225	0	0	0	19.8	28.5	0	0	22.7	10.0	10-Sep-24 05:59:07.316	
0	0	0	3	9	0	0	200	0	0	0	19.8	28.5	0	0	22.7	10.0	10-Sep-24 05:59:07.365	
0	0	0	1	11	0	0	196	0	0	0	19.8	28.5	0	0	22.7	10.0	10-Sep-24 05:59:07.413	
0	0	0	1	11	0	0	206	0	0	0	19.8	28.5	0	0	22.7	10.0	10-Sep-24 05:59:07.457	
0	0	0	4	6	0	0	227	0	0	0	19.8	28.5	0	0	22.7	10.0	10-Sep-24 05:59:07.499	
0	0	0	1	12	0	0	209	0	0	0	19.8	28.5	0	0	22.7	10.0	10-Sep-24 05:59:07.544	
0	0	0	4	14	0	0	213	0	0	0	19.8	28.5	0	0	22.7	10.0	10-Sep-24 05:59:07.588	
0	0	0	2	5	0	0	210	0	0	0	19.8	28.5	0	0	22.7	10.0	10-Sep-24 05:59:07.690	
0	0	0	1	11	0	0	209	0	0	0	19.8	28.5	0	0	22.7	10.0	10-Sep-24 05:59:07.736	
0	0	0	4	6	0	0	206	0	0	0	19.8	28.5	0	0	22.7	10.0	10-Sep-24 05:59:07.780	
0	0	0	6	10	0	0	221	0	0	0	19.8	28.5	0	0	22.7	10.0	10-Sep-24 05:59:07.824	
0	0	0	2	15	0	0	214	0	0	0	19.8	28.5	0	0	22.7	10.0	10-Sep-24 05:59:07.868	
0	0	0	3	7	0	0	210	0	0	0	19.8	28.5	0	0	22.7	10.0	10-Sep-24 05:59:07.921	
0	0	0	3	12	0	0	203	0	0	0	19.8	28.5	0	0	22.7	10.0	10-Sep-24 05:59:07.966	
0	0	0	5	13	0	0	195	0	0	0	19.8	28.5	0	0	22.7	10.0	10-Sep-24 05:59:08.013	
0	0	0	3	6	0	0	204	0	0	0	19.8	28.5	0	0	22.7	10.0	10-Sep-24 05:59:08.055	
0	0	0	1	15	0	0	193	0	0	0	19.8	28.5	0	0	22.7	10.0	10-Sep-24 05:59:08.100	
0	0	0	2	14	0	0	203	0	0	0	19.8	28.5	0	0	22.7	10.0	10-Sep-24 05:59:08.143	
0	0	0	4	8	0	0	219	0	0	0	19.8	28.5	0	0	22.7	10.0	10-Sep-24 05:59:08.188	
0	0	0	2	5	0	0	209	0	0	0	19.8	28.5	0	0	22.7	10.0	10-Sep-24 05:59:08.231	
0	0	0	2	6	0	0	223	0	0	0	19.8	28.5	0	0	22.7	10.0	10-Sep-24 05:59:08.276	
0	0	0	5	3	0	0	215	0	0	0	19.8	28.5	0	0	22.7	10.0	10-Sep-24 05:59:08.319	
0	0	0	4	14	0	0	220	0	0	0	19.8	28.5	0	0	22.7	10.0	10-Sep-24 05:59:08.364	
0	0	0	3	10	0	0	202	0	0	0	19.8	28.5	0	0	22.7	10.0	10-Sep-24 05:59:08.416	
0	0	0	4	6	0	0	187	0	0	0	19.8	28.5	0	0	22.7	10.0	10-Sep-24 05:59:08.460	
0	0	0	2	14	0	0	215	0	0	0	19.8	28.5	0	0	22.7	10.0	10-Sep-24 05:59:08.504	
0	0	0	3	5	0	0	220	0	0	0	19.8	28.5	0	0	22.7	10.0	10-Sep-24 05:59:08.552	
0	0	0	2	10	0	0	223	0	0	0	19.8	28.5	0	0	22.7	10.0	10-Sep-24 05:59:08.596	
0	0	0	3	9	0	0	218	0	0	0	19.8	28.5	0	0	22.7	10.0	10-Sep-24 05:59:08.639	
0	0	0	3	7	0	0	211	0	0	0	19.8	28.5	0	0	22.7	10.0	10-Sep-24 05:59:08.741	
0	0	0	2	6	0	0	207	0	0	0	19.8	28.5	0	0	22.7	10.0	10-Sep-24 05:59:08.788	
0	0	0	1	11	0	0	202	0	0	0	19.8	28.5	0	0	22.7	10.0	10-Sep-24 05:59:08.832	
0	0	0	1	11	0	0	205	0	0	0	19.8	28.5	0	0	22.7	10.0	10-Sep-24 05:59:08.876	
0	0	0	2	9	0	0	223	0	0	0	19.8	28.5	0	0	22.7	10.0	10-Sep-24 05:59:08.925	
0	0	0	6	15	0	0	202	0	0	0	19.8	28.5	0	0	22.7	10.0	10-Sep-24 05:59:08.968	
0	0	0	1	11	0	0	186	0	0	0	19.8	28.5	0	0	22.7	10.0	10-Sep-24 05:59:09.013	
0	0	0	2	10	0	0	208	0	0	0	19.8	28.5	0	0	22.7	10.0	10-Sep-24 05:59:09.056	
0	0	0	2	13	0	0	190	0	0	0	19.8	28.5	0	0	22.7	10.0	10-Sep-24 05:59:09.100	
0	0	0	2	11	0	0	214	0	0	0	19.8	28.5	0	0	22.7	10.0	10-Sep-24 05:59:09.144	
0	0	0	4	13	0	0	215	0	0	0	19.8	28.5	0	0	22.7	10.0	10-Sep-24 05:59:09.188	
0	0	0	2	10	0	0	204	0	0	0	19.8	28.5	0	0	22.7	10.0	10-Sep-24 05:59:09.232	
0	0	0	3	13	0	0	236	0	0	0	19.8	28.5	0	0	22.7	10.0	10-Sep-24 05:59:09.276	
0	0	0	2	10	0	0	228	0	0	0	19.8	28.5	0	0	22.7	10.0	10-Sep-24 05:59:09.320	
0	0	0	1	15	0	0	200	0	0	0	19.8	28.5	0	0	22.7	10.0	10-Sep-24 05:59:09.364	
0	0	0	3	11	0	0	220	0	0	0	19.8	28.5	0	0	22.7	10.0	10-Sep-24 05:59:09.400	
0	0	0	4	12	0	0	213	0	0	0	19.8	28.5	0	0	22.7	10.0	10-Sep-24 05:59:09.453	
0	0	0	6	13	0	0	216	0	0	0	19.8	28.5	0	0	22.7	10.0	10-Sep-24 05:59:09.498	
0	0	0	2	12	0	0	240	0	0	0	19.8	28.5	0	0	22.7	10.0	10-Sep-24 05:59:09.540	
0	0	0	4	6	0	0	206	0	0	0	19.8	28.5	0	0	22.7	10.0	10-Sep-24 05:59:09.576	
0	0	0	3	9	0	0	203	0	0	0	19.8	28.5	0	0	22.7	10.0	10-Sep-24 05:59:09.620	
0	0	0	3	10	0	0	212	0	0	0	19.8	28.5	0	0	22.7	10.0	10-Sep-24 05:59:09.664	
0	0	0	4	10	0	0	212	0	0	0	19.8	28.5	0	0	22.7	10.0	10-Sep-24 05:59:09.708	
0	0	0	2	10	0	0	216	0	0	0	19.8	28.5	0	0	22.7	10.0	10-Sep-24 05:59:09.810	
0	0	0	4	9	0	0	219	0	0	0	19.8	28.5	0	0	22.7	10.0	10-Sep-24 05:59:09.857	
0	0	0	3	7	0	0	215	0	0	0	19.8	28.5	0	0	22.7	10.0	10-Sep-24 05:59:09.899	
0	0	0	1	11	0	0	213	0	0	0	19.8	28.5	0	0	22.7	10.0	10-Sep-24 05:59:09.949	
0	0	0	3	12	0	0	198	0	0	0	19.8	28.5	0	0	22.7	10.0	10-Sep-24 05:59:09.997	
0	0	0	1	5	0	0	194	0	0	0	19.8	28.5	0	0	22.7	10.0	10-Sep-24 05:59:10.039	
0	0	0	3	12	0	0	216	0	0	0	19.8	28.5	0	0	22.7	10.0	10-Sep-24 05:59:10.103	
0	0	0	4	8	0	0	208	0	0	0	19.8	28.5	0	0	22.7	10.0	10-Sep-24 05:59:10.160	
0	0	0	7	8	0	0	225	0	0	0	19.8	28.5	0	0	22.7	10.0	10-Sep-24 05:59:10.220	
0	0	0	2	13	0	0	190	0	0	0	19.8	28.5	0	0	22.7	10.0	10-Sep-24 05:59:10.282	
0	0	0	2	9	0	0	214	0	0	0	19.8	28.5	0	0	22.7	10.0	10-Sep-24 05:59:10.345	
0	0	0	5	20	0	0	211	0	0	0	19.8	28.5	0	0	22.7	10.0	10-Sep-24 05:59:10.392	
0	0	0	2	13	0	0	201	0	0	0	19.8	28.5	0	0	22.7	10.0	10-Sep-24 05:59:10.443	
0	0	0	2	11	0	0	214	0	0	0	19.8	28.5	0	0	22.7	10.0	10-Sep-24 05:59:10.489	
0	0	0	3	6	0	0	194	0	0	0	19.8	28.5	0	0	22.7	10.0	10-Sep-24 05:59:10.531	
0	0	0	3	9	0	0	205	0	0	0	19.8	28.5	0	0	22.7	10.0	10-Sep-24 05:59:10.576	
0	0	0	4	11	0	0	205	0	0	0	19.8	28.5	0	0	22.7	10.0	10-Sep-24 05:59:10.620	
0	0	0	3	8	0	0	220	0	0	0	19.8	28.5	0	0	22.7	10.0	10-Sep-24 05:59:10.664	
0	0	0	4	8	0	0	212	0	0	0	19.8	28.5	0	0	22.7	10.0	10-Sep-24 05:59:10.708	
0	0	0	1	9	0	0	213	0	0	0	19.8	28.5	0	0	22.7	10.0	10-Sep-24 05:59:10.751	
0	0	0	2	5	0	0	214	0	0	0	19.8	28.5	0	0	22.7	10.0	10-Sep-24 05:59:10.796	
0	0	0	1	8	0	0	194	0	0	0	19.8	28.5	0	0	22.7	10.0	10-Sep-24 05:59:10.899	
0	0	0	1	8	0	0	177	0	0	0	19.8	28.5	0	0	22.7	10.0	10-Sep-24 05:59:10.950	
0	0	0	2	7	0	0	211	0	0	0	19.8	28.5	0	0	22.7	10.0	10-Sep-24 05:59:10.997	
0	0	0	1	15	0	0	226	0	0	0	19.8	28.5	0	0	22.7	10.0	10-Sep-24 05:59:11.039	
0	0	0	2	6	0	0	203	0	0	0	19.8	28.5	0	0	22.7	10.0	10-Sep-24 05:59:11.084	
0	0	0	1	11	0	0	203	0	0	0	19.8	28.5	0	0	22.7	10.0	10-Sep-24 05:59:11.128	
0	0	0	4	8	0	0	233	0	0	0	19.8	28.5	0	0	22.7	10.0	10-Sep-24 05:59:11.172	
0	0	0	2	6	0	0	197	0	0	0	19.8	28.5	0	0	22.7	10.0	10-Sep-24 05:59:11.216	
0	0	0	1	10	0	0	185	0	0	0	19.8	28.5	0	0	22.7	10.0	10-Sep-24 05:59:11.293	
0	0	0	2	12	0	0	218	0	0	0	19.8	28.5	0	0	22.7	10.0	10-Sep-24 05:59:11.388	
0	0	0	4	9	0	0	212	0	0	0	19.8	28.5	0	0	22.7	10.0	10-Sep-24 05:59:11.467	
0	0	0	2	3	0	0	226	0	0	0	19.8	28.5	0	0	22.7	10.0	10-Sep-24 05:59:11.515	
0	0	0	4	9	0	0	195	0	0	0	19.8	28.5	0	0	22.7	10.0	10-Sep-24 05:59:11.560	
0	0	0	3	8	0	0	218	0	0	0	19.8	28.5	0	0	22.7	10.0	10-Sep-24 05:59:11.604	
0	0	0	3	11	0	0	208	0	0	0	19.8	28.5	0	0	22.7	10.0	10-Sep-24 05:59:11.648	
0	0	0	4	6	0	0	176	0	0	0	19.8	28.5	0	0	22.7	10.0	10-Sep-24 05:59:11.692	
0	0	0	2	7	0	0	185	0	0	0	19.8	28.5	0	0	22.7	10.0	10-Sep-24 05:59:11.736	
0	0	0	2	17	0	0	246	0	0	0	19.8	28.5	0	0	22.7	10.0	10-Sep-24 05:59:11.780	
0	0	0	5	13	0	0	209	0	0	0	19.8	28.5	0	0	22.7	10.0	10-Sep-24 05:59:11.824	
0	0	0	5	9	0	0	211	0	0	0	19.8	28.5	0	0	22.7	10.0	10-Sep-24 05:59:11.868	
0	0	0	3	11	0	0	203	0	0	0	19.8	28.5	0	0	22.7	10.0	10-Sep-24 05:59:11.970	
0	0	0	6	7	0	0	201	0	0	0	19.8	28.5	0	0	22.7	10.0	10-Sep-24 05:59:12.016	
0	0	0	3	6	0	0	207	0	0	0	19.8	28.5	0	0	22.7	10.0	10-Sep-24 05:59:12.060	
0	0	0	2	10	0	0	201	0	0	0	19.8	28.5	0	0	22.7	10.0	10-Sep-24 05:59:12.104	
0	0	0	2	10	0	0	202	0	0	0	19.8	28.5	0	0	22.7	10.0	10-Sep-24 05:59:12.148	
0	0	0	3	11	0	0	212	0	0	0	19.8	28.5	0	0	22.7	10.0	10-Sep-24 05:59:12.192	
0	0	0	1	10	0	0	211	0	0	0	19.8	28.5	0	0	22.7	10.0	10-Sep-24 05:59:12.235	
0	0	0	2	8	0	0	222	0	0	0	19.8	28.5	0	0	22.7	10.0	10-Sep-24 05:59:12.280	
0	0	0	3	9	0	0	233	0	0	0	19.8	28.5	0	0	22.7	10.0	10-Sep-24 05:59:12.324	
0	0	0	2	17	0	0	214	0	0	0	19.8	28.5	0	0	22.7	10.0	10-Sep-24 05:59:12.367	
0	0	0	2	10	0	0	196	0	0	0	19.8	28.5	0	0	22.7	10.0	10-Sep-24 05:59:12.412	
0	0	0	2	11	0	0	204	0	0	0	19.8	28.5	0	0	22.7	10.0	10-Sep-24 05:59:12.457	
0	0	0	7	10	0	0	209	0	0	0	19.8	28.5	0	0	22.7	10.0	10-Sep-24 05:59:12.507	
0	0	0	3	12	0	0	190	0	0	0	19.8	28.5	0	0	22.7	10.0	10-Sep-24 05:59:12.551	
0	0	0	1	9	0	0	193	0	0	0	19.8	28.5	0	0	22.7	10.0	10-Sep-24 05:59:12.596	
0	0	0	4	9	0	0	210	0	0	0	19.8	28.5	0	0	22.7	10.0	10-Sep-24 05:59:12.639	
0	0	0	2	9	0	0	208	0	0	0	19.8	28.5	0	0	22.7	10.0	10-Sep-24 05:59:12.684	
0	0	0	4	7	0	0	198	0	0	0	19.8	28.5	0	0	22.7	10.0	10-Sep-24 05:59:12.728	
0	0	0	4	11	0	0	214	0	0	0	19.8	28.5	0	0	22.7	10.0	10-Sep-24 05:59:12.772	
0	0	0	3	9	0	0	214	0	0	0	19.8	28.5	0	0	22.7	10.0	10-Sep-24 05:59:12.808	
0	0	0	3	8	0	0	211	0	0	0	19.8	28.5	0	0	22.7	10.0	10-Sep-24 05:59:12.851	
0	0	0	3	11	0	0	196	0	0	0	19.8	28.5	0	0	22.7	10.0	10-Sep-24 05:59:12.896	
0	0	0	1	6	0	0	227	0	0	0	19.8	28.5	0	0	22.7	10.0	10-Sep-24 05:59:12.940	
0	0	0	2	7	0	0	234	0	0	0	19.8	28.5	0	0	22.7	10.0	10-Sep-24 05:59:13.039	
0	0	0	4	9	0	0	215	0	0	0	19.8	28.5	0	0	22.7	10.0	10-Sep-24 05:59:13.083	
0	0	0	3	12	0	0	205	0	0	0	19.8	28.5	0	0	22.7	10.0	10-Sep-24 05:59:13.128	
0	0	0	2	10	0	0	210	0	0	0	19.8	28.5	0	0	22.7	10.0	10-Sep-24 05:59:13.172	
0	0	0	3	8	0	0	187	0	0	0	19.8	28.5	0	0	22.7	10.0	10-Sep-24 05:59:13.216	
0	0	0	2	15	0	0	218	0	0	0	19.8	28.5	0	0	22.7	10.0	10-Sep-24 05:59:13.260	
0	0	0	3	11	0	0	220	0	0	0	19.8	28.5	0	0	22.7	10.0	10-Sep-24 05:59:13.304	
0	0	0	2	14	0	0	235	0	0	0	19.8	28.5	0	0	22.7	10.0	10-Sep-24 05:59:13.348	
0	0	0	2	13	0	0	211	0	0	0	19.8	28.5	0	0	22.7	10.0	10-Sep-24 05:59:13.392	
0	0	0	2	9	0	0	207	0	0	0	19.8	28.5	0	0	22.7	10.0	10-Sep-24 05:59:13.435	
0	0	0	2	7	0	0	220	0	0	0	19.8	28.5	0	0	22.7	10.0	10-Sep-24 05:59:13.480	
0	0	0	3	9	0	0	193	0	0	0	19.8	28.5	0	0	22.7	10.0	10-Sep-24 05:59:13.531	
0	0	0	3	9	0	0	194	0	0	0	19.8	28.5	0	0	22.7	10.0	10-Sep-24 05:59:13.575	
0	0	0	3	6	0	0	189	0	0	0	19.8	28.5	0	0	22.7	10.0	10-Sep-24 05:59:13.620	
0	0	0	5	8	0	0	215	0	0	0	19.8	28.5	0	0	22.7	10.0	10-Sep-24 05:59:13.663	
0	0	0	7	15	0	0	206	0	0	0	19.8	28.5	0	0	22.7	10.0	10-Sep-24 05:59:13.708	
0	0	0	1	11	0	0	233	0	0	0	19.8	28.5	0	0	22.7	10.0	10-Sep-24 05:59:13.752	
0	0	0	4	5	0	0	194	0	0	0	19.8	28.5	0	0	22.7	10.0	10-Sep-24 05:59:13.796	
0	0	0	3	9	0	0	212	0	0	0	19.8	28.5	0	0	22.7	10.0	10-Sep-24 05:59:13.840	
0	0	0	5	7	0	0	184	0	0	0	19.8	28.5	0	0	22.7	10.0	10-Sep-24 05:59:13.884	
0	0	0	3	11	0	0	218	0	0	0	19.8	28.5	0	0	22.7	10.0	10-Sep-24 05:59:13.928	
0	0	0	1	12	0	0	185	0	0	0	19.8	28.5	0	0	22.7	10.0	10-Sep-24 05:59:13.972	
0	0	0	3	9	0	0	223	0	0	0	19.8	28.5	0	0	22.7	10.0	10-Sep-24 05:59:14.020	
0	0	0	3	7	0	0	221	0	0	0	19.8	28.5	0	0	22.7	10.0	10-Sep-24 05:59:14.123	
0	0	0	2	6	0	0	221	0	0	0	19.8	28.5	0	0	22.7	10.0	10-Sep-24 05:59:14.168	
0	0	0	3	8	0	0	199	0	0	0	19.8	28.5	0	0	22.7	10.0	10-Sep-24 05:59:14.211	
0	0	0	5	8	0	0	210	0	0	0	19.8	28.5	0	0	22.7	10.0	10-Sep-24 05:59:14.254	
0	0	0	2	7	0	0	198	0	0	0	19.8	28.5	0	0	22.7	10.0	10-Sep-24 05:59:14.300	
0	0	0	3	10	0	0	187	0	0	0	19.8	28.5	0	0	22.7	10.0	10-Sep-24 05:59:14.344	
0	0	0	1	8	0	0	206	0	0	0	19.8	28.5	0	0	22.7	10.0	10-Sep-24 05:59:14.388	
0	0	0	4	4	0	0	222	0	0	0	19.8	28.5	0	0	22.7	10.0	10-Sep-24 05:59:14.431	
0	0	0	4	11	0	0	207	0	0	0	19.8	28.5	0	0	22.7	10.0	10-Sep-24 05:59:14.476	
0	0	0	3	6	0	0	221	0	0	0	19.8	28.5	0	0	22.7	10.0	10-Sep-24 05:59:14.525	
0	0	0	1	10	0	0	195	0	0	0	19.8	28.5	0	0	22.7	10.0	10-Sep-24 05:59:14.573	
0	0	0	4	10	0	0	210	0	0	0	19.8	28.5	0	0	22.7	10.0	10-Sep-24 05:59:14.616	
0	0	0	3	7	0	0	212	0	0	0	19.8	28.5	0	0	22.7	10.0	10-Sep-24 05:59:14.660	
0	0	0	2	11	0	0	195	0	0	0	19.8	28.5	0	0	22.7	10.0	10-Sep-24 05:59:14.704	
0	0	0	1	11	0	0	226	0	0	0	19.8	28.5	0	0	22.7	10.0	10-Sep-24 05:59:14.748	
0	0	0	4	10	0	0	196	0	0	0	19.8	28.5	0	0	22.7	10.0	10-Sep-24 05:59:14.792	
0	0	0	2	11	0	0	201	0	0	0	19.8	28.5	0	0	22.7	10.0	10-Sep-24 05:59:14.836	
0	0	0	1	5	0	0	211	0	0	0	19.8	28.5	0	0	22.7	10.0	10-Sep-24 05:59:14.879	
0	0	0	1	12	0	0	203	0	0	0	19.8	28.5	0	0	22.7	10.0	10-Sep-24 05:59:14.924	
0	0	0	3	13	0	0	191	0	0	0	19.8	28.5	0	0	22.7	10.0	10-Sep-24 05:59:14.968	
0	0	0	4	7	0	0	205	0	0	0	19.8	28.5	0	0	22.7	10.0	10-Sep-24 05:59:15.012	
0	0	0	2	11	0	0	187	0	0	0	19.8	28.5	0	0	22.7	10.0	10-Sep-24 05:59:15.060	
0	0	0	4	9	0	0	200	0	0	0	19.8	28.5	0	0	22.7	10.0	10-Sep-24 05:59:15.109	
0	0	0	4	10	0	0	205	0	0	0	19.8	28.5	0	0	22.7	10.0	10-Sep-24 05:59:15.201	
0	0	0	2	15	0	0	221	0	0	0	19.8	28.5	0	0	22.7	10.0	10-Sep-24 05:59:15.248	
0	0	0	1	11	0	0	234	0	0	0	19.8	28.5	0	0	22.7	10.0	10-Sep-24 05:59:15.291	
0	0	0	1	7	0	0	204	0	0	0	19.8	28.5	0	0	22.7	10.0	10-Sep-24 05:59:15.335	
0	0	0	2	12	0	0	218	0	0	0	19.8	28.5	0	0	22.7	10.0	10-Sep-24 05:59:15.380	
0	0	0	3	13	0	0	186	0	0	0	19.8	28.5	0	0	22.7	10.0	10-Sep-24 05:59:15.424	
0	0	0	2	6	0	0	210	0	0	0	19.8	28.5	0	0	22.7	10.0	10-Sep-24 05:59:15.468	
0	0	0	4	10	0	0	192	0	0	0	19.8	28.5	0	0	22.7	10.0	10-Sep-24 05:59:15.511	
0	0	0	2	7	0	0	229	0	0	0	19.8	28.5	0	0	22.7	10.0	10-Sep-24 05:59:15.562	
0	0	0	2	12	0	0	189	0	0	0	19.8	28.5	0	0	22.7	10.0	10-Sep-24 05:59:15.598	
0	0	0	3	12	0	0	192	0	0	0	19.8	28.5	0	0	22.7	10.0	10-Sep-24 05:59:15.644	
0	0	0	2	10	0	0	231	0	0	0	19.8	28.5	0	0	22.7	10.0	10-Sep-24 05:59:15.688	
