C1	C2	C3	C4	C5	C6	C7	C8	BC1	BC2	BC3	BC4	BC5	BC6	BC7	BC8	IT	T

0	0	0	0	1	0	0	17	0	0	0	19.8	28.5	0	0	22.7	10.0	10-Sep-24 06:36:31.363	
0	0	0	1	1	0	0	14	0	0	0	19.8	28.5	0	0	22.7	10.0	10-Sep-24 06:36:31.414	
0	0	0	0	1	0	0	12	0	0	0	19.8	28.5	0	0	22.7	10.0	10-Sep-24 06:36:31.466	
0	0	0	0	2	0	0	18	0	0	0	19.8	28.5	0	0	22.7	10.0	10-Sep-24 06:36:31.512	
0	0	0	0	1	0	0	15	0	0	0	19.8	28.5	0	0	22.7	10.0	10-Sep-24 06:36:31.555	
0	0	0	0	2	0	0	16	0	0	0	19.8	28.5	0	0	22.7	10.0	10-Sep-24 06:36:31.600	
0	0	0	0	1	0	0	12	0	0	0	19.8	28.5	0	0	22.7	10.0	10-Sep-24 06:36:31.644	
0	0	0	0	2	0	0	9	0	0	0	19.8	28.5	0	0	22.7	10.0	10-Sep-24 06:36:31.687	
0	0	0	0	2	0	0	20	0	0	0	19.8	28.5	0	0	22.7	10.0	10-Sep-24 06:36:31.732	
0	0	0	0	3	0	0	10	0	0	0	19.8	28.5	0	0	22.7	10.0	10-Sep-24 06:36:31.776	
0	0	0	0	2	0	0	11	0	0	0	19.8	28.5	0	0	22.7	10.0	10-Sep-24 06:36:31.819	
0	0	0	0	2	0	0	16	0	0	0	19.8	28.5	0	0	22.7	10.0	10-Sep-24 06:36:31.863	
0	0	0	1	1	0	0	16	0	0	0	19.8	28.5	0	0	22.7	10.0	10-Sep-24 06:36:31.966	
0	0	0	1	1	0	0	17	0	0	0	19.8	28.5	0	0	22.7	10.0	10-Sep-24 06:36:32.018	
0	0	0	1	4	0	0	15	0	0	0	19.8	28.5	0	0	22.7	10.0	10-Sep-24 06:36:32.064	
0	0	0	1	1	0	0	18	0	0	0	19.8	28.5	0	0	22.7	10.0	10-Sep-24 06:36:32.107	
0	0	0	1	1	0	0	13	0	0	0	19.8	28.5	0	0	22.7	10.0	10-Sep-24 06:36:32.152	
0	0	0	1	1	0	0	13	0	0	0	19.8	28.5	0	0	22.7	10.0	10-Sep-24 06:36:32.195	
0	0	0	1	0	0	0	18	0	0	0	19.8	28.5	0	0	22.7	10.0	10-Sep-24 06:36:32.239	
0	0	0	1	1	0	0	13	0	0	0	19.8	28.5	0	0	22.7	10.0	10-Sep-24 06:36:32.283	
0	0	0	0	2	0	0	14	0	0	0	19.8	28.5	0	0	22.7	10.0	10-Sep-24 06:36:32.327	
0	0	0	1	1	0	0	24	0	0	0	19.8	28.5	0	0	22.7	10.0	10-Sep-24 06:36:32.371	
0	0	0	1	1	0	0	11	0	0	0	19.8	28.5	0	0	22.7	10.0	10-Sep-24 06:36:32.408	
0	0	0	2	1	0	0	18	0	0	0	19.8	28.5	0	0	22.7	10.0	10-Sep-24 06:36:32.451	
0	0	0	0	1	0	0	9	0	0	0	19.8	28.5	0	0	22.7	10.0	10-Sep-24 06:36:32.504	
0	0	0	1	2	0	0	17	0	0	0	19.8	28.5	0	0	22.7	10.0	10-Sep-24 06:36:32.540	
0	0	0	0	1	0	0	19	0	0	0	19.8	28.5	0	0	22.7	10.0	10-Sep-24 06:36:32.584	
0	0	0	0	1	0	0	13	0	0	0	19.8	28.5	0	0	22.7	10.0	10-Sep-24 06:36:32.627	
0	0	0	0	2	0	0	16	0	0	0	19.8	28.5	0	0	22.7	10.0	10-Sep-24 06:36:32.664	
0	0	0	1	1	0	0	11	0	0	0	19.8	28.5	0	0	22.7	10.0	10-Sep-24 06:36:32.708	
0	0	0	2	1	0	0	12	0	0	0	19.8	28.5	0	0	22.7	10.0	10-Sep-24 06:36:32.751	
0	0	0	0	3	0	0	14	0	0	0	19.8	28.5	0	0	22.7	10.0	10-Sep-24 06:36:32.795	
0	0	0	1	0	0	0	12	0	0	0	19.8	28.5	0	0	22.7	10.0	10-Sep-24 06:36:32.839	
0	0	0	0	2	0	0	12	0	0	0	19.8	28.5	0	0	22.7	10.0	10-Sep-24 06:36:32.883	
0	0	0	0	1	0	0	9	0	0	0	19.8	28.5	0	0	22.7	10.0	10-Sep-24 06:36:32.927	
0	0	0	1	1	0	0	12	0	0	0	19.8	28.5	0	0	22.7	10.0	10-Sep-24 06:36:33.038	
0	0	0	1	1	0	0	23	0	0	0	19.8	28.5	0	0	22.7	10.0	10-Sep-24 06:36:33.083	
0	0	0	0	2	0	0	13	0	0	0	19.8	28.5	0	0	22.7	10.0	10-Sep-24 06:36:33.128	
0	0	0	1	3	0	0	11	0	0	0	19.8	28.5	0	0	22.7	10.0	10-Sep-24 06:36:33.171	
0	0	0	0	1	0	0	11	0	0	0	19.8	28.5	0	0	22.7	10.0	10-Sep-24 06:36:33.216	
0	0	0	0	2	0	0	11	0	0	0	19.8	28.5	0	0	22.7	10.0	10-Sep-24 06:36:33.259	
0	0	0	0	3	0	0	15	0	0	0	19.8	28.5	0	0	22.7	10.0	10-Sep-24 06:36:33.303	
0	0	0	0	1	0	0	17	0	0	0	19.8	28.5	0	0	22.7	10.0	10-Sep-24 06:36:33.347	
0	0	0	1	1	0	0	15	0	0	0	19.8	28.5	0	0	22.7	10.0	10-Sep-24 06:36:33.391	
0	0	0	0	1	0	0	12	0	0	0	19.8	28.5	0	0	22.7	10.0	10-Sep-24 06:36:33.436	
0	0	0	1	1	0	0	20	0	0	0	19.8	28.5	0	0	22.7	10.0	10-Sep-24 06:36:33.479	
0	0	0	1	2	0	0	20	0	0	0	19.8	28.5	0	0	22.7	10.0	10-Sep-24 06:36:33.530	
0	0	0	1	1	0	0	16	0	0	0	19.8	28.5	0	0	22.7	10.0	10-Sep-24 06:36:33.576	
0	0	0	0	2	0	0	9	0	0	0	19.8	28.5	0	0	22.7	10.0	10-Sep-24 06:36:33.619	
0	0	0	0	1	0	0	15	0	0	0	19.8	28.5	0	0	22.7	10.0	10-Sep-24 06:36:33.663	
0	0	0	0	1	0	0	13	0	0	0	19.8	28.5	0	0	22.7	10.0	10-Sep-24 06:36:33.707	
0	0	0	0	1	0	0	13	0	0	0	19.8	28.5	0	0	22.7	10.0	10-Sep-24 06:36:33.751	
0	0	0	0	1	0	0	19	0	0	0	19.8	28.5	0	0	22.7	10.0	10-Sep-24 06:36:33.796	
0	0	0	0	2	0	0	13	0	0	0	19.8	28.5	0	0	22.7	10.0	10-Sep-24 06:36:33.840	
0	0	0	0	2	0	0	12	0	0	0	19.8	28.5	0	0	22.7	10.0	10-Sep-24 06:36:33.883	
0	0	0	1	1	0	0	15	0	0	0	19.8	28.5	0	0	22.7	10.0	10-Sep-24 06:36:33.928	
0	0	0	0	3	0	0	10	0	0	0	19.8	28.5	0	0	22.7	10.0	10-Sep-24 06:36:33.971	
0	0	0	1	1	0	0	11	0	0	0	19.8	28.5	0	0	22.7	10.0	10-Sep-24 06:36:34.020	
0	0	0	0	1	0	0	13	0	0	0	19.8	28.5	0	0	22.7	10.0	10-Sep-24 06:36:34.116	
0	0	0	1	2	0	0	10	0	0	0	19.8	28.5	0	0	22.7	10.0	10-Sep-24 06:36:34.160	
0	0	0	0	1	0	0	13	0	0	0	19.8	28.5	0	0	22.7	10.0	10-Sep-24 06:36:34.203	
0	0	0	1	1	0	0	15	0	0	0	19.8	28.5	0	0	22.7	10.0	10-Sep-24 06:36:34.248	
0	0	0	0	2	0	0	14	0	0	0	19.8	28.5	0	0	22.7	10.0	10-Sep-24 06:36:34.291	
0	0	0	1	1	0	0	10	0	0	0	19.8	28.5	0	0	22.7	10.0	10-Sep-24 06:36:34.335	
0	0	0	1	1	0	0	10	0	0	0	19.8	28.5	0	0	22.7	10.0	10-Sep-24 06:36:34.380	
0	0	0	0	1	0	0	15	0	0	0	19.8	28.5	0	0	22.7	10.0	10-Sep-24 06:36:34.423	
0	0	0	0	2	0	0	12	0	0	0	19.8	28.5	0	0	22.7	10.0	10-Sep-24 06:36:34.468	
0	0	0	0	1	0	0	11	0	0	0	19.8	28.5	0	0	22.7	10.0	10-Sep-24 06:36:34.512	
0	0	0	0	1	0	0	9	0	0	0	19.8	28.5	0	0	22.7	10.0	10-Sep-24 06:36:34.564	
0	0	0	1	0	0	0	14	0	0	0	19.8	28.5	0	0	22.7	10.0	10-Sep-24 06:36:34.608	
0	0	0	1	1	0	0	17	0	0	0	19.8	28.5	0	0	22.7	10.0	10-Sep-24 06:36:34.651	
0	0	0	1	2	0	0	14	0	0	0	19.8	28.5	0	0	22.7	10.0	10-Sep-24 06:36:34.695	
0	0	0	0	2	0	0	14	0	0	0	19.8	28.5	0	0	22.7	10.0	10-Sep-24 06:36:34.739	
0	0	0	0	0	0	0	7	0	0	0	19.8	28.5	0	0	22.7	10.0	10-Sep-24 06:36:34.784	
0	0	0	0	1	0	0	14	0	0	0	19.8	28.5	0	0	22.7	10.0	10-Sep-24 06:36:34.827	
0	0	0	0	1	0	0	12	0	0	0	19.8	28.5	0	0	22.7	10.0	10-Sep-24 06:36:34.872	
0	0	0	0	1	0	0	16	0	0	0	19.8	28.5	0	0	22.7	10.0	10-Sep-24 06:36:34.915	
0	0	0	1	0	0	0	20	0	0	0	19.8	28.5	0	0	22.7	10.0	10-Sep-24 06:36:34.960	
0	0	0	0	2	0	0	12	0	0	0	19.8	28.5	0	0	22.7	10.0	10-Sep-24 06:36:35.004	
0	0	0	1	2	0	0	19	0	0	0	19.8	28.5	0	0	22.7	10.0	10-Sep-24 06:36:35.056	
0	0	0	0	1	0	0	17	0	0	0	19.8	28.5	0	0	22.7	10.0	10-Sep-24 06:36:35.100	
0	0	0	1	2	0	0	16	0	0	0	19.8	28.5	0	0	22.7	10.0	10-Sep-24 06:36:35.202	
0	0	0	1	3	0	0	17	0	0	0	19.8	28.5	0	0	22.7	10.0	10-Sep-24 06:36:35.247	
0	0	0	1	1	0	0	15	0	0	0	19.8	28.5	0	0	22.7	10.0	10-Sep-24 06:36:35.292	
0	0	0	1	2	0	0	15	0	0	0	19.8	28.5	0	0	22.7	10.0	10-Sep-24 06:36:35.335	
0	0	0	0	1	0	0	16	0	0	0	19.8	28.5	0	0	22.7	10.0	10-Sep-24 06:36:35.380	
0	0	0	1	1	0	0	21	0	0	0	19.8	28.5	0	0	22.7	10.0	10-Sep-24 06:36:35.424	
0	0	0	0	2	0	0	11	0	0	0	19.8	28.5	0	0	22.7	10.0	10-Sep-24 06:36:35.467	
0	0	0	0	2	0	0	13	0	0	0	19.8	28.5	0	0	22.7	10.0	10-Sep-24 06:36:35.512	
0	0	0	0	2	0	0	14	0	0	0	19.8	28.5	0	0	22.7	10.0	10-Sep-24 06:36:35.561	
0	0	0	0	1	0	0	8	0	0	0	19.8	28.5	0	0	22.7	10.0	10-Sep-24 06:36:35.607	
0	0	0	0	1	0	0	11	0	0	0	19.8	28.5	0	0	22.7	10.0	10-Sep-24 06:36:35.652	
0	0	0	1	1	0	0	6	0	0	0	19.8	28.5	0	0	22.7	10.0	10-Sep-24 06:36:35.695	
0	0	0	0	1	0	0	20	0	0	0	19.8	28.5	0	0	22.7	10.0	10-Sep-24 06:36:35.739	
0	0	0	1	1	0	0	21	0	0	0	19.8	28.5	0	0	22.7	10.0	10-Sep-24 06:36:35.784	
0	0	0	0	1	0	0	19	0	0	0	19.8	28.5	0	0	22.7	10.0	10-Sep-24 06:36:35.828	
0	0	0	1	2	0	0	19	0	0	0	19.8	28.5	0	0	22.7	10.0	10-Sep-24 06:36:35.902	
0	0	0	2	2	0	0	13	0	0	0	19.8	28.5	0	0	22.7	10.0	10-Sep-24 06:36:35.980	
0	0	0	1	2	0	0	19	0	0	0	19.8	28.5	0	0	22.7	10.0	10-Sep-24 06:36:36.057	
0	0	0	0	4	0	0	15	0	0	0	19.8	28.5	0	0	22.7	10.0	10-Sep-24 06:36:36.113	
0	0	0	0	2	0	0	11	0	0	0	19.8	28.5	0	0	22.7	10.0	10-Sep-24 06:36:36.156	
0	0	0	1	1	0	0	10	0	0	0	19.8	28.5	0	0	22.7	10.0	10-Sep-24 06:36:36.259	
0	0	0	2	1	0	0	14	0	0	0	19.8	28.5	0	0	22.7	10.0	10-Sep-24 06:36:36.303	
0	0	0	1	2	0	0	16	0	0	0	19.8	28.5	0	0	22.7	10.0	10-Sep-24 06:36:36.348	
0	0	0	0	1	0	0	18	0	0	0	19.8	28.5	0	0	22.7	10.0	10-Sep-24 06:36:36.391	
0	0	0	0	1	0	0	10	0	0	0	19.8	28.5	0	0	22.7	10.0	10-Sep-24 06:36:36.436	
0	0	0	2	1	0	0	20	0	0	0	19.8	28.5	0	0	22.7	10.0	10-Sep-24 06:36:36.480	
0	0	0	0	1	0	0	13	0	0	0	19.8	28.5	0	0	22.7	10.0	10-Sep-24 06:36:36.523	
0	0	0	0	1	0	0	13	0	0	0	19.8	28.5	0	0	22.7	10.0	10-Sep-24 06:36:36.568	
0	0	0	2	1	0	0	15	0	0	0	19.8	28.5	0	0	22.7	10.0	10-Sep-24 06:36:36.620	
0	0	0	0	1	0	0	14	0	0	0	19.8	28.5	0	0	22.7	10.0	10-Sep-24 06:36:36.665	
0	0	0	1	2	0	0	14	0	0	0	19.8	28.5	0	0	22.7	10.0	10-Sep-24 06:36:36.707	
0	0	0	1	1	0	0	16	0	0	0	19.8	28.5	0	0	22.7	10.0	10-Sep-24 06:36:36.751	
0	0	0	0	2	0	0	18	0	0	0	19.8	28.5	0	0	22.7	10.0	10-Sep-24 06:36:36.796	
0	0	0	0	2	0	0	21	0	0	0	19.8	28.5	0	0	22.7	10.0	10-Sep-24 06:36:36.839	
0	0	0	0	1	0	0	18	0	0	0	19.8	28.5	0	0	22.7	10.0	10-Sep-24 06:36:36.884	
0	0	0	1	1	0	0	9	0	0	0	19.8	28.5	0	0	22.7	10.0	10-Sep-24 06:36:36.927	
0	0	0	0	0	0	0	12	0	0	0	19.8	28.5	0	0	22.7	10.0	10-Sep-24 06:36:36.971	
0	0	0	1	5	0	0	17	0	0	0	19.8	28.5	0	0	22.7	10.0	10-Sep-24 06:36:37.016	
0	0	0	0	1	0	0	14	0	0	0	19.8	28.5	0	0	22.7	10.0	10-Sep-24 06:36:37.059	
0	0	0	2	1	0	0	23	0	0	0	19.8	28.5	0	0	22.7	10.0	10-Sep-24 06:36:37.110	
0	0	0	1	1	0	0	13	0	0	0	19.8	28.5	0	0	22.7	10.0	10-Sep-24 06:36:37.155	
0	0	0	0	2	0	0	15	0	0	0	19.8	28.5	0	0	22.7	10.0	10-Sep-24 06:36:37.200	
0	0	0	1	1	0	0	10	0	0	0	19.8	28.5	0	0	22.7	10.0	10-Sep-24 06:36:37.243	
0	0	0	1	1	0	0	12	0	0	0	19.8	28.5	0	0	22.7	10.0	10-Sep-24 06:36:37.345	
0	0	0	1	1	0	0	8	0	0	0	19.8	28.5	0	0	22.7	10.0	10-Sep-24 06:36:37.391	
0	0	0	1	1	0	0	14	0	0	0	19.8	28.5	0	0	22.7	10.0	10-Sep-24 06:36:37.436	
0	0	0	1	1	0	0	17	0	0	0	19.8	28.5	0	0	22.7	10.0	10-Sep-24 06:36:37.479	
0	0	0	1	1	0	0	11	0	0	0	19.8	28.5	0	0	22.7	10.0	10-Sep-24 06:36:37.523	
0	0	0	0	2	0	0	16	0	0	0	19.8	28.5	0	0	22.7	10.0	10-Sep-24 06:36:37.568	
0	0	0	1	1	0	0	16	0	0	0	19.8	28.5	0	0	22.7	10.0	10-Sep-24 06:36:37.619	
0	0	0	1	3	0	0	15	0	0	0	19.8	28.5	0	0	22.7	10.0	10-Sep-24 06:36:37.664	
0	0	0	0	1	0	0	13	0	0	0	19.8	28.5	0	0	22.7	10.0	10-Sep-24 06:36:37.707	
0	0	0	1	1	0	0	16	0	0	0	19.8	28.5	0	0	22.7	10.0	10-Sep-24 06:36:37.751	
0	0	0	1	2	0	0	10	0	0	0	19.8	28.5	0	0	22.7	10.0	10-Sep-24 06:36:37.796	
0	0	0	0	3	0	0	9	0	0	0	19.8	28.5	0	0	22.7	10.0	10-Sep-24 06:36:37.840	
0	0	0	0	1	0	0	17	0	0	0	19.8	28.5	0	0	22.7	10.0	10-Sep-24 06:36:37.883	
0	0	0	1	2	0	0	17	0	0	0	19.8	28.5	0	0	22.7	10.0	10-Sep-24 06:36:37.927	
0	0	0	1	2	0	0	12	0	0	0	19.8	28.5	0	0	22.7	10.0	10-Sep-24 06:36:37.971	
0	0	0	1	2	0	0	11	0	0	0	19.8	28.5	0	0	22.7	10.0	10-Sep-24 06:36:38.015	
0	0	0	0	1	0	0	14	0	0	0	19.8	28.5	0	0	22.7	10.0	10-Sep-24 06:36:38.060	
0	0	0	0	1	0	0	14	0	0	0	19.8	28.5	0	0	22.7	10.0	10-Sep-24 06:36:38.108	
0	0	0	0	4	0	0	17	0	0	0	19.8	28.5	0	0	22.7	10.0	10-Sep-24 06:36:38.156	
0	0	0	0	1	0	0	12	0	0	0	19.8	28.5	0	0	22.7	10.0	10-Sep-24 06:36:38.199	
0	0	0	1	4	0	0	16	0	0	0	19.8	28.5	0	0	22.7	10.0	10-Sep-24 06:36:38.244	
0	0	0	1	1	0	0	10	0	0	0	19.8	28.5	0	0	22.7	10.0	10-Sep-24 06:36:38.287	
0	0	0	0	2	0	0	23	0	0	0	19.8	28.5	0	0	22.7	10.0	10-Sep-24 06:36:38.331	
0	0	0	1	3	0	0	14	0	0	0	19.8	28.5	0	0	22.7	10.0	10-Sep-24 06:36:38.434	
0	0	0	2	1	0	0	19	0	0	0	19.8	28.5	0	0	22.7	10.0	10-Sep-24 06:36:38.479	
0	0	0	1	3	0	0	12	0	0	0	19.8	28.5	0	0	22.7	10.0	10-Sep-24 06:36:38.523	
0	0	0	1	1	0	0	11	0	0	0	19.8	28.5	0	0	22.7	10.0	10-Sep-24 06:36:38.568	
0	0	0	0	1	0	0	19	0	0	0	19.8	28.5	0	0	22.7	10.0	10-Sep-24 06:36:38.618	
0	0	0	0	1	0	0	14	0	0	0	19.8	28.5	0	0	22.7	10.0	10-Sep-24 06:36:38.664	
0	0	0	1	1	0	0	11	0	0	0	19.8	28.5	0	0	22.7	10.0	10-Sep-24 06:36:38.707	
0	0	0	0	2	0	0	7	0	0	0	19.8	28.5	0	0	22.7	10.0	10-Sep-24 06:36:38.751	
0	0	0	1	1	0	0	12	0	0	0	19.8	28.5	0	0	22.7	10.0	10-Sep-24 06:36:38.796	
0	0	0	1	1	0	0	18	0	0	0	19.8	28.5	0	0	22.7	10.0	10-Sep-24 06:36:38.839	
0	0	0	0	1	0	0	16	0	0	0	19.8	28.5	0	0	22.7	10.0	10-Sep-24 06:36:38.883	
0	0	0	1	1	0	0	13	0	0	0	19.8	28.5	0	0	22.7	10.0	10-Sep-24 06:36:38.927	
0	0	0	0	1	0	0	10	0	0	0	19.8	28.5	0	0	22.7	10.0	10-Sep-24 06:36:38.971	
0	0	0	1	1	0	0	11	0	0	0	19.8	28.5	0	0	22.7	10.0	10-Sep-24 06:36:39.016	
0	0	0	1	2	0	0	13	0	0	0	19.8	28.5	0	0	22.7	10.0	10-Sep-24 06:36:39.059	
0	0	0	0	3	0	0	13	0	0	0	19.8	28.5	0	0	22.7	10.0	10-Sep-24 06:36:39.103	
0	0	0	0	2	0	0	15	0	0	0	19.8	28.5	0	0	22.7	10.0	10-Sep-24 06:36:39.155	
0	0	0	0	2	0	0	17	0	0	0	19.8	28.5	0	0	22.7	10.0	10-Sep-24 06:36:39.200	
0	0	0	0	2	0	0	12	0	0	0	19.8	28.5	0	0	22.7	10.0	10-Sep-24 06:36:39.243	
0	0	0	1	1	0	0	13	0	0	0	19.8	28.5	0	0	22.7	10.0	10-Sep-24 06:36:39.287	
0	0	0	0	2	0	0	15	0	0	0	19.8	28.5	0	0	22.7	10.0	10-Sep-24 06:36:39.331	
0	0	0	0	1	0	0	8	0	0	0	19.8	28.5	0	0	22.7	10.0	10-Sep-24 06:36:39.375	
0	0	0	0	2	0	0	11	0	0	0	19.8	28.5	0	0	22.7	10.0	10-Sep-24 06:36:39.420	
0	0	0	1	1	0	0	13	0	0	0	19.8	28.5	0	0	22.7	10.0	10-Sep-24 06:36:39.512	
0	0	0	1	2	0	0	20	0	0	0	19.8	28.5	0	0	22.7	10.0	10-Sep-24 06:36:39.560	
0	0	0	1	1	0	0	15	0	0	0	19.8	28.5	0	0	22.7	10.0	10-Sep-24 06:36:39.603	
0	0	0	1	1	0	0	17	0	0	0	19.8	28.5	0	0	22.7	10.0	10-Sep-24 06:36:39.650	
0	0	0	1	1	0	0	13	0	0	0	19.8	28.5	0	0	22.7	10.0	10-Sep-24 06:36:39.696	
0	0	0	1	1	0	0	12	0	0	0	19.8	28.5	0	0	22.7	10.0	10-Sep-24 06:36:39.739	
0	0	0	0	1	0	0	11	0	0	0	19.8	28.5	0	0	22.7	10.0	10-Sep-24 06:36:39.783	
0	0	0	0	1	0	0	15	0	0	0	19.8	28.5	0	0	22.7	10.0	10-Sep-24 06:36:39.828	
0	0	0	0	1	0	0	16	0	0	0	19.8	28.5	0	0	22.7	10.0	10-Sep-24 06:36:39.872	
0	0	0	1	1	0	0	6	0	0	0	19.8	28.5	0	0	22.7	10.0	10-Sep-24 06:36:39.915	
0	0	0	2	1	0	0	17	0	0	0	19.8	28.5	0	0	22.7	10.0	10-Sep-24 06:36:39.959	
0	0	0	0	1	0	0	16	0	0	0	19.8	28.5	0	0	22.7	10.0	10-Sep-24 06:36:40.003	
0	0	0	0	1	0	0	10	0	0	0	19.8	28.5	0	0	22.7	10.0	10-Sep-24 06:36:40.047	
0	0	0	0	1	0	0	12	0	0	0	19.8	28.5	0	0	22.7	10.0	10-Sep-24 06:36:40.091	
0	0	0	1	1	0	0	10	0	0	0	19.8	28.5	0	0	22.7	10.0	10-Sep-24 06:36:40.135	
0	0	0	0	1	0	0	12	0	0	0	19.8	28.5	0	0	22.7	10.0	10-Sep-24 06:36:40.187	
0	0	0	0	1	0	0	12	0	0	0	19.8	28.5	0	0	22.7	10.0	10-Sep-24 06:36:40.229	
0	0	0	0	1	0	0	11	0	0	0	19.8	28.5	0	0	22.7	10.0	10-Sep-24 06:36:40.272	
0	0	0	1	1	0	0	20	0	0	0	19.8	28.5	0	0	22.7	10.0	10-Sep-24 06:36:40.316	
0	0	0	1	1	0	0	8	0	0	0	19.8	28.5	0	0	22.7	10.0	10-Sep-24 06:36:40.359	
0	0	0	1	2	0	0	21	0	0	0	19.8	28.5	0	0	22.7	10.0	10-Sep-24 06:36:40.403	
0	0	0	1	1	0	0	11	0	0	0	19.8	28.5	0	0	22.7	10.0	10-Sep-24 06:36:40.447	
0	0	0	1	2	0	0	20	0	0	0	19.8	28.5	0	0	22.7	10.0	10-Sep-24 06:36:40.492	
0	0	0	1	1	0	0	19	0	0	0	19.8	28.5	0	0	22.7	10.0	10-Sep-24 06:36:40.596	
0	0	0	0	3	0	0	17	0	0	0	19.8	28.5	0	0	22.7	10.0	10-Sep-24 06:36:40.634	
0	0	0	0	2	0	0	13	0	0	0	19.8	28.5	0	0	22.7	10.0	10-Sep-24 06:36:40.688	
0	0	0	1	1	0	0	15	0	0	0	19.8	28.5	0	0	22.7	10.0	10-Sep-24 06:36:40.732	
0	0	0	0	1	0	0	15	0	0	0	19.8	28.5	0	0	22.7	10.0	10-Sep-24 06:36:40.775	
0	0	0	0	1	0	0	12	0	0	0	19.8	28.5	0	0	22.7	10.0	10-Sep-24 06:36:40.820	
0	0	0	1	2	0	0	10	0	0	0	19.8	28.5	0	0	22.7	10.0	10-Sep-24 06:36:40.863	
0	0	0	0	1	0	0	16	0	0	0	19.8	28.5	0	0	22.7	10.0	10-Sep-24 06:36:40.908	
0	0	0	1	1	0	0	10	0	0	0	19.8	28.5	0	0	22.7	10.0	10-Sep-24 06:36:40.952	
0	0	0	0	1	0	0	16	0	0	0	19.8	28.5	0	0	22.7	10.0	10-Sep-24 06:36:40.995	
0	0	0	1	3	0	0	13	0	0	0	19.8	28.5	0	0	22.7	10.0	10-Sep-24 06:36:41.039	
0	0	0	0	0	0	0	16	0	0	0	19.8	28.5	0	0	22.7	10.0	10-Sep-24 06:36:41.083	
0	0	0	0	1	0	0	21	0	0	0	19.8	28.5	0	0	22.7	10.0	10-Sep-24 06:36:41.152	
0	0	0	1	1	0	0	9	0	0	0	19.8	28.5	0	0	22.7	10.0	10-Sep-24 06:36:41.246	
0	0	0	1	4	0	0	12	0	0	0	19.8	28.5	0	0	22.7	10.0	10-Sep-24 06:36:41.324	
0	0	0	0	1	0	0	17	0	0	0	19.8	28.5	0	0	22.7	10.0	10-Sep-24 06:36:41.368	
0	0	0	0	1	0	0	21	0	0	0	19.8	28.5	0	0	22.7	10.0	10-Sep-24 06:36:41.411	
0	0	0	0	0	0	0	22	0	0	0	19.8	28.5	0	0	22.7	10.0	10-Sep-24 06:36:41.456	
0	0	0	1	1	0	0	11	0	0	0	19.8	28.5	0	0	22.7	10.0	10-Sep-24 06:36:41.499	
0	0	0	0	2	0	0	13	0	0	0	19.8	28.5	0	0	22.7	10.0	10-Sep-24 06:36:41.544	
0	0	0	0	1	0	0	11	0	0	0	19.8	28.5	0	0	22.7	10.0	10-Sep-24 06:36:41.646	
0	0	0	1	2	0	0	13	0	0	0	19.8	28.5	0	0	22.7	10.0	10-Sep-24 06:36:41.699	
0	0	0	0	1	0	0	8	0	0	0	19.8	28.5	0	0	22.7	10.0	10-Sep-24 06:36:41.744	
0	0	0	0	1	0	0	16	0	0	0	19.8	28.5	0	0	22.7	10.0	10-Sep-24 06:36:41.788	
0	0	0	1	1	0	0	12	0	0	0	19.8	28.5	0	0	22.7	10.0	10-Sep-24 06:36:41.832	
0	0	0	1	1	0	0	16	0	0	0	19.8	28.5	0	0	22.7	10.0	10-Sep-24 06:36:41.876	
0	0	0	0	3	0	0	27	0	0	0	19.8	28.5	0	0	22.7	10.0	10-Sep-24 06:36:41.912	
0	0	0	1	2	0	0	14	0	0	0	19.8	28.5	0	0	22.7	10.0	10-Sep-24 06:36:41.956	
0	0	0	0	2	0	0	14	0	0	0	19.8	28.5	0	0	22.7	10.0	10-Sep-24 06:36:42.000	
0	0	0	1	4	0	0	11	0	0	0	19.8	28.5	0	0	22.7	10.0	10-Sep-24 06:36:42.043	
0	0	0	1	0	0	0	10	0	0	0	19.8	28.5	0	0	22.7	10.0	10-Sep-24 06:36:42.087	
0	0	0	0	2	0	0	18	0	0	0	19.8	28.5	0	0	22.7	10.0	10-Sep-24 06:36:42.131	
0	0	0	1	2	0	0	14	0	0	0	19.8	28.5	0	0	22.7	10.0	10-Sep-24 06:36:42.175	
0	0	0	0	1	0	0	12	0	0	0	19.8	28.5	0	0	22.7	10.0	10-Sep-24 06:36:42.223	
0	0	0	1	0	0	0	11	0	0	0	19.8	28.5	0	0	22.7	10.0	10-Sep-24 06:36:42.269	
0	0	0	1	1	0	0	8	0	0	0	19.8	28.5	0	0	22.7	10.0	10-Sep-24 06:36:42.311	
0	0	0	1	1	0	0	13	0	0	0	19.8	28.5	0	0	22.7	10.0	10-Sep-24 06:36:42.356	
0	0	0	0	1	0	0	13	0	0	0	19.8	28.5	0	0	22.7	10.0	10-Sep-24 06:36:42.400	
0	0	0	0	0	0	0	19	0	0	0	19.8	28.5	0	0	22.7	10.0	10-Sep-24 06:36:42.436	
0	0	0	0	2	0	0	12	0	0	0	19.8	28.5	0	0	22.7	10.0	10-Sep-24 06:36:42.480	
0	0	0	1	2	0	0	17	0	0	0	19.8	28.5	0	0	22.7	10.0	10-Sep-24 06:36:42.523	
0	0	0	0	1	0	0	10	0	0	0	19.8	28.5	0	0	22.7	10.0	10-Sep-24 06:36:42.568	
0	0	0	0	2	0	0	17	0	0	0	19.8	28.5	0	0	22.7	10.0	10-Sep-24 06:36:42.612	
0	0	0	0	1	0	0	16	0	0	0	19.8	28.5	0	0	22.7	10.0	10-Sep-24 06:36:42.703	
0	0	0	1	1	0	0	16	0	0	0	19.8	28.5	0	0	22.7	10.0	10-Sep-24 06:36:42.746	
0	0	0	1	2	0	0	10	0	0	0	19.8	28.5	0	0	22.7	10.0	10-Sep-24 06:36:42.783	
0	0	0	1	1	0	0	9	0	0	0	19.8	28.5	0	0	22.7	10.0	10-Sep-24 06:36:42.827	
0	0	0	1	2	0	0	13	0	0	0	19.8	28.5	0	0	22.7	10.0	10-Sep-24 06:36:42.872	
0	0	0	0	2	0	0	14	0	0	0	19.8	28.5	0	0	22.7	10.0	10-Sep-24 06:36:42.915	
0	0	0	1	3	0	0	13	0	0	0	19.8	28.5	0	0	22.7	10.0	10-Sep-24 06:36:42.959	
0	0	0	0	1	0	0	13	0	0	0	19.8	28.5	0	0	22.7	10.0	10-Sep-24 06:36:43.003	
0	0	0	1	1	0	0	14	0	0	0	19.8	28.5	0	0	22.7	10.0	10-Sep-24 06:36:43.047	
0	0	0	0	2	0	0	19	0	0	0	19.8	28.5	0	0	22.7	10.0	10-Sep-24 06:36:43.092	
0	0	0	1	2	0	0	14	0	0	0	19.8	28.5	0	0	22.7	10.0	10-Sep-24 06:36:43.135	
0	0	0	0	2	0	0	16	0	0	0	19.8	28.5	0	0	22.7	10.0	10-Sep-24 06:36:43.179	
0	0	0	1	1	0	0	12	0	0	0	19.8	28.5	0	0	22.7	10.0	10-Sep-24 06:36:43.231	
0	0	0	1	2	0	0	8	0	0	0	19.8	28.5	0	0	22.7	10.0	10-Sep-24 06:36:43.276	
0	0	0	0	1	0	0	8	0	0	0	19.8	28.5	0	0	22.7	10.0	10-Sep-24 06:36:43.319	
0	0	0	0	1	0	0	15	0	0	0	19.8	28.5	0	0	22.7	10.0	10-Sep-24 06:36:43.363	
0	0	0	1	2	0	0	15	0	0	0	19.8	28.5	0	0	22.7	10.0	10-Sep-24 06:36:43.408	
0	0	0	1	1	0	0	18	0	0	0	19.8	28.5	0	0	22.7	10.0	10-Sep-24 06:36:43.451	
0	0	0	0	1	0	0	16	0	0	0	19.8	28.5	0	0	22.7	10.0	10-Sep-24 06:36:43.495	
0	0	0	0	1	0	0	11	0	0	0	19.8	28.5	0	0	22.7	10.0	10-Sep-24 06:36:43.539	
0	0	0	0	3	0	0	21	0	0	0	19.8	28.5	0	0	22.7	10.0	10-Sep-24 06:36:43.583	
0	0	0	1	1	0	0	19	0	0	0	19.8	28.5	0	0	22.7	10.0	10-Sep-24 06:36:43.628	
0	0	0	1	2	0	0	17	0	0	0	19.8	28.5	0	0	22.7	10.0	10-Sep-24 06:36:43.671	
0	0	0	1	2	0	0	15	0	0	0	19.8	28.5	0	0	22.7	10.0	10-Sep-24 06:36:43.773	
0	0	0	0	3	0	0	8	0	0	0	19.8	28.5	0	0	22.7	10.0	10-Sep-24 06:36:43.820	
0	0	0	1	1	0	0	19	0	0	0	19.8	28.5	0	0	22.7	10.0	10-Sep-24 06:36:43.864	
0	0	0	1	3	0	0	23	0	0	0	19.8	28.5	0	0	22.7	10.0	10-Sep-24 06:36:43.907	
0	0	0	1	2	0	0	12	0	0	0	19.8	28.5	0	0	22.7	10.0	10-Sep-24 06:36:43.952	
0	0	0	0	2	0	0	15	0	0	0	19.8	28.5	0	0	22.7	10.0	10-Sep-24 06:36:43.996	
0	0	0	1	0	0	0	11	0	0	0	19.8	28.5	0	0	22.7	10.0	10-Sep-24 06:36:44.040	
0	0	0	1	1	0	0	14	0	0	0	19.8	28.5	0	0	22.7	10.0	10-Sep-24 06:36:44.083	
0	0	0	0	1	0	0	15	0	0	0	19.8	28.5	0	0	22.7	10.0	10-Sep-24 06:36:44.128	
0	0	0	0	1	0	0	13	0	0	0	19.8	28.5	0	0	22.7	10.0	10-Sep-24 06:36:44.172	
0	0	0	1	1	0	0	8	0	0	0	19.8	28.5	0	0	22.7	10.0	10-Sep-24 06:36:44.215	
0	0	0	0	2	0	0	19	0	0	0	19.8	28.5	0	0	22.7	10.0	10-Sep-24 06:36:44.267	
0	0	0	1	2	0	0	19	0	0	0	19.8	28.5	0	0	22.7	10.0	10-Sep-24 06:36:44.312	
0	0	0	1	2	0	0	21	0	0	0	19.8	28.5	0	0	22.7	10.0	10-Sep-24 06:36:44.355	
0	0	0	0	2	0	0	10	0	0	0	19.8	28.5	0	0	22.7	10.0	10-Sep-24 06:36:44.399	
0	0	0	0	1	0	0	18	0	0	0	19.8	28.5	0	0	22.7	10.0	10-Sep-24 06:36:44.444	
0	0	0	0	1	0	0	14	0	0	0	19.8	28.5	0	0	22.7	10.0	10-Sep-24 06:36:44.488	
0	0	0	0	2	0	0	11	0	0	0	19.8	28.5	0	0	22.7	10.0	10-Sep-24 06:36:44.531	
0	0	0	1	2	0	0	8	0	0	0	19.8	28.5	0	0	22.7	10.0	10-Sep-24 06:36:44.575	
0	0	0	0	0	0	0	12	0	0	0	19.8	28.5	0	0	22.7	10.0	10-Sep-24 06:36:44.619	
0	0	0	0	1	0	0	10	0	0	0	19.8	28.5	0	0	22.7	10.0	10-Sep-24 06:36:44.664	
0	0	0	0	1	0	0	8	0	0	0	19.8	28.5	0	0	22.7	10.0	10-Sep-24 06:36:44.707	
0	0	0	1	2	0	0	18	0	0	0	19.8	28.5	0	0	22.7	10.0	10-Sep-24 06:36:44.757	
0	0	0	1	4	0	0	11	0	0	0	19.8	28.5	0	0	22.7	10.0	10-Sep-24 06:36:44.863	
0	0	0	1	2	0	0	20	0	0	0	19.8	28.5	0	0	22.7	10.0	10-Sep-24 06:36:44.908	
0	0	0	2	2	0	0	13	0	0	0	19.8	28.5	0	0	22.7	10.0	10-Sep-24 06:36:44.951	
0	0	0	0	1	0	0	12	0	0	0	19.8	28.5	0	0	22.7	10.0	10-Sep-24 06:36:44.995	
0	0	0	1	0	0	0	13	0	0	0	19.8	28.5	0	0	22.7	10.0	10-Sep-24 06:36:45.039	
0	0	0	0	1	0	0	14	0	0	0	19.8	28.5	0	0	22.7	10.0	10-Sep-24 06:36:45.083	
0	0	0	1	1	0	0	15	0	0	0	19.8	28.5	0	0	22.7	10.0	10-Sep-24 06:36:45.128	
0	0	0	1	2	0	0	14	0	0	0	19.8	28.5	0	0	22.7	10.0	10-Sep-24 06:36:45.171	
0	0	0	1	1	0	0	10	0	0	0	19.8	28.5	0	0	22.7	10.0	10-Sep-24 06:36:45.216	
0	0	0	2	1	0	0	13	0	0	0	19.8	28.5	0	0	22.7	10.0	10-Sep-24 06:36:45.260	
0	0	0	1	2	0	0	8	0	0	0	19.8	28.5	0	0	22.7	10.0	10-Sep-24 06:36:45.311	
0	0	0	1	1	0	0	12	0	0	0	19.8	28.5	0	0	22.7	10.0	10-Sep-24 06:36:45.356	
0	0	0	0	1	0	0	9	0	0	0	19.8	28.5	0	0	22.7	10.0	10-Sep-24 06:36:45.399	
0	0	0	1	1	0	0	16	0	0	0	19.8	28.5	0	0	22.7	10.0	10-Sep-24 06:36:45.444	
0	0	0	0	1	0	0	16	0	0	0	19.8	28.5	0	0	22.7	10.0	10-Sep-24 06:36:45.488	
0	0	0	0	3	0	0	16	0	0	0	19.8	28.5	0	0	22.7	10.0	10-Sep-24 06:36:45.531	
0	0	0	0	2	0	0	9	0	0	0	19.8	28.5	0	0	22.7	10.0	10-Sep-24 06:36:45.575	
0	0	0	1	1	0	0	16	0	0	0	19.8	28.5	0	0	22.7	10.0	10-Sep-24 06:36:45.620	
0	0	0	0	3	0	0	13	0	0	0	19.8	28.5	0	0	22.7	10.0	10-Sep-24 06:36:45.664	
0	0	0	0	2	0	0	9	0	0	0	19.8	28.5	0	0	22.7	10.0	10-Sep-24 06:36:45.707	
0	0	0	0	1	0	0	20	0	0	0	19.8	28.5	0	0	22.7	10.0	10-Sep-24 06:36:45.752	
0	0	0	0	1	0	0	12	0	0	0	19.8	28.5	0	0	22.7	10.0	10-Sep-24 06:36:45.792	
0	0	0	0	1	0	0	17	0	0	0	19.8	28.5	0	0	22.7	10.0	10-Sep-24 06:36:45.836	
0	0	0	1	1	0	0	7	0	0	0	19.8	28.5	0	0	22.7	10.0	10-Sep-24 06:36:45.938	
0	0	0	1	1	0	0	21	0	0	0	19.8	28.5	0	0	22.7	10.0	10-Sep-24 06:36:45.984	
0	0	0	1	1	0	0	20	0	0	0	19.8	28.5	0	0	22.7	10.0	10-Sep-24 06:36:46.027	
0	0	0	0	2	0	0	10	0	0	0	19.8	28.5	0	0	22.7	10.0	10-Sep-24 06:36:46.072	
0	0	0	1	2	0	0	15	0	0	0	19.8	28.5	0	0	22.7	10.0	10-Sep-24 06:36:46.116	
0	0	0	0	1	0	0	9	0	0	0	19.8	28.5	0	0	22.7	10.0	10-Sep-24 06:36:46.159	
0	0	0	0	0	0	0	12	0	0	0	19.8	28.5	0	0	22.7	10.0	10-Sep-24 06:36:46.203	
0	0	0	0	1	0	0	15	0	0	0	19.8	28.5	0	0	22.7	10.0	10-Sep-24 06:36:46.247	
0	0	0	0	2	0	0	15	0	0	0	19.8	28.5	0	0	22.7	10.0	10-Sep-24 06:36:46.292	
0	0	0	0	1	0	0	10	0	0	0	19.8	28.5	0	0	22.7	10.0	10-Sep-24 06:36:46.375	
0	0	0	1	1	0	0	8	0	0	0	19.8	28.5	0	0	22.7	10.0	10-Sep-24 06:36:46.463	
0	0	0	1	2	0	0	19	0	0	0	19.8	28.5	0	0	22.7	10.0	10-Sep-24 06:36:46.536	
0	0	0	0	2	0	0	15	0	0	0	19.8	28.5	0	0	22.7	10.0	10-Sep-24 06:36:46.581	
0	0	0	0	2	0	0	13	0	0	0	19.8	28.5	0	0	22.7	10.0	10-Sep-24 06:36:46.624	
0	0	0	0	1	0	0	16	0	0	0	19.8	28.5	0	0	22.7	10.0	10-Sep-24 06:36:46.667	
0	0	0	0	1	0	0	13	0	0	0	19.8	28.5	0	0	22.7	10.0	10-Sep-24 06:36:46.712	
0	0	0	0	2	0	0	14	0	0	0	19.8	28.5	0	0	22.7	10.0	10-Sep-24 06:36:46.756	
0	0	0	0	2	0	0	18	0	0	0	19.8	28.5	0	0	22.7	10.0	10-Sep-24 06:36:46.808	
0	0	0	1	1	0	0	18	0	0	0	19.8	28.5	0	0	22.7	10.0	10-Sep-24 06:36:46.852	
0	0	0	1	1	0	0	14	0	0	0	19.8	28.5	0	0	22.7	10.0	10-Sep-24 06:36:46.895	
0	0	0	1	1	0	0	21	0	0	0	19.8	28.5	0	0	22.7	10.0	10-Sep-24 06:36:46.999	
0	0	0	1	1	0	0	11	0	0	0	19.8	28.5	0	0	22.7	10.0	10-Sep-24 06:36:47.044	
0	0	0	0	2	0	0	16	0	0	0	19.8	28.5	0	0	22.7	10.0	10-Sep-24 06:36:47.087	
0	0	0	0	2	0	0	26	0	0	0	19.8	28.5	0	0	22.7	10.0	10-Sep-24 06:36:47.132	
0	0	0	0	2	0	0	18	0	0	0	19.8	28.5	0	0	22.7	10.0	10-Sep-24 06:36:47.175	
0	0	0	2	3	0	0	10	0	0	0	19.8	28.5	0	0	22.7	10.0	10-Sep-24 06:36:47.219	
0	0	0	0	1	0	0	17	0	0	0	19.8	28.5	0	0	22.7	10.0	10-Sep-24 06:36:47.263	
0	0	0	1	1	0	0	13	0	0	0	19.8	28.5	0	0	22.7	10.0	10-Sep-24 06:36:47.307	
0	0	0	0	1	0	0	19	0	0	0	19.8	28.5	0	0	22.7	10.0	10-Sep-24 06:36:47.356	
0	0	0	1	1	0	0	15	0	0	0	19.8	28.5	0	0	22.7	10.0	10-Sep-24 06:36:47.402	
0	0	0	0	1	0	0	15	0	0	0	19.8	28.5	0	0	22.7	10.0	10-Sep-24 06:36:47.439	
0	0	0	0	2	0	0	14	0	0	0	19.8	28.5	0	0	22.7	10.0	10-Sep-24 06:36:47.483	
0	0	0	0	1	0	0	21	0	0	0	19.8	28.5	0	0	22.7	10.0	10-Sep-24 06:36:47.527	
0	0	0	0	1	0	0	17	0	0	0	19.8	28.5	0	0	22.7	10.0	10-Sep-24 06:36:47.571	
0	0	0	1	1	0	0	11	0	0	0	19.8	28.5	0	0	22.7	10.0	10-Sep-24 06:36:47.616	
0	0	0	0	1	0	0	11	0	0	0	19.8	28.5	0	0	22.7	10.0	10-Sep-24 06:36:47.660	
0	0	0	0	2	0	0	6	0	0	0	19.8	28.5	0	0	22.7	10.0	10-Sep-24 06:36:47.704	
0	0	0	0	0	0	0	12	0	0	0	19.8	28.5	0	0	22.7	10.0	10-Sep-24 06:36:47.747	
0	0	0	1	1	0	0	15	0	0	0	19.8	28.5	0	0	22.7	10.0	10-Sep-24 06:36:47.791	
0	0	0	1	2	0	0	15	0	0	0	19.8	28.5	0	0	22.7	10.0	10-Sep-24 06:36:47.843	
0	0	0	1	1	0	0	15	0	0	0	19.8	28.5	0	0	22.7	10.0	10-Sep-24 06:36:47.887	
0	0	0	1	1	0	0	13	0	0	0	19.8	28.5	0	0	22.7	10.0	10-Sep-24 06:36:47.931	
0	0	0	1	1	0	0	8	0	0	0	19.8	28.5	0	0	22.7	10.0	10-Sep-24 06:36:47.976	
0	0	0	0	1	0	0	12	0	0	0	19.8	28.5	0	0	22.7	10.0	10-Sep-24 06:36:48.078	
0	0	0	1	2	0	0	17	0	0	0	19.8	28.5	0	0	22.7	10.0	10-Sep-24 06:36:48.117	
0	0	0	1	1	0	0	11	0	0	0	19.8	28.5	0	0	22.7	10.0	10-Sep-24 06:36:48.159	
0	0	0	0	1	0	0	13	0	0	0	19.8	28.5	0	0	22.7	10.0	10-Sep-24 06:36:48.203	
0	0	0	0	1	0	0	9	0	0	0	19.8	28.5	0	0	22.7	10.0	10-Sep-24 06:36:48.247	
0	0	0	0	1	0	0	16	0	0	0	19.8	28.5	0	0	22.7	10.0	10-Sep-24 06:36:48.292	
0	0	0	1	3	0	0	10	0	0	0	19.8	28.5	0	0	22.7	10.0	10-Sep-24 06:36:48.342	
0	0	0	0	1	0	0	21	0	0	0	19.8	28.5	0	0	22.7	10.0	10-Sep-24 06:36:48.389	
0	0	0	0	1	0	0	15	0	0	0	19.8	28.5	0	0	22.7	10.0	10-Sep-24 06:36:48.432	
0	0	0	0	1	0	0	12	0	0	0	19.8	28.5	0	0	22.7	10.0	10-Sep-24 06:36:48.476	
0	0	0	1	2	0	0	14	0	0	0	19.8	28.5	0	0	22.7	10.0	10-Sep-24 06:36:48.520	
0	0	0	0	1	0	0	17	0	0	0	19.8	28.5	0	0	22.7	10.0	10-Sep-24 06:36:48.563	
0	0	0	1	1	0	0	10	0	0	0	19.8	28.5	0	0	22.7	10.0	10-Sep-24 06:36:48.607	
0	0	0	1	2	0	0	6	0	0	0	19.8	28.5	0	0	22.7	10.0	10-Sep-24 06:36:48.651	
0	0	0	2	3	0	0	12	0	0	0	19.8	28.5	0	0	22.7	10.0	10-Sep-24 06:36:48.696	
0	0	0	0	1	0	0	16	0	0	0	19.8	28.5	0	0	22.7	10.0	10-Sep-24 06:36:48.739	
0	0	0	0	1	0	0	11	0	0	0	19.8	28.5	0	0	22.7	10.0	10-Sep-24 06:36:48.783	
0	0	0	1	1	0	0	13	0	0	0	19.8	28.5	0	0	22.7	10.0	10-Sep-24 06:36:48.827	
0	0	0	0	1	0	0	12	0	0	0	19.8	28.5	0	0	22.7	10.0	10-Sep-24 06:36:48.878	
0	0	0	0	1	0	0	22	0	0	0	19.8	28.5	0	0	22.7	10.0	10-Sep-24 06:36:48.924	
0	0	0	1	0	0	0	10	0	0	0	19.8	28.5	0	0	22.7	10.0	10-Sep-24 06:36:48.967	
0	0	0	0	3	0	0	16	0	0	0	19.8	28.5	0	0	22.7	10.0	10-Sep-24 06:36:49.011	
0	0	0	0	1	0	0	18	0	0	0	19.8	28.5	0	0	22.7	10.0	10-Sep-24 06:36:49.055	
0	0	0	0	1	0	0	12	0	0	0	19.8	28.5	0	0	22.7	10.0	10-Sep-24 06:36:49.147	
0	0	0	0	1	0	0	14	0	0	0	19.8	28.5	0	0	22.7	10.0	10-Sep-24 06:36:49.191	
0	0	0	0	2	0	0	12	0	0	0	19.8	28.5	0	0	22.7	10.0	10-Sep-24 06:36:49.236	
0	0	0	1	3	0	0	11	0	0	0	19.8	28.5	0	0	22.7	10.0	10-Sep-24 06:36:49.279	
0	0	0	0	3	0	0	12	0	0	0	19.8	28.5	0	0	22.7	10.0	10-Sep-24 06:36:49.323	
0	0	0	0	2	0	0	12	0	0	0	19.8	28.5	0	0	22.7	10.0	10-Sep-24 06:36:49.375	
0	0	0	2	1	0	0	18	0	0	0	19.8	28.5	0	0	22.7	10.0	10-Sep-24 06:36:49.419	
0	0	0	0	1	0	0	24	0	0	0	19.8	28.5	0	0	22.7	10.0	10-Sep-24 06:36:49.463	
0	0	0	1	1	0	0	17	0	0	0	19.8	28.5	0	0	22.7	10.0	10-Sep-24 06:36:49.507	
0	0	0	1	1	0	0	16	0	0	0	19.8	28.5	0	0	22.7	10.0	10-Sep-24 06:36:49.552	
0	0	0	0	1	0	0	14	0	0	0	19.8	28.5	0	0	22.7	10.0	10-Sep-24 06:36:49.595	
0	0	0	1	1	0	0	11	0	0	0	19.8	28.5	0	0	22.7	10.0	10-Sep-24 06:36:49.640	
0	0	0	1	2	0	0	14	0	0	0	19.8	28.5	0	0	22.7	10.0	10-Sep-24 06:36:49.683	
0	0	0	0	4	0	0	19	0	0	0	19.8	28.5	0	0	22.7	10.0	10-Sep-24 06:36:49.727	
0	0	0	0	1	0	0	8	0	0	0	19.8	28.5	0	0	22.7	10.0	10-Sep-24 06:36:49.771	
0	0	0	1	1	0	0	16	0	0	0	19.8	28.5	0	0	22.7	10.0	10-Sep-24 06:36:49.815	
0	0	0	0	2	0	0	16	0	0	0	19.8	28.5	0	0	22.7	10.0	10-Sep-24 06:36:49.860	
0	0	0	0	1	0	0	12	0	0	0	19.8	28.5	0	0	22.7	10.0	10-Sep-24 06:36:49.911	
0	0	0	0	1	0	0	23	0	0	0	19.8	28.5	0	0	22.7	10.0	10-Sep-24 06:36:49.955	
0	0	0	0	2	0	0	14	0	0	0	19.8	28.5	0	0	22.7	10.0	10-Sep-24 06:36:50.000	
0	0	0	0	1	0	0	20	0	0	0	19.8	28.5	0	0	22.7	10.0	10-Sep-24 06:36:50.043	
0	0	0	0	2	0	0	17	0	0	0	19.8	28.5	0	0	22.7	10.0	10-Sep-24 06:36:50.087	
0	0	0	1	1	0	0	10	0	0	0	19.8	28.5	0	0	22.7	10.0	10-Sep-24 06:36:50.131	
0	0	0	0	2	0	0	11	0	0	0	19.8	28.5	0	0	22.7	10.0	10-Sep-24 06:36:50.234	
0	0	0	1	1	0	0	21	0	0	0	19.8	28.5	0	0	22.7	10.0	10-Sep-24 06:36:50.280	
0	0	0	1	0	0	0	11	0	0	0	19.8	28.5	0	0	22.7	10.0	10-Sep-24 06:36:50.323	
0	0	0	1	1	0	0	14	0	0	0	19.8	28.5	0	0	22.7	10.0	10-Sep-24 06:36:50.367	
0	0	0	1	4	0	0	12	0	0	0	19.8	28.5	0	0	22.7	10.0	10-Sep-24 06:36:50.419	
0	0	0	0	1	0	0	9	0	0	0	19.8	28.5	0	0	22.7	10.0	10-Sep-24 06:36:50.464	
0	0	0	0	1	0	0	16	0	0	0	19.8	28.5	0	0	22.7	10.0	10-Sep-24 06:36:50.500	
0	0	0	0	0	0	0	16	0	0	0	19.8	28.5	0	0	22.7	10.0	10-Sep-24 06:36:50.544	
0	0	0	0	1	0	0	12	0	0	0	19.8	28.5	0	0	22.7	10.0	10-Sep-24 06:36:50.588	
0	0	0	1	1	0	0	14	0	0	0	19.8	28.5	0	0	22.7	10.0	10-Sep-24 06:36:50.624	
0	0	0	0	1	0	0	16	0	0	0	19.8	28.5	0	0	22.7	10.0	10-Sep-24 06:36:50.667	
0	0	0	1	2	0	0	18	0	0	0	19.8	28.5	0	0	22.7	10.0	10-Sep-24 06:36:50.711	
0	0	0	1	2	0	0	14	0	0	0	19.8	28.5	0	0	22.7	10.0	10-Sep-24 06:36:50.754	
0	0	0	0	1	0	0	16	0	0	0	19.8	28.5	0	0	22.7	10.0	10-Sep-24 06:36:50.790	
0	0	0	0	1	0	0	17	0	0	0	19.8	28.5	0	0	22.7	10.0	10-Sep-24 06:36:50.835	
0	0	0	1	2	0	0	9	0	0	0	19.8	28.5	0	0	22.7	10.0	10-Sep-24 06:36:50.880	
0	0	0	0	1	0	0	14	0	0	0	19.8	28.5	0	0	22.7	10.0	10-Sep-24 06:36:50.931	
0	0	0	1	1	0	0	14	0	0	0	19.8	28.5	0	0	22.7	10.0	10-Sep-24 06:36:50.975	
0	0	0	0	2	0	0	12	0	0	0	19.8	28.5	0	0	22.7	10.0	10-Sep-24 06:36:51.019	
0	0	0	0	1	0	0	13	0	0	0	19.8	28.5	0	0	22.7	10.0	10-Sep-24 06:36:51.064	
0	0	0	0	2	0	0	15	0	0	0	19.8	28.5	0	0	22.7	10.0	10-Sep-24 06:36:51.107	
0	0	0	0	1	0	0	11	0	0	0	19.8	28.5	0	0	22.7	10.0	10-Sep-24 06:36:51.152	
0	0	0	1	3	0	0	8	0	0	0	19.8	28.5	0	0	22.7	10.0	10-Sep-24 06:36:51.195	
0	0	0	1	2	0	0	20	0	0	0	19.8	28.5	0	0	22.7	10.0	10-Sep-24 06:36:51.300	
0	0	0	1	2	0	0	14	0	0	0	19.8	28.5	0	0	22.7	10.0	10-Sep-24 06:36:51.338	
0	0	0	1	1	0	0	14	0	0	0	19.8	28.5	0	0	22.7	10.0	10-Sep-24 06:36:51.375	
0	0	0	0	1	0	0	13	0	0	0	19.8	28.5	0	0	22.7	10.0	10-Sep-24 06:36:51.426	
0	0	0	1	1	0	0	17	0	0	0	19.8	28.5	0	0	22.7	10.0	10-Sep-24 06:36:51.473	
0	0	0	0	1	0	0	13	0	0	0	19.8	28.5	0	0	22.7	10.0	10-Sep-24 06:36:51.515	
0	0	0	0	1	0	0	9	0	0	0	19.8	28.5	0	0	22.7	10.0	10-Sep-24 06:36:51.584	
0	0	0	1	2	0	0	11	0	0	0	19.8	28.5	0	0	22.7	10.0	10-Sep-24 06:36:51.677	
0	0	0	1	1	0	0	12	0	0	0	19.8	28.5	0	0	22.7	10.0	10-Sep-24 06:36:51.744	
0	0	0	0	1	0	0	11	0	0	0	19.8	28.5	0	0	22.7	10.0	10-Sep-24 06:36:51.793	
0	0	0	1	2	0	0	9	0	0	0	19.8	28.5	0	0	22.7	10.0	10-Sep-24 06:36:51.835	
0	0	0	0	2	0	0	16	0	0	0	19.8	28.5	0	0	22.7	10.0	10-Sep-24 06:36:51.881	
0	0	0	0	2	0	0	10	0	0	0	19.8	28.5	0	0	22.7	10.0	10-Sep-24 06:36:51.929	
0	0	0	0	3	0	0	7	0	0	0	19.8	28.5	0	0	22.7	10.0	10-Sep-24 06:36:51.976	
0	0	0	0	2	0	0	9	0	0	0	19.8	28.5	0	0	22.7	10.0	10-Sep-24 06:36:52.020	
0	0	0	0	2	0	0	13	0	0	0	19.8	28.5	0	0	22.7	10.0	10-Sep-24 06:36:52.063	
0	0	0	1	0	0	0	13	0	0	0	19.8	28.5	0	0	22.7	10.0	10-Sep-24 06:36:52.107	
0	0	0	1	0	0	0	17	0	0	0	19.8	28.5	0	0	22.7	10.0	10-Sep-24 06:36:52.151	
0	0	0	0	1	0	0	15	0	0	0	19.8	28.5	0	0	22.7	10.0	10-Sep-24 06:36:52.195	
0	0	0	0	3	0	0	16	0	0	0	19.8	28.5	0	0	22.7	10.0	10-Sep-24 06:36:52.240	
0	0	0	1	0	0	0	15	0	0	0	19.8	28.5	0	0	22.7	10.0	10-Sep-24 06:36:52.284	
0	0	0	1	3	0	0	10	0	0	0	19.8	28.5	0	0	22.7	10.0	10-Sep-24 06:36:52.386	
0	0	0	0	1	0	0	15	0	0	0	19.8	28.5	0	0	22.7	10.0	10-Sep-24 06:36:52.439	
0	0	0	0	1	0	0	19	0	0	0	19.8	28.5	0	0	22.7	10.0	10-Sep-24 06:36:52.484	
0	0	0	1	1	0	0	12	0	0	0	19.8	28.5	0	0	22.7	10.0	10-Sep-24 06:36:52.527	
0	0	0	0	1	0	0	11	0	0	0	19.8	28.5	0	0	22.7	10.0	10-Sep-24 06:36:52.564	
0	0	0	1	0	0	0	7	0	0	0	19.8	28.5	0	0	22.7	10.0	10-Sep-24 06:36:52.608	
0	0	0	1	3	0	0	17	0	0	0	19.8	28.5	0	0	22.7	10.0	10-Sep-24 06:36:52.652	
0	0	0	1	1	0	0	17	0	0	0	19.8	28.5	0	0	22.7	10.0	10-Sep-24 06:36:52.696	
0	0	0	0	3	0	0	14	0	0	0	19.8	28.5	0	0	22.7	10.0	10-Sep-24 06:36:52.739	
0	0	0	1	1	0	0	12	0	0	0	19.8	28.5	0	0	22.7	10.0	10-Sep-24 06:36:52.783	
0	0	0	0	2	0	0	11	0	0	0	19.8	28.5	0	0	22.7	10.0	10-Sep-24 06:36:52.827	
0	0	0	1	1	0	0	14	0	0	0	19.8	28.5	0	0	22.7	10.0	10-Sep-24 06:36:52.873	
0	0	0	0	1	0	0	17	0	0	0	19.8	28.5	0	0	22.7	10.0	10-Sep-24 06:36:52.916	
0	0	0	0	2	0	0	20	0	0	0	19.8	28.5	0	0	22.7	10.0	10-Sep-24 06:36:52.967	
0	0	0	0	1	0	0	16	0	0	0	19.8	28.5	0	0	22.7	10.0	10-Sep-24 06:36:53.011	
0	0	0	1	1	0	0	19	0	0	0	19.8	28.5	0	0	22.7	10.0	10-Sep-24 06:36:53.056	
0	0	0	1	3	0	0	18	0	0	0	19.8	28.5	0	0	22.7	10.0	10-Sep-24 06:36:53.099	
0	0	0	1	0	0	0	17	0	0	0	19.8	28.5	0	0	22.7	10.0	10-Sep-24 06:36:53.144	
0	0	0	0	2	0	0	17	0	0	0	19.8	28.5	0	0	22.7	10.0	10-Sep-24 06:36:53.188	
0	0	0	1	1	0	0	11	0	0	0	19.8	28.5	0	0	22.7	10.0	10-Sep-24 06:36:53.231	
0	0	0	1	2	0	0	18	0	0	0	19.8	28.5	0	0	22.7	10.0	10-Sep-24 06:36:53.276	
0	0	0	2	0	0	0	9	0	0	0	19.8	28.5	0	0	22.7	10.0	10-Sep-24 06:36:53.319	
0	0	0	0	2	0	0	12	0	0	0	19.8	28.5	0	0	22.7	10.0	10-Sep-24 06:36:53.363	
0	0	0	1	2	0	0	14	0	0	0	19.8	28.5	0	0	22.7	10.0	10-Sep-24 06:36:53.475	
0	0	0	1	1	0	0	10	0	0	0	19.8	28.5	0	0	22.7	10.0	10-Sep-24 06:36:53.520	
0	0	0	2	3	0	0	7	0	0	0	19.8	28.5	0	0	22.7	10.0	10-Sep-24 06:36:53.564	
0	0	0	0	2	0	0	13	0	0	0	19.8	28.5	0	0	22.7	10.0	10-Sep-24 06:36:53.608	
0	0	0	1	2	0	0	14	0	0	0	19.8	28.5	0	0	22.7	10.0	10-Sep-24 06:36:53.652	
0	0	0	1	1	0	0	14	0	0	0	19.8	28.5	0	0	22.7	10.0	10-Sep-24 06:36:53.688	
0	0	0	0	1	0	0	17	0	0	0	19.8	28.5	0	0	22.7	10.0	10-Sep-24 06:36:53.732	
0	0	0	0	1	0	0	9	0	0	0	19.8	28.5	0	0	22.7	10.0	10-Sep-24 06:36:53.776	
0	0	0	1	1	0	0	14	0	0	0	19.8	28.5	0	0	22.7	10.0	10-Sep-24 06:36:53.820	
0	0	0	0	1	0	0	9	0	0	0	19.8	28.5	0	0	22.7	10.0	10-Sep-24 06:36:53.864	
0	0	0	1	1	0	0	7	0	0	0	19.8	28.5	0	0	22.7	10.0	10-Sep-24 06:36:53.908	
0	0	0	0	1	0	0	12	0	0	0	19.8	28.5	0	0	22.7	10.0	10-Sep-24 06:36:53.958	
0	0	0	1	3	0	0	14	0	0	0	19.8	28.5	0	0	22.7	10.0	10-Sep-24 06:36:54.005	
0	0	0	0	3	0	0	16	0	0	0	19.8	28.5	0	0	22.7	10.0	10-Sep-24 06:36:54.048	
0	0	0	0	1	0	0	16	0	0	0	19.8	28.5	0	0	22.7	10.0	10-Sep-24 06:36:54.091	
0	0	0	1	1	0	0	18	0	0	0	19.8	28.5	0	0	22.7	10.0	10-Sep-24 06:36:54.136	
0	0	0	0	2	0	0	9	0	0	0	19.8	28.5	0	0	22.7	10.0	10-Sep-24 06:36:54.179	
0	0	0	1	1	0	0	12	0	0	0	19.8	28.5	0	0	22.7	10.0	10-Sep-24 06:36:54.224	
0	0	0	0	2	0	0	10	0	0	0	19.8	28.5	0	0	22.7	10.0	10-Sep-24 06:36:54.267	
0	0	0	0	1	0	0	12	0	0	0	19.8	28.5	0	0	22.7	10.0	10-Sep-24 06:36:54.311	
0	0	0	0	2	0	0	13	0	0	0	19.8	28.5	0	0	22.7	10.0	10-Sep-24 06:36:54.356	
0	0	0	3	1	0	0	13	0	0	0	19.8	28.5	0	0	22.7	10.0	10-Sep-24 06:36:54.399	
0	0	0	0	3	0	0	11	0	0	0	19.8	28.5	0	0	22.7	10.0	10-Sep-24 06:36:54.444	
0	0	0	0	1	0	0	12	0	0	0	19.8	28.5	0	0	22.7	10.0	10-Sep-24 06:36:54.544	
0	0	0	0	1	0	0	12	0	0	0	19.8	28.5	0	0	22.7	10.0	10-Sep-24 06:36:54.591	
0	0	0	1	2	0	0	13	0	0	0	19.8	28.5	0	0	22.7	10.0	10-Sep-24 06:36:54.636	
0	0	0	0	1	0	0	14	0	0	0	19.8	28.5	0	0	22.7	10.0	10-Sep-24 06:36:54.679	
0	0	0	1	4	0	0	10	0	0	0	19.8	28.5	0	0	22.7	10.0	10-Sep-24 06:36:54.724	
0	0	0	0	2	0	0	8	0	0	0	19.8	28.5	0	0	22.7	10.0	10-Sep-24 06:36:54.768	
0	0	0	0	2	0	0	17	0	0	0	19.8	28.5	0	0	22.7	10.0	10-Sep-24 06:36:54.811	
0	0	0	0	2	0	0	13	0	0	0	19.8	28.5	0	0	22.7	10.0	10-Sep-24 06:36:54.849	
0	0	0	0	2	0	0	18	0	0	0	19.8	28.5	0	0	22.7	10.0	10-Sep-24 06:36:54.891	
0	0	0	0	2	0	0	14	0	0	0	19.8	28.5	0	0	22.7	10.0	10-Sep-24 06:36:54.935	
0	0	0	0	3	0	0	16	0	0	0	19.8	28.5	0	0	22.7	10.0	10-Sep-24 06:36:54.986	
0	0	0	0	1	0	0	16	0	0	0	19.8	28.5	0	0	22.7	10.0	10-Sep-24 06:36:55.028	
0	0	0	0	1	0	0	15	0	0	0	19.8	28.5	0	0	22.7	10.0	10-Sep-24 06:36:55.072	
0	0	0	1	1	0	0	8	0	0	0	19.8	28.5	0	0	22.7	10.0	10-Sep-24 06:36:55.115	
0	0	0	1	1	0	0	26	0	0	0	19.8	28.5	0	0	22.7	10.0	10-Sep-24 06:36:55.160	
0	0	0	0	1	0	0	15	0	0	0	19.8	28.5	0	0	22.7	10.0	10-Sep-24 06:36:55.203	
0	0	0	0	2	0	0	20	0	0	0	19.8	28.5	0	0	22.7	10.0	10-Sep-24 06:36:55.247	
0	0	0	0	1	0	0	21	0	0	0	19.8	28.5	0	0	22.7	10.0	10-Sep-24 06:36:55.291	
0	0	0	0	2	0	0	12	0	0	0	19.8	28.5	0	0	22.7	10.0	10-Sep-24 06:36:55.336	
0	0	0	1	2	0	0	12	0	0	0	19.8	28.5	0	0	22.7	10.0	10-Sep-24 06:36:55.380	
0	0	0	1	1	0	0	18	0	0	0	19.8	28.5	0	0	22.7	10.0	10-Sep-24 06:36:55.423	
0	0	0	0	2	0	0	13	0	0	0	19.8	28.5	0	0	22.7	10.0	10-Sep-24 06:36:55.467	
0	0	0	1	1	0	0	10	0	0	0	19.8	28.5	0	0	22.7	10.0	10-Sep-24 06:36:55.519	
0	0	0	0	1	0	0	17	0	0	0	19.8	28.5	0	0	22.7	10.0	10-Sep-24 06:36:55.613	
0	0	0	1	2	0	0	11	0	0	0	19.8	28.5	0	0	22.7	10.0	10-Sep-24 06:36:55.659	
0	0	0	1	2	0	0	16	0	0	0	19.8	28.5	0	0	22.7	10.0	10-Sep-24 06:36:55.703	
0	0	0	1	1	0	0	10	0	0	0	19.8	28.5	0	0	22.7	10.0	10-Sep-24 06:36:55.748	
0	0	0	1	2	0	0	13	0	0	0	19.8	28.5	0	0	22.7	10.0	10-Sep-24 06:36:55.792	
0	0	0	0	3	0	0	12	0	0	0	19.8	28.5	0	0	22.7	10.0	10-Sep-24 06:36:55.836	
0	0	0	1	1	0	0	20	0	0	0	19.8	28.5	0	0	22.7	10.0	10-Sep-24 06:36:55.879	
0	0	0	1	1	0	0	12	0	0	0	19.8	28.5	0	0	22.7	10.0	10-Sep-24 06:36:55.924	
0	0	0	1	1	0	0	9	0	0	0	19.8	28.5	0	0	22.7	10.0	10-Sep-24 06:36:55.967	
0	0	0	0	2	0	0	12	0	0	0	19.8	28.5	0	0	22.7	10.0	10-Sep-24 06:36:56.016	
0	0	0	1	1	0	0	10	0	0	0	19.8	28.5	0	0	22.7	10.0	10-Sep-24 06:36:56.063	
0	0	0	1	1	0	0	13	0	0	0	19.8	28.5	0	0	22.7	10.0	10-Sep-24 06:36:56.108	
0	0	0	0	3	0	0	8	0	0	0	19.8	28.5	0	0	22.7	10.0	10-Sep-24 06:36:56.151	
0	0	0	0	1	0	0	13	0	0	0	19.8	28.5	0	0	22.7	10.0	10-Sep-24 06:36:56.196	
0	0	0	1	1	0	0	12	0	0	0	19.8	28.5	0	0	22.7	10.0	10-Sep-24 06:36:56.240	
0	0	0	1	2	0	0	21	0	0	0	19.8	28.5	0	0	22.7	10.0	10-Sep-24 06:36:56.283	
0	0	0	0	2	0	0	19	0	0	0	19.8	28.5	0	0	22.7	10.0	10-Sep-24 06:36:56.327	
0	0	0	0	2	0	0	15	0	0	0	19.8	28.5	0	0	22.7	10.0	10-Sep-24 06:36:56.372	
0	0	0	2	2	0	0	20	0	0	0	19.8	28.5	0	0	22.7	10.0	10-Sep-24 06:36:56.416	
0	0	0	1	1	0	0	13	0	0	0	19.8	28.5	0	0	22.7	10.0	10-Sep-24 06:36:56.452	
0	0	0	1	2	0	0	18	0	0	0	19.8	28.5	0	0	22.7	10.0	10-Sep-24 06:36:56.495	
0	0	0	1	2	0	0	18	0	0	0	19.8	28.5	0	0	22.7	10.0	10-Sep-24 06:36:56.547	
0	0	0	2	0	0	0	15	0	0	0	19.8	28.5	0	0	22.7	10.0	10-Sep-24 06:36:56.583	
0	0	0	0	1	0	0	15	0	0	0	19.8	28.5	0	0	22.7	10.0	10-Sep-24 06:36:56.687	
0	0	0	1	2	0	0	12	0	0	0	19.8	28.5	0	0	22.7	10.0	10-Sep-24 06:36:56.732	
0	0	0	1	1	0	0	13	0	0	0	19.8	28.5	0	0	22.7	10.0	10-Sep-24 06:36:56.805	
0	0	0	1	1	0	0	19	0	0	0	19.8	28.5	0	0	22.7	10.0	10-Sep-24 06:36:56.866	
0	0	0	1	3	0	0	10	0	0	0	19.8	28.5	0	0	22.7	10.0	10-Sep-24 06:36:56.937	
0	0	0	0	2	0	0	18	0	0	0	19.8	28.5	0	0	22.7	10.0	10-Sep-24 06:36:56.998	
0	0	0	3	1	0	0	12	0	0	0	19.8	28.5	0	0	22.7	10.0	10-Sep-24 06:36:57.050	
0	0	0	1	2	0	0	14	0	0	0	19.8	28.5	0	0	22.7	10.0	10-Sep-24 06:36:57.098	
0	0	0	0	2	0	0	12	0	0	0	19.8	28.5	0	0	22.7	10.0	10-Sep-24 06:36:57.144	
0	0	0	1	1	0	0	12	0	0	0	19.8	28.5	0	0	22.7	10.0	10-Sep-24 06:36:57.187	
0	0	0	1	1	0	0	12	0	0	0	19.8	28.5	0	0	22.7	10.0	10-Sep-24 06:36:57.232	
0	0	0	0	1	0	0	18	0	0	0	19.8	28.5	0	0	22.7	10.0	10-Sep-24 06:36:57.275	
0	0	0	1	2	0	0	16	0	0	0	19.8	28.5	0	0	22.7	10.0	10-Sep-24 06:36:57.319	
0	0	0	0	2	0	0	10	0	0	0	19.8	28.5	0	0	22.7	10.0	10-Sep-24 06:36:57.363	
0	0	0	1	2	0	0	10	0	0	0	19.8	28.5	0	0	22.7	10.0	10-Sep-24 06:36:57.408	
0	0	0	1	1	0	0	13	0	0	0	19.8	28.5	0	0	22.7	10.0	10-Sep-24 06:36:57.452	
0	0	0	0	1	0	0	16	0	0	0	19.8	28.5	0	0	22.7	10.0	10-Sep-24 06:36:57.495	
0	0	0	0	3	0	0	17	0	0	0	19.8	28.5	0	0	22.7	10.0	10-Sep-24 06:36:57.546	
0	0	0	1	1	0	0	18	0	0	0	19.8	28.5	0	0	22.7	10.0	10-Sep-24 06:36:57.593	
0	0	0	1	3	0	0	18	0	0	0	19.8	28.5	0	0	22.7	10.0	10-Sep-24 06:36:57.635	
0	0	0	0	1	0	0	15	0	0	0	19.8	28.5	0	0	22.7	10.0	10-Sep-24 06:36:57.738	
0	0	0	0	1	0	0	10	0	0	0	19.8	28.5	0	0	22.7	10.0	10-Sep-24 06:36:57.784	
0	0	0	0	1	0	0	16	0	0	0	19.8	28.5	0	0	22.7	10.0	10-Sep-24 06:36:57.827	
0	0	0	0	2	0	0	16	0	0	0	19.8	28.5	0	0	22.7	10.0	10-Sep-24 06:36:57.871	
0	0	0	1	2	0	0	18	0	0	0	19.8	28.5	0	0	22.7	10.0	10-Sep-24 06:36:57.915	
0	0	0	0	3	0	0	11	0	0	0	19.8	28.5	0	0	22.7	10.0	10-Sep-24 06:36:57.959	
0	0	0	1	1	0	0	22	0	0	0	19.8	28.5	0	0	22.7	10.0	10-Sep-24 06:36:58.003	
0	0	0	0	1	0	0	13	0	0	0	19.8	28.5	0	0	22.7	10.0	10-Sep-24 06:36:58.048	
0	0	0	1	3	0	0	14	0	0	0	19.8	28.5	0	0	22.7	10.0	10-Sep-24 06:36:58.101	
0	0	0	0	1	0	0	14	0	0	0	19.8	28.5	0	0	22.7	10.0	10-Sep-24 06:36:58.143	
0	0	0	1	1	0	0	20	0	0	0	19.8	28.5	0	0	22.7	10.0	10-Sep-24 06:36:58.188	
0	0	0	0	1	0	0	14	0	0	0	19.8	28.5	0	0	22.7	10.0	10-Sep-24 06:36:58.231	
0	0	0	0	1	0	0	12	0	0	0	19.8	28.5	0	0	22.7	10.0	10-Sep-24 06:36:58.268	
0	0	0	0	1	0	0	13	0	0	0	19.8	28.5	0	0	22.7	10.0	10-Sep-24 06:36:58.312	
0	0	0	1	1	0	0	12	0	0	0	19.8	28.5	0	0	22.7	10.0	10-Sep-24 06:36:58.355	
0	0	0	1	1	0	0	8	0	0	0	19.8	28.5	0	0	22.7	10.0	10-Sep-24 06:36:58.400	
0	0	0	1	2	0	0	14	0	0	0	19.8	28.5	0	0	22.7	10.0	10-Sep-24 06:36:58.443	
0	0	0	1	1	0	0	12	0	0	0	19.8	28.5	0	0	22.7	10.0	10-Sep-24 06:36:58.488	
0	0	0	0	0	0	0	16	0	0	0	19.8	28.5	0	0	22.7	10.0	10-Sep-24 06:36:58.531	
0	0	0	0	1	0	0	12	0	0	0	19.8	28.5	0	0	22.7	10.0	10-Sep-24 06:36:58.584	
0	0	0	0	2	0	0	8	0	0	0	19.8	28.5	0	0	22.7	10.0	10-Sep-24 06:36:58.628	
0	0	0	0	1	0	0	15	0	0	0	19.8	28.5	0	0	22.7	10.0	10-Sep-24 06:36:58.671	
0	0	0	0	1	0	0	12	0	0	0	19.8	28.5	0	0	22.7	10.0	10-Sep-24 06:36:58.709	
0	0	0	0	1	0	0	15	0	0	0	19.8	28.5	0	0	22.7	10.0	10-Sep-24 06:36:58.810	
0	0	0	1	1	0	0	10	0	0	0	19.8	28.5	0	0	22.7	10.0	10-Sep-24 06:36:58.855	
0	0	0	1	0	0	0	20	0	0	0	19.8	28.5	0	0	22.7	10.0	10-Sep-24 06:36:58.900	
0	0	0	1	1	0	0	8	0	0	0	19.8	28.5	0	0	22.7	10.0	10-Sep-24 06:36:58.944	
0	0	0	1	1	0	0	15	0	0	0	19.8	28.5	0	0	22.7	10.0	10-Sep-24 06:36:58.987	
0	0	0	0	2	0	0	15	0	0	0	19.8	28.5	0	0	22.7	10.0	10-Sep-24 06:36:59.031	
0	0	0	1	2	0	0	13	0	0	0	19.8	28.5	0	0	22.7	10.0	10-Sep-24 06:36:59.076	
0	0	0	0	1	0	0	10	0	0	0	19.8	28.5	0	0	22.7	10.0	10-Sep-24 06:36:59.127	
0	0	0	0	1	0	0	18	0	0	0	19.8	28.5	0	0	22.7	10.0	10-Sep-24 06:36:59.172	
0	0	0	0	1	0	0	14	0	0	0	19.8	28.5	0	0	22.7	10.0	10-Sep-24 06:36:59.216	
0	0	0	1	1	0	0	14	0	0	0	19.8	28.5	0	0	22.7	10.0	10-Sep-24 06:36:59.260	
0	0	0	1	1	0	0	10	0	0	0	19.8	28.5	0	0	22.7	10.0	10-Sep-24 06:36:59.304	
0	0	0	0	1	0	0	17	0	0	0	19.8	28.5	0	0	22.7	10.0	10-Sep-24 06:36:59.348	
0	0	0	0	2	0	0	18	0	0	0	19.8	28.5	0	0	22.7	10.0	10-Sep-24 06:36:59.392	
0	0	0	0	1	0	0	11	0	0	0	19.8	28.5	0	0	22.7	10.0	10-Sep-24 06:36:59.435	
0	0	0	0	1	0	0	14	0	0	0	19.8	28.5	0	0	22.7	10.0	10-Sep-24 06:36:59.479	
0	0	0	0	1	0	0	23	0	0	0	19.8	28.5	0	0	22.7	10.0	10-Sep-24 06:36:59.523	
0	0	0	0	1	0	0	11	0	0	0	19.8	28.5	0	0	22.7	10.0	10-Sep-24 06:36:59.568	
0	0	0	1	3	0	0	14	0	0	0	19.8	28.5	0	0	22.7	10.0	10-Sep-24 06:36:59.616	
0	0	0	0	1	0	0	13	0	0	0	19.8	28.5	0	0	22.7	10.0	10-Sep-24 06:36:59.664	
0	0	0	0	5	0	0	20	0	0	0	19.8	28.5	0	0	22.7	10.0	10-Sep-24 06:36:59.708	
0	0	0	1	1	0	0	9	0	0	0	19.8	28.5	0	0	22.7	10.0	10-Sep-24 06:36:59.751	
0	0	0	0	1	0	0	14	0	0	0	19.8	28.5	0	0	22.7	10.0	10-Sep-24 06:36:59.796	
0	0	0	0	1	0	0	14	0	0	0	19.8	28.5	0	0	22.7	10.0	10-Sep-24 06:36:59.899	
0	0	0	1	2	0	0	21	0	0	0	19.8	28.5	0	0	22.7	10.0	10-Sep-24 06:36:59.944	
0	0	0	1	1	0	0	16	0	0	0	19.8	28.5	0	0	22.7	10.0	10-Sep-24 06:36:59.987	
0	0	0	1	2	0	0	17	0	0	0	19.8	28.5	0	0	22.7	10.0	10-Sep-24 06:37:00.031	
0	0	0	0	1	0	0	17	0	0	0	19.8	28.5	0	0	22.7	10.0	10-Sep-24 06:37:00.075	
0	0	0	0	3	0	0	17	0	0	0	19.8	28.5	0	0	22.7	10.0	10-Sep-24 06:37:00.127	
0	0	0	1	1	0	0	12	0	0	0	19.8	28.5	0	0	22.7	10.0	10-Sep-24 06:37:00.171	
0	0	0	1	2	0	0	10	0	0	0	19.8	28.5	0	0	22.7	10.0	10-Sep-24 06:37:00.216	
0	0	0	0	2	0	0	18	0	0	0	19.8	28.5	0	0	22.7	10.0	10-Sep-24 06:37:00.259	
0	0	0	0	1	0	0	12	0	0	0	19.8	28.5	0	0	22.7	10.0	10-Sep-24 06:37:00.303	
0	0	0	1	2	0	0	13	0	0	0	19.8	28.5	0	0	22.7	10.0	10-Sep-24 06:37:00.348	
0	0	0	1	1	0	0	13	0	0	0	19.8	28.5	0	0	22.7	10.0	10-Sep-24 06:37:00.391	
0	0	0	1	1	0	0	13	0	0	0	19.8	28.5	0	0	22.7	10.0	10-Sep-24 06:37:00.436	
0	0	0	0	2	0	0	17	0	0	0	19.8	28.5	0	0	22.7	10.0	10-Sep-24 06:37:00.479	
0	0	0	1	3	0	0	8	0	0	0	19.8	28.5	0	0	22.7	10.0	10-Sep-24 06:37:00.523	
0	0	0	0	4	0	0	14	0	0	0	19.8	28.5	0	0	22.7	10.0	10-Sep-24 06:37:00.568	
0	0	0	0	1	0	0	13	0	0	0	19.8	28.5	0	0	22.7	10.0	10-Sep-24 06:37:00.612	
0	0	0	0	1	0	0	11	0	0	0	19.8	28.5	0	0	22.7	10.0	10-Sep-24 06:37:00.654	
0	0	0	1	1	0	0	14	0	0	0	19.8	28.5	0	0	22.7	10.0	10-Sep-24 06:37:00.699	
0	0	0	1	1	0	0	20	0	0	0	19.8	28.5	0	0	22.7	10.0	10-Sep-24 06:37:00.743	
0	0	0	0	1	0	0	20	0	0	0	19.8	28.5	0	0	22.7	10.0	10-Sep-24 06:37:00.787	
0	0	0	0	1	0	0	17	0	0	0	19.8	28.5	0	0	22.7	10.0	10-Sep-24 06:37:00.832	
0	0	0	1	1	0	0	11	0	0	0	19.8	28.5	0	0	22.7	10.0	10-Sep-24 06:37:00.875	
0	0	0	0	1	0	0	13	0	0	0	19.8	28.5	0	0	22.7	10.0	10-Sep-24 06:37:00.979	
0	0	0	0	1	0	0	15	0	0	0	19.8	28.5	0	0	22.7	10.0	10-Sep-24 06:37:01.023	
0	0	0	2	1	0	0	12	0	0	0	19.8	28.5	0	0	22.7	10.0	10-Sep-24 06:37:01.068	
0	0	0	1	3	0	0	12	0	0	0	19.8	28.5	0	0	22.7	10.0	10-Sep-24 06:37:01.111	
0	0	0	0	1	0	0	13	0	0	0	19.8	28.5	0	0	22.7	10.0	10-Sep-24 06:37:01.149	
0	0	0	0	1	0	0	18	0	0	0	19.8	28.5	0	0	22.7	10.0	10-Sep-24 06:37:01.196	
0	0	0	1	1	0	0	14	0	0	0	19.8	28.5	0	0	22.7	10.0	10-Sep-24 06:37:01.239	
0	0	0	0	1	0	0	16	0	0	0	19.8	28.5	0	0	22.7	10.0	10-Sep-24 06:37:01.283	
0	0	0	1	3	0	0	9	0	0	0	19.8	28.5	0	0	22.7	10.0	10-Sep-24 06:37:01.327	
0	0	0	1	1	0	0	14	0	0	0	19.8	28.5	0	0	22.7	10.0	10-Sep-24 06:37:01.373	
0	0	0	1	2	0	0	12	0	0	0	19.8	28.5	0	0	22.7	10.0	10-Sep-24 06:37:01.415	
0	0	0	1	3	0	0	18	0	0	0	19.8	28.5	0	0	22.7	10.0	10-Sep-24 06:37:01.459	
0	0	0	0	2	0	0	11	0	0	0	19.8	28.5	0	0	22.7	10.0	10-Sep-24 06:37:01.503	
0	0	0	1	1	0	0	12	0	0	0	19.8	28.5	0	0	22.7	10.0	10-Sep-24 06:37:01.547	
0	0	0	3	1	0	0	15	0	0	0	19.8	28.5	0	0	22.7	10.0	10-Sep-24 06:37:01.591	
0	0	0	0	1	0	0	17	0	0	0	19.8	28.5	0	0	22.7	10.0	10-Sep-24 06:37:01.636	
0	0	0	0	2	0	0	19	0	0	0	19.8	28.5	0	0	22.7	10.0	10-Sep-24 06:37:01.676	
0	0	0	0	3	0	0	14	0	0	0	19.8	28.5	0	0	22.7	10.0	10-Sep-24 06:37:01.719	
0	0	0	1	1	0	0	15	0	0	0	19.8	28.5	0	0	22.7	10.0	10-Sep-24 06:37:01.763	
0	0	0	0	2	0	0	12	0	0	0	19.8	28.5	0	0	22.7	10.0	10-Sep-24 06:37:01.808	
0	0	0	0	1	0	0	13	0	0	0	19.8	28.5	0	0	22.7	10.0	10-Sep-24 06:37:01.851	
0	0	0	1	1	0	0	14	0	0	0	19.8	28.5	0	0	22.7	10.0	10-Sep-24 06:37:01.895	
0	0	0	0	1	0	0	20	0	0	0	19.8	28.5	0	0	22.7	10.0	10-Sep-24 06:37:01.939	
0	0	0	0	1	0	0	15	0	0	0	19.8	28.5	0	0	22.7	10.0	10-Sep-24 06:37:02.076	
0	0	0	1	2	0	0	14	0	0	0	19.8	28.5	0	0	22.7	10.0	10-Sep-24 06:37:02.151	
0	0	0	1	1	0	0	11	0	0	0	19.8	28.5	0	0	22.7	10.0	10-Sep-24 06:37:02.215	
0	0	0	1	2	0	0	15	0	0	0	19.8	28.5	0	0	22.7	10.0	10-Sep-24 06:37:02.265	
0	0	0	1	2	0	0	19	0	0	0	19.8	28.5	0	0	22.7	10.0	10-Sep-24 06:37:02.302	
0	0	0	1	1	0	0	15	0	0	0	19.8	28.5	0	0	22.7	10.0	10-Sep-24 06:37:02.343	
0	0	0	1	2	0	0	22	0	0	0	19.8	28.5	0	0	22.7	10.0	10-Sep-24 06:37:02.388	
0	0	0	1	1	0	0	16	0	0	0	19.8	28.5	0	0	22.7	10.0	10-Sep-24 06:37:02.432	
0	0	0	1	1	0	0	18	0	0	0	19.8	28.5	0	0	22.7	10.0	10-Sep-24 06:37:02.475	
0	0	0	0	1	0	0	12	0	0	0	19.8	28.5	0	0	22.7	10.0	10-Sep-24 06:37:02.520	
0	0	0	0	1	0	0	21	0	0	0	19.8	28.5	0	0	22.7	10.0	10-Sep-24 06:37:02.563	
0	0	0	2	1	0	0	22	0	0	0	19.8	28.5	0	0	22.7	10.0	10-Sep-24 06:37:02.608	
0	0	0	1	2	0	0	10	0	0	0	19.8	28.5	0	0	22.7	10.0	10-Sep-24 06:37:02.652	
0	0	0	0	3	0	0	17	0	0	0	19.8	28.5	0	0	22.7	10.0	10-Sep-24 06:37:02.694	
0	0	0	1	1	0	0	15	0	0	0	19.8	28.5	0	0	22.7	10.0	10-Sep-24 06:37:02.740	
0	0	0	0	3	0	0	5	0	0	0	19.8	28.5	0	0	22.7	10.0	10-Sep-24 06:37:02.783	
0	0	0	0	2	0	0	15	0	0	0	19.8	28.5	0	0	22.7	10.0	10-Sep-24 06:37:02.826	
0	0	0	1	1	0	0	17	0	0	0	19.8	28.5	0	0	22.7	10.0	10-Sep-24 06:37:02.871	
0	0	0	0	1	0	0	14	0	0	0	19.8	28.5	0	0	22.7	10.0	10-Sep-24 06:37:02.915	
0	0	0	0	1	0	0	14	0	0	0	19.8	28.5	0	0	22.7	10.0	10-Sep-24 06:37:02.960	
0	0	0	0	2	0	0	12	0	0	0	19.8	28.5	0	0	22.7	10.0	10-Sep-24 06:37:03.003	
0	0	0	0	2	0	0	11	0	0	0	19.8	28.5	0	0	22.7	10.0	10-Sep-24 06:37:03.048	
0	0	0	0	2	0	0	14	0	0	0	19.8	28.5	0	0	22.7	10.0	10-Sep-24 06:37:03.150	
0	0	0	1	1	0	0	17	0	0	0	19.8	28.5	0	0	22.7	10.0	10-Sep-24 06:37:03.203	
0	0	0	0	1	0	0	15	0	0	0	19.8	28.5	0	0	22.7	10.0	10-Sep-24 06:37:03.248	
0	0	0	1	1	0	0	13	0	0	0	19.8	28.5	0	0	22.7	10.0	10-Sep-24 06:37:03.291	
0	0	0	0	1	0	0	13	0	0	0	19.8	28.5	0	0	22.7	10.0	10-Sep-24 06:37:03.335	
0	0	0	0	3	0	0	13	0	0	0	19.8	28.5	0	0	22.7	10.0	10-Sep-24 06:37:03.379	
0	0	0	0	1	0	0	13	0	0	0	19.8	28.5	0	0	22.7	10.0	10-Sep-24 06:37:03.423	
0	0	0	0	1	0	0	18	0	0	0	19.8	28.5	0	0	22.7	10.0	10-Sep-24 06:37:03.468	
0	0	0	1	2	0	0	7	0	0	0	19.8	28.5	0	0	22.7	10.0	10-Sep-24 06:37:03.511	
0	0	0	0	0	0	0	18	0	0	0	19.8	28.5	0	0	22.7	10.0	10-Sep-24 06:37:03.555	
0	0	0	1	1	0	0	12	0	0	0	19.8	28.5	0	0	22.7	10.0	10-Sep-24 06:37:03.599	
0	0	0	1	3	0	0	18	0	0	0	19.8	28.5	0	0	22.7	10.0	10-Sep-24 06:37:03.636	
0	0	0	2	2	0	0	17	0	0	0	19.8	28.5	0	0	22.7	10.0	10-Sep-24 06:37:03.680	
0	0	0	0	2	0	0	15	0	0	0	19.8	28.5	0	0	22.7	10.0	10-Sep-24 06:37:03.732	
0	0	0	1	1	0	0	14	0	0	0	19.8	28.5	0	0	22.7	10.0	10-Sep-24 06:37:03.777	
0	0	0	0	2	0	0	12	0	0	0	19.8	28.5	0	0	22.7	10.0	10-Sep-24 06:37:03.819	
0	0	0	2	1	0	0	8	0	0	0	19.8	28.5	0	0	22.7	10.0	10-Sep-24 06:37:03.864	
0	0	0	0	1	0	0	13	0	0	0	19.8	28.5	0	0	22.7	10.0	10-Sep-24 06:37:03.907	
0	0	0	0	1	0	0	11	0	0	0	19.8	28.5	0	0	22.7	10.0	10-Sep-24 06:37:03.951	
0	0	0	1	0	0	0	13	0	0	0	19.8	28.5	0	0	22.7	10.0	10-Sep-24 06:37:03.996	
0	0	0	1	1	0	0	14	0	0	0	19.8	28.5	0	0	22.7	10.0	10-Sep-24 06:37:04.039	
0	0	0	0	1	0	0	17	0	0	0	19.8	28.5	0	0	22.7	10.0	10-Sep-24 06:37:04.084	
0	0	0	0	1	0	0	15	0	0	0	19.8	28.5	0	0	22.7	10.0	10-Sep-24 06:37:04.127	
0	0	0	1	3	0	0	16	0	0	0	19.8	28.5	0	0	22.7	10.0	10-Sep-24 06:37:04.230	
0	0	0	1	3	0	0	13	0	0	0	19.8	28.5	0	0	22.7	10.0	10-Sep-24 06:37:04.276	
0	0	0	0	1	0	0	13	0	0	0	19.8	28.5	0	0	22.7	10.0	10-Sep-24 06:37:04.320	
0	0	0	0	0	0	0	9	0	0	0	19.8	28.5	0	0	22.7	10.0	10-Sep-24 06:37:04.363	
0	0	0	1	1	0	0	8	0	0	0	19.8	28.5	0	0	22.7	10.0	10-Sep-24 06:37:04.408	
0	0	0	0	2	0	0	16	0	0	0	19.8	28.5	0	0	22.7	10.0	10-Sep-24 06:37:04.451	
0	0	0	0	2	0	0	22	0	0	0	19.8	28.5	0	0	22.7	10.0	10-Sep-24 06:37:04.496	
0	0	0	0	1	0	0	8	0	0	0	19.8	28.5	0	0	22.7	10.0	10-Sep-24 06:37:04.539	
0	0	0	0	1	0	0	18	0	0	0	19.8	28.5	0	0	22.7	10.0	10-Sep-24 06:37:04.583	
0	0	0	0	1	0	0	14	0	0	0	19.8	28.5	0	0	22.7	10.0	10-Sep-24 06:37:04.627	
0	0	0	1	1	0	0	12	0	0	0	19.8	28.5	0	0	22.7	10.0	10-Sep-24 06:37:04.671	
0	0	0	1	1	0	0	17	0	0	0	19.8	28.5	0	0	22.7	10.0	10-Sep-24 06:37:04.724	
0	0	0	0	2	0	0	12	0	0	0	19.8	28.5	0	0	22.7	10.0	10-Sep-24 06:37:04.768	
0	0	0	1	1	0	0	16	0	0	0	19.8	28.5	0	0	22.7	10.0	10-Sep-24 06:37:04.812	
0	0	0	0	2	0	0	12	0	0	0	19.8	28.5	0	0	22.7	10.0	10-Sep-24 06:37:04.856	
0	0	0	0	3	0	0	15	0	0	0	19.8	28.5	0	0	22.7	10.0	10-Sep-24 06:37:04.900	
0	0	0	2	2	0	0	19	0	0	0	19.8	28.5	0	0	22.7	10.0	10-Sep-24 06:37:04.943	
0	0	0	1	1	0	0	9	0	0	0	19.8	28.5	0	0	22.7	10.0	10-Sep-24 06:37:04.987	
0	0	0	1	1	0	0	17	0	0	0	19.8	28.5	0	0	22.7	10.0	10-Sep-24 06:37:05.032	
0	0	0	0	2	0	0	11	0	0	0	19.8	28.5	0	0	22.7	10.0	10-Sep-24 06:37:05.075	
0	0	0	1	1	0	0	13	0	0	0	19.8	28.5	0	0	22.7	10.0	10-Sep-24 06:37:05.119	
0	0	0	0	1	0	0	12	0	0	0	19.8	28.5	0	0	22.7	10.0	10-Sep-24 06:37:05.163	
0	0	0	1	2	0	0	16	0	0	0	19.8	28.5	0	0	22.7	10.0	10-Sep-24 06:37:05.206	
0	0	0	1	4	0	0	10	0	0	0	19.8	28.5	0	0	22.7	10.0	10-Sep-24 06:37:05.318	
0	0	0	1	1	0	0	14	0	0	0	19.8	28.5	0	0	22.7	10.0	10-Sep-24 06:37:05.364	
0	0	0	0	1	0	0	16	0	0	0	19.8	28.5	0	0	22.7	10.0	10-Sep-24 06:37:05.408	
0	0	0	0	2	0	0	11	0	0	0	19.8	28.5	0	0	22.7	10.0	10-Sep-24 06:37:05.452	
0	0	0	0	2	0	0	18	0	0	0	19.8	28.5	0	0	22.7	10.0	10-Sep-24 06:37:05.495	
0	0	0	0	1	0	0	16	0	0	0	19.8	28.5	0	0	22.7	10.0	10-Sep-24 06:37:05.539	
0	0	0	0	1	0	0	17	0	0	0	19.8	28.5	0	0	22.7	10.0	10-Sep-24 06:37:05.584	
0	0	0	0	1	0	0	13	0	0	0	19.8	28.5	0	0	22.7	10.0	10-Sep-24 06:37:05.627	
0	0	0	0	1	0	0	15	0	0	0	19.8	28.5	0	0	22.7	10.0	10-Sep-24 06:37:05.672	
0	0	0	0	2	0	0	16	0	0	0	19.8	28.5	0	0	22.7	10.0	10-Sep-24 06:37:05.716	
0	0	0	1	1	0	0	15	0	0	0	19.8	28.5	0	0	22.7	10.0	10-Sep-24 06:37:05.767	
0	0	0	0	2	0	0	7	0	0	0	19.8	28.5	0	0	22.7	10.0	10-Sep-24 06:37:05.811	
0	0	0	0	1	0	0	13	0	0	0	19.8	28.5	0	0	22.7	10.0	10-Sep-24 06:37:05.853	
0	0	0	0	2	0	0	14	0	0	0	19.8	28.5	0	0	22.7	10.0	10-Sep-24 06:37:05.896	
0	0	0	1	1	0	0	12	0	0	0	19.8	28.5	0	0	22.7	10.0	10-Sep-24 06:37:05.939	
0	0	0	0	1	0	0	11	0	0	0	19.8	28.5	0	0	22.7	10.0	10-Sep-24 06:37:05.982	
0	0	0	0	2	0	0	17	0	0	0	19.8	28.5	0	0	22.7	10.0	10-Sep-24 06:37:06.019	
0	0	0	0	1	0	0	14	0	0	0	19.8	28.5	0	0	22.7	10.0	10-Sep-24 06:37:06.063	
0	0	0	0	4	0	0	12	0	0	0	19.8	28.5	0	0	22.7	10.0	10-Sep-24 06:37:06.108	
0	0	0	0	1	0	0	16	0	0	0	19.8	28.5	0	0	22.7	10.0	10-Sep-24 06:37:06.152	
0	0	0	0	1	0	0	10	0	0	0	19.8	28.5	0	0	22.7	10.0	10-Sep-24 06:37:06.195	
0	0	0	0	1	0	0	16	0	0	0	19.8	28.5	0	0	22.7	10.0	10-Sep-24 06:37:06.240	
0	0	0	1	1	0	0	10	0	0	0	19.8	28.5	0	0	22.7	10.0	10-Sep-24 06:37:06.290	
0	0	0	1	1	0	0	14	0	0	0	19.8	28.5	0	0	22.7	10.0	10-Sep-24 06:37:06.393	
0	0	0	1	1	0	0	13	0	0	0	19.8	28.5	0	0	22.7	10.0	10-Sep-24 06:37:06.440	
0	0	0	1	1	0	0	13	0	0	0	19.8	28.5	0	0	22.7	10.0	10-Sep-24 06:37:06.483	
0	0	0	2	1	0	0	17	0	0	0	19.8	28.5	0	0	22.7	10.0	10-Sep-24 06:37:06.519	
0	0	0	0	2	0	0	14	0	0	0	19.8	28.5	0	0	22.7	10.0	10-Sep-24 06:37:06.563	
0	0	0	1	2	0	0	19	0	0	0	19.8	28.5	0	0	22.7	10.0	10-Sep-24 06:37:06.608	
0	0	0	1	0	0	0	16	0	0	0	19.8	28.5	0	0	22.7	10.0	10-Sep-24 06:37:06.651	
0	0	0	0	2	0	0	11	0	0	0	19.8	28.5	0	0	22.7	10.0	10-Sep-24 06:37:06.695	
0	0	0	1	2	0	0	17	0	0	0	19.8	28.5	0	0	22.7	10.0	10-Sep-24 06:37:06.740	
0	0	0	0	1	0	0	17	0	0	0	19.8	28.5	0	0	22.7	10.0	10-Sep-24 06:37:06.779	
0	0	0	1	3	0	0	21	0	0	0	19.8	28.5	0	0	22.7	10.0	10-Sep-24 06:37:06.824	
0	0	0	0	1	0	0	19	0	0	0	19.8	28.5	0	0	22.7	10.0	10-Sep-24 06:37:06.868	
0	0	0	1	3	0	0	15	0	0	0	19.8	28.5	0	0	22.7	10.0	10-Sep-24 06:37:06.912	
0	0	0	1	1	0	0	12	0	0	0	19.8	28.5	0	0	22.7	10.0	10-Sep-24 06:37:06.956	
0	0	0	0	3	0	0	14	0	0	0	19.8	28.5	0	0	22.7	10.0	10-Sep-24 06:37:07.000	
0	0	0	1	1	0	0	17	0	0	0	19.8	28.5	0	0	22.7	10.0	10-Sep-24 06:37:07.043	
0	0	0	0	1	0	0	15	0	0	0	19.8	28.5	0	0	22.7	10.0	10-Sep-24 06:37:07.087	
0	0	0	1	1	0	0	13	0	0	0	19.8	28.5	0	0	22.7	10.0	10-Sep-24 06:37:07.132	
0	0	0	1	1	0	0	9	0	0	0	19.8	28.5	0	0	22.7	10.0	10-Sep-24 06:37:07.175	
0	0	0	0	0	0	0	22	0	0	0	19.8	28.5	0	0	22.7	10.0	10-Sep-24 06:37:07.219	
0	0	0	0	2	0	0	12	0	0	0	19.8	28.5	0	0	22.7	10.0	10-Sep-24 06:37:07.296	
0	0	0	0	2	0	0	8	0	0	0	19.8	28.5	0	0	22.7	10.0	10-Sep-24 06:37:07.378	
0	0	0	0	3	0	0	16	0	0	0	19.8	28.5	0	0	22.7	10.0	10-Sep-24 06:37:07.494	
0	0	0	0	2	0	0	11	0	0	0	19.8	28.5	0	0	22.7	10.0	10-Sep-24 06:37:07.540	
0	0	0	0	2	0	0	14	0	0	0	19.8	28.5	0	0	22.7	10.0	10-Sep-24 06:37:07.584	
0	0	0	1	1	0	0	13	0	0	0	19.8	28.5	0	0	22.7	10.0	10-Sep-24 06:37:07.628	
0	0	0	1	0	0	0	11	0	0	0	19.8	28.5	0	0	22.7	10.0	10-Sep-24 06:37:07.672	
0	0	0	0	1	0	0	10	0	0	0	19.8	28.5	0	0	22.7	10.0	10-Sep-24 06:37:07.715	
0	0	0	1	1	0	0	15	0	0	0	19.8	28.5	0	0	22.7	10.0	10-Sep-24 06:37:07.760	
0	0	0	1	1	0	0	18	0	0	0	19.8	28.5	0	0	22.7	10.0	10-Sep-24 06:37:07.809	
0	0	0	1	1	0	0	13	0	0	0	19.8	28.5	0	0	22.7	10.0	10-Sep-24 06:37:07.856	
0	0	0	0	2	0	0	10	0	0	0	19.8	28.5	0	0	22.7	10.0	10-Sep-24 06:37:07.900	
0	0	0	2	3	0	0	15	0	0	0	19.8	28.5	0	0	22.7	10.0	10-Sep-24 06:37:07.943	
0	0	0	0	2	0	0	15	0	0	0	19.8	28.5	0	0	22.7	10.0	10-Sep-24 06:37:07.987	
0	0	0	0	3	0	0	16	0	0	0	19.8	28.5	0	0	22.7	10.0	10-Sep-24 06:37:08.032	
0	0	0	0	2	0	0	16	0	0	0	19.8	28.5	0	0	22.7	10.0	10-Sep-24 06:37:08.075	
0	0	0	0	1	0	0	13	0	0	0	19.8	28.5	0	0	22.7	10.0	10-Sep-24 06:37:08.120	
0	0	0	0	1	0	0	16	0	0	0	19.8	28.5	0	0	22.7	10.0	10-Sep-24 06:37:08.164	
0	0	0	2	2	0	0	14	0	0	0	19.8	28.5	0	0	22.7	10.0	10-Sep-24 06:37:08.207	
0	0	0	0	1	0	0	17	0	0	0	19.8	28.5	0	0	22.7	10.0	10-Sep-24 06:37:08.251	
0	0	0	1	1	0	0	18	0	0	0	19.8	28.5	0	0	22.7	10.0	10-Sep-24 06:37:08.304	
0	0	0	2	1	0	0	13	0	0	0	19.8	28.5	0	0	22.7	10.0	10-Sep-24 06:37:08.340	
0	0	0	0	2	0	0	13	0	0	0	19.8	28.5	0	0	22.7	10.0	10-Sep-24 06:37:08.384	
0	0	0	0	2	0	0	22	0	0	0	19.8	28.5	0	0	22.7	10.0	10-Sep-24 06:37:08.427	
0	0	0	2	2	0	0	9	0	0	0	19.8	28.5	0	0	22.7	10.0	10-Sep-24 06:37:08.470	
0	0	0	0	2	0	0	17	0	0	0	19.8	28.5	0	0	22.7	10.0	10-Sep-24 06:37:08.575	
0	0	0	1	2	0	0	15	0	0	0	19.8	28.5	0	0	22.7	10.0	10-Sep-24 06:37:08.620	
0	0	0	0	0	0	0	12	0	0	0	19.8	28.5	0	0	22.7	10.0	10-Sep-24 06:37:08.663	
0	0	0	1	2	0	0	19	0	0	0	19.8	28.5	0	0	22.7	10.0	10-Sep-24 06:37:08.707	
0	0	0	1	1	0	0	15	0	0	0	19.8	28.5	0	0	22.7	10.0	10-Sep-24 06:37:08.752	
0	0	0	1	1	0	0	19	0	0	0	19.8	28.5	0	0	22.7	10.0	10-Sep-24 06:37:08.795	
0	0	0	0	1	0	0	13	0	0	0	19.8	28.5	0	0	22.7	10.0	10-Sep-24 06:37:08.843	
0	0	0	1	1	0	0	18	0	0	0	19.8	28.5	0	0	22.7	10.0	10-Sep-24 06:37:08.887	
0	0	0	1	1	0	0	17	0	0	0	19.8	28.5	0	0	22.7	10.0	10-Sep-24 06:37:08.931	
0	0	0	2	1	0	0	13	0	0	0	19.8	28.5	0	0	22.7	10.0	10-Sep-24 06:37:08.975	
0	0	0	1	3	0	0	11	0	0	0	19.8	28.5	0	0	22.7	10.0	10-Sep-24 06:37:09.019	
0	0	0	1	1	0	0	13	0	0	0	19.8	28.5	0	0	22.7	10.0	10-Sep-24 06:37:09.063	
0	0	0	1	2	0	0	18	0	0	0	19.8	28.5	0	0	22.7	10.0	10-Sep-24 06:37:09.107	
0	0	0	1	1	0	0	12	0	0	0	19.8	28.5	0	0	22.7	10.0	10-Sep-24 06:37:09.151	
0	0	0	1	2	0	0	18	0	0	0	19.8	28.5	0	0	22.7	10.0	10-Sep-24 06:37:09.196	
0	0	0	0	2	0	0	8	0	0	0	19.8	28.5	0	0	22.7	10.0	10-Sep-24 06:37:09.239	
0	0	0	1	1	0	0	17	0	0	0	19.8	28.5	0	0	22.7	10.0	10-Sep-24 06:37:09.284	
0	0	0	1	2	0	0	18	0	0	0	19.8	28.5	0	0	22.7	10.0	10-Sep-24 06:37:09.335	
0	0	0	1	2	0	0	18	0	0	0	19.8	28.5	0	0	22.7	10.0	10-Sep-24 06:37:09.380	
0	0	0	0	2	0	0	16	0	0	0	19.8	28.5	0	0	22.7	10.0	10-Sep-24 06:37:09.423	
0	0	0	1	3	0	0	14	0	0	0	19.8	28.5	0	0	22.7	10.0	10-Sep-24 06:37:09.467	
0	0	0	1	4	0	0	14	0	0	0	19.8	28.5	0	0	22.7	10.0	10-Sep-24 06:37:09.511	
0	0	0	0	2	0	0	16	0	0	0	19.8	28.5	0	0	22.7	10.0	10-Sep-24 06:37:09.555	
0	0	0	0	3	0	0	15	0	0	0	19.8	28.5	0	0	22.7	10.0	10-Sep-24 06:37:09.646	
0	0	0	1	2	0	0	18	0	0	0	19.8	28.5	0	0	22.7	10.0	10-Sep-24 06:37:09.692	
0	0	0	0	1	0	0	15	0	0	0	19.8	28.5	0	0	22.7	10.0	10-Sep-24 06:37:09.736	
0	0	0	0	3	0	0	20	0	0	0	19.8	28.5	0	0	22.7	10.0	10-Sep-24 06:37:09.780	
0	0	0	1	3	0	0	18	0	0	0	19.8	28.5	0	0	22.7	10.0	10-Sep-24 06:37:09.829	
0	0	0	0	1	0	0	16	0	0	0	19.8	28.5	0	0	22.7	10.0	10-Sep-24 06:37:09.875	
0	0	0	2	1	0	0	16	0	0	0	19.8	28.5	0	0	22.7	10.0	10-Sep-24 06:37:09.920	
0	0	0	1	1	0	0	17	0	0	0	19.8	28.5	0	0	22.7	10.0	10-Sep-24 06:37:09.963	
0	0	0	2	1	0	0	18	0	0	0	19.8	28.5	0	0	22.7	10.0	10-Sep-24 06:37:10.008	
0	0	0	1	0	0	0	15	0	0	0	19.8	28.5	0	0	22.7	10.0	10-Sep-24 06:37:10.051	
0	0	0	2	1	0	0	16	0	0	0	19.8	28.5	0	0	22.7	10.0	10-Sep-24 06:37:10.095	
0	0	0	1	2	0	0	12	0	0	0	19.8	28.5	0	0	22.7	10.0	10-Sep-24 06:37:10.139	
0	0	0	1	1	0	0	11	0	0	0	19.8	28.5	0	0	22.7	10.0	10-Sep-24 06:37:10.183	
0	0	0	0	3	0	0	15	0	0	0	19.8	28.5	0	0	22.7	10.0	10-Sep-24 06:37:10.228	
0	0	0	1	1	0	0	12	0	0	0	19.8	28.5	0	0	22.7	10.0	10-Sep-24 06:37:10.271	
0	0	0	0	1	0	0	19	0	0	0	19.8	28.5	0	0	22.7	10.0	10-Sep-24 06:37:10.315	
0	0	0	0	1	0	0	11	0	0	0	19.8	28.5	0	0	22.7	10.0	10-Sep-24 06:37:10.366	
0	0	0	1	2	0	0	11	0	0	0	19.8	28.5	0	0	22.7	10.0	10-Sep-24 06:37:10.412	
0	0	0	0	1	0	0	11	0	0	0	19.8	28.5	0	0	22.7	10.0	10-Sep-24 06:37:10.455	
0	0	0	0	2	0	0	13	0	0	0	19.8	28.5	0	0	22.7	10.0	10-Sep-24 06:37:10.499	
0	0	0	1	2	0	0	12	0	0	0	19.8	28.5	0	0	22.7	10.0	10-Sep-24 06:37:10.544	
0	0	0	0	1	0	0	8	0	0	0	19.8	28.5	0	0	22.7	10.0	10-Sep-24 06:37:10.587	
0	0	0	1	2	0	0	10	0	0	0	19.8	28.5	0	0	22.7	10.0	10-Sep-24 06:37:10.632	
0	0	0	1	1	0	0	20	0	0	0	19.8	28.5	0	0	22.7	10.0	10-Sep-24 06:37:10.734	
0	0	0	1	1	0	0	18	0	0	0	19.8	28.5	0	0	22.7	10.0	10-Sep-24 06:37:10.779	
0	0	0	1	1	0	0	15	0	0	0	19.8	28.5	0	0	22.7	10.0	10-Sep-24 06:37:10.824	
0	0	0	1	3	0	0	18	0	0	0	19.8	28.5	0	0	22.7	10.0	10-Sep-24 06:37:10.875	
0	0	0	1	1	0	0	15	0	0	0	19.8	28.5	0	0	22.7	10.0	10-Sep-24 06:37:10.917	
0	0	0	1	1	0	0	10	0	0	0	19.8	28.5	0	0	22.7	10.0	10-Sep-24 06:37:10.960	
0	0	0	0	1	0	0	6	0	0	0	19.8	28.5	0	0	22.7	10.0	10-Sep-24 06:37:11.004	
0	0	0	1	2	0	0	9	0	0	0	19.8	28.5	0	0	22.7	10.0	10-Sep-24 06:37:11.048	
0	0	0	1	1	0	0	13	0	0	0	19.8	28.5	0	0	22.7	10.0	10-Sep-24 06:37:11.091	
0	0	0	2	2	0	0	11	0	0	0	19.8	28.5	0	0	22.7	10.0	10-Sep-24 06:37:11.135	
0	0	0	0	1	0	0	18	0	0	0	19.8	28.5	0	0	22.7	10.0	10-Sep-24 06:37:11.179	
0	0	0	0	2	0	0	14	0	0	0	19.8	28.5	0	0	22.7	10.0	10-Sep-24 06:37:11.223	
0	0	0	0	1	0	0	9	0	0	0	19.8	28.5	0	0	22.7	10.0	10-Sep-24 06:37:11.268	
0	0	0	0	1	0	0	22	0	0	0	19.8	28.5	0	0	22.7	10.0	10-Sep-24 06:37:11.311	
0	0	0	1	1	0	0	11	0	0	0	19.8	28.5	0	0	22.7	10.0	10-Sep-24 06:37:11.356	
0	0	0	1	1	0	0	23	0	0	0	19.8	28.5	0	0	22.7	10.0	10-Sep-24 06:37:11.405	
0	0	0	0	1	0	0	14	0	0	0	19.8	28.5	0	0	22.7	10.0	10-Sep-24 06:37:11.452	
0	0	0	0	1	0	0	19	0	0	0	19.8	28.5	0	0	22.7	10.0	10-Sep-24 06:37:11.496	
0	0	0	1	1	0	0	21	0	0	0	19.8	28.5	0	0	22.7	10.0	10-Sep-24 06:37:11.539	
0	0	0	0	1	0	0	19	0	0	0	19.8	28.5	0	0	22.7	10.0	10-Sep-24 06:37:11.583	
0	0	0	0	2	0	0	19	0	0	0	19.8	28.5	0	0	22.7	10.0	10-Sep-24 06:37:11.628	
0	0	0	0	1	0	0	12	0	0	0	19.8	28.5	0	0	22.7	10.0	10-Sep-24 06:37:11.672	
0	0	0	0	1	0	0	13	0	0	0	19.8	28.5	0	0	22.7	10.0	10-Sep-24 06:37:11.716	
0	0	0	1	2	0	0	20	0	0	0	19.8	28.5	0	0	22.7	10.0	10-Sep-24 06:37:11.818	
0	0	0	1	1	0	0	13	0	0	0	19.8	28.5	0	0	22.7	10.0	10-Sep-24 06:37:11.864	
0	0	0	1	1	0	0	13	0	0	0	19.8	28.5	0	0	22.7	10.0	10-Sep-24 06:37:11.916	
0	0	0	2	2	0	0	18	0	0	0	19.8	28.5	0	0	22.7	10.0	10-Sep-24 06:37:11.959	
0	0	0	1	1	0	0	19	0	0	0	19.8	28.5	0	0	22.7	10.0	10-Sep-24 06:37:12.004	
0	0	0	0	3	0	0	15	0	0	0	19.8	28.5	0	0	22.7	10.0	10-Sep-24 06:37:12.047	
0	0	0	0	2	0	0	15	0	0	0	19.8	28.5	0	0	22.7	10.0	10-Sep-24 06:37:12.091	
0	0	0	1	1	0	0	14	0	0	0	19.8	28.5	0	0	22.7	10.0	10-Sep-24 06:37:12.135	
0	0	0	0	2	0	0	15	0	0	0	19.8	28.5	0	0	22.7	10.0	10-Sep-24 06:37:12.179	
0	0	0	3	3	0	0	19	0	0	0	19.8	28.5	0	0	22.7	10.0	10-Sep-24 06:37:12.224	
0	0	0	0	2	0	0	12	0	0	0	19.8	28.5	0	0	22.7	10.0	10-Sep-24 06:37:12.267	
0	0	0	0	1	0	0	6	0	0	0	19.8	28.5	0	0	22.7	10.0	10-Sep-24 06:37:12.311	
0	0	0	0	2	0	0	16	0	0	0	19.8	28.5	0	0	22.7	10.0	10-Sep-24 06:37:12.355	
0	0	0	1	2	0	0	10	0	0	0	19.8	28.5	0	0	22.7	10.0	10-Sep-24 06:37:12.407	
0	0	0	0	3	0	0	12	0	0	0	19.8	28.5	0	0	22.7	10.0	10-Sep-24 06:37:12.479	
0	0	0	1	2	0	0	11	0	0	0	19.8	28.5	0	0	22.7	10.0	10-Sep-24 06:37:12.549	
0	0	0	1	1	0	0	16	0	0	0	19.8	28.5	0	0	22.7	10.0	10-Sep-24 06:37:12.618	
0	0	0	1	1	0	0	12	0	0	0	19.8	28.5	0	0	22.7	10.0	10-Sep-24 06:37:12.672	
0	0	0	1	2	0	0	22	0	0	0	19.8	28.5	0	0	22.7	10.0	10-Sep-24 06:37:12.716	
0	0	0	3	1	0	0	20	0	0	0	19.8	28.5	0	0	22.7	10.0	10-Sep-24 06:37:12.759	
0	0	0	1	2	0	0	12	0	0	0	19.8	28.5	0	0	22.7	10.0	10-Sep-24 06:37:12.803	
0	0	0	0	1	0	0	13	0	0	0	19.8	28.5	0	0	22.7	10.0	10-Sep-24 06:37:12.914	
0	0	0	0	1	0	0	14	0	0	0	19.8	28.5	0	0	22.7	10.0	10-Sep-24 06:37:12.960	
0	0	0	0	1	0	0	12	0	0	0	19.8	28.5	0	0	22.7	10.0	10-Sep-24 06:37:13.004	
0	0	0	0	3	0	0	17	0	0	0	19.8	28.5	0	0	22.7	10.0	10-Sep-24 06:37:13.048	
0	0	0	0	2	0	0	14	0	0	0	19.8	28.5	0	0	22.7	10.0	10-Sep-24 06:37:13.092	
0	0	0	1	1	0	0	17	0	0	0	19.8	28.5	0	0	22.7	10.0	10-Sep-24 06:37:13.136	
0	0	0	1	2	0	0	12	0	0	0	19.8	28.5	0	0	22.7	10.0	10-Sep-24 06:37:13.179	
0	0	0	1	1	0	0	15	0	0	0	19.8	28.5	0	0	22.7	10.0	10-Sep-24 06:37:13.223	
0	0	0	1	1	0	0	17	0	0	0	19.8	28.5	0	0	22.7	10.0	10-Sep-24 06:37:13.268	
0	0	0	1	2	0	0	10	0	0	0	19.8	28.5	0	0	22.7	10.0	10-Sep-24 06:37:13.312	
0	0	0	1	2	0	0	12	0	0	0	19.8	28.5	0	0	22.7	10.0	10-Sep-24 06:37:13.355	
0	0	0	0	1	0	0	11	0	0	0	19.8	28.5	0	0	22.7	10.0	10-Sep-24 06:37:13.400	
0	0	0	1	1	0	0	10	0	0	0	19.8	28.5	0	0	22.7	10.0	10-Sep-24 06:37:13.451	
0	0	0	1	2	0	0	20	0	0	0	19.8	28.5	0	0	22.7	10.0	10-Sep-24 06:37:13.495	
0	0	0	0	3	0	0	10	0	0	0	19.8	28.5	0	0	22.7	10.0	10-Sep-24 06:37:13.539	
0	0	0	2	2	0	0	16	0	0	0	19.8	28.5	0	0	22.7	10.0	10-Sep-24 06:37:13.584	
0	0	0	0	0	0	0	16	0	0	0	19.8	28.5	0	0	22.7	10.0	10-Sep-24 06:37:13.627	
0	0	0	0	2	0	0	10	0	0	0	19.8	28.5	0	0	22.7	10.0	10-Sep-24 06:37:13.671	
0	0	0	0	2	0	0	15	0	0	0	19.8	28.5	0	0	22.7	10.0	10-Sep-24 06:37:13.716	
0	0	0	0	1	0	0	14	0	0	0	19.8	28.5	0	0	22.7	10.0	10-Sep-24 06:37:13.760	
0	0	0	0	1	0	0	15	0	0	0	19.8	28.5	0	0	22.7	10.0	10-Sep-24 06:37:13.803	
0	0	0	0	2	0	0	13	0	0	0	19.8	28.5	0	0	22.7	10.0	10-Sep-24 06:37:13.847	
0	0	0	0	1	0	0	17	0	0	0	19.8	28.5	0	0	22.7	10.0	10-Sep-24 06:37:13.891	
0	0	0	0	3	0	0	20	0	0	0	19.8	28.5	0	0	22.7	10.0	10-Sep-24 06:37:13.999	
0	0	0	0	3	0	0	18	0	0	0	19.8	28.5	0	0	22.7	10.0	10-Sep-24 06:37:14.043	
0	0	0	0	1	0	0	9	0	0	0	19.8	28.5	0	0	22.7	10.0	10-Sep-24 06:37:14.087	
0	0	0	0	1	0	0	10	0	0	0	19.8	28.5	0	0	22.7	10.0	10-Sep-24 06:37:14.134	
0	0	0	0	1	0	0	11	0	0	0	19.8	28.5	0	0	22.7	10.0	10-Sep-24 06:37:14.171	
0	0	0	0	2	0	0	15	0	0	0	19.8	28.5	0	0	22.7	10.0	10-Sep-24 06:37:14.215	
0	0	0	1	0	0	0	11	0	0	0	19.8	28.5	0	0	22.7	10.0	10-Sep-24 06:37:14.259	
0	0	0	1	0	0	0	11	0	0	0	19.8	28.5	0	0	22.7	10.0	10-Sep-24 06:37:14.303	
0	0	0	1	1	0	0	19	0	0	0	19.8	28.5	0	0	22.7	10.0	10-Sep-24 06:37:14.348	
0	0	0	0	2	0	0	11	0	0	0	19.8	28.5	0	0	22.7	10.0	10-Sep-24 06:37:14.391	
0	0	0	0	1	0	0	14	0	0	0	19.8	28.5	0	0	22.7	10.0	10-Sep-24 06:37:14.443	
0	0	0	2	2	0	0	19	0	0	0	19.8	28.5	0	0	22.7	10.0	10-Sep-24 06:37:14.480	
0	0	0	0	3	0	0	8	0	0	0	19.8	28.5	0	0	22.7	10.0	10-Sep-24 06:37:14.523	
0	0	0	0	1	0	0	11	0	0	0	19.8	28.5	0	0	22.7	10.0	10-Sep-24 06:37:14.567	
0	0	0	0	1	0	0	8	0	0	0	19.8	28.5	0	0	22.7	10.0	10-Sep-24 06:37:14.611	
0	0	0	1	1	0	0	11	0	0	0	19.8	28.5	0	0	22.7	10.0	10-Sep-24 06:37:14.655	
0	0	0	1	1	0	0	9	0	0	0	19.8	28.5	0	0	22.7	10.0	10-Sep-24 06:37:14.699	
0	0	0	0	1	0	0	11	0	0	0	19.8	28.5	0	0	22.7	10.0	10-Sep-24 06:37:14.744	
0	0	0	1	1	0	0	21	0	0	0	19.8	28.5	0	0	22.7	10.0	10-Sep-24 06:37:14.787	
0	0	0	1	2	0	0	15	0	0	0	19.8	28.5	0	0	22.7	10.0	10-Sep-24 06:37:14.831	
0	0	0	1	1	0	0	12	0	0	0	19.8	28.5	0	0	22.7	10.0	10-Sep-24 06:37:14.875	
0	0	0	1	1	0	0	11	0	0	0	19.8	28.5	0	0	22.7	10.0	10-Sep-24 06:37:14.919	
0	0	0	0	3	0	0	12	0	0	0	19.8	28.5	0	0	22.7	10.0	10-Sep-24 06:37:14.972	
0	0	0	1	1	0	0	12	0	0	0	19.8	28.5	0	0	22.7	10.0	10-Sep-24 06:37:15.074	
0	0	0	2	2	0	0	15	0	0	0	19.8	28.5	0	0	22.7	10.0	10-Sep-24 06:37:15.119	
0	0	0	0	1	0	0	13	0	0	0	19.8	28.5	0	0	22.7	10.0	10-Sep-24 06:37:15.165	
0	0	0	1	1	0	0	13	0	0	0	19.8	28.5	0	0	22.7	10.0	10-Sep-24 06:37:15.207	
0	0	0	2	1	0	0	11	0	0	0	19.8	28.5	0	0	22.7	10.0	10-Sep-24 06:37:15.251	
0	0	0	0	2	0	0	14	0	0	0	19.8	28.5	0	0	22.7	10.0	10-Sep-24 06:37:15.295	
0	0	0	2	1	0	0	10	0	0	0	19.8	28.5	0	0	22.7	10.0	10-Sep-24 06:37:15.339	
0	0	0	0	1	0	0	16	0	0	0	19.8	28.5	0	0	22.7	10.0	10-Sep-24 06:37:15.384	
0	0	0	0	1	0	0	8	0	0	0	19.8	28.5	0	0	22.7	10.0	10-Sep-24 06:37:15.427	
0	0	0	1	1	0	0	22	0	0	0	19.8	28.5	0	0	22.7	10.0	10-Sep-24 06:37:15.478	
0	0	0	0	0	0	0	16	0	0	0	19.8	28.5	0	0	22.7	10.0	10-Sep-24 06:37:15.524	
0	0	0	0	3	0	0	10	0	0	0	19.8	28.5	0	0	22.7	10.0	10-Sep-24 06:37:15.568	
0	0	0	0	2	0	0	14	0	0	0	19.8	28.5	0	0	22.7	10.0	10-Sep-24 06:37:15.611	
0	0	0	1	2	0	0	11	0	0	0	19.8	28.5	0	0	22.7	10.0	10-Sep-24 06:37:15.655	
0	0	0	1	1	0	0	9	0	0	0	19.8	28.5	0	0	22.7	10.0	10-Sep-24 06:37:15.699	
0	0	0	1	1	0	0	14	0	0	0	19.8	28.5	0	0	22.7	10.0	10-Sep-24 06:37:15.743	
0	0	0	0	1	0	0	17	0	0	0	19.8	28.5	0	0	22.7	10.0	10-Sep-24 06:37:15.787	
0	0	0	1	2	0	0	10	0	0	0	19.8	28.5	0	0	22.7	10.0	10-Sep-24 06:37:15.831	
0	0	0	0	1	0	0	16	0	0	0	19.8	28.5	0	0	22.7	10.0	10-Sep-24 06:37:15.875	
0	0	0	0	6	0	0	10	0	0	0	19.8	28.5	0	0	22.7	10.0	10-Sep-24 06:37:15.920	
0	0	0	1	1	0	0	14	0	0	0	19.8	28.5	0	0	22.7	10.0	10-Sep-24 06:37:15.969	
0	0	0	1	1	0	0	8	0	0	0	19.8	28.5	0	0	22.7	10.0	10-Sep-24 06:37:16.006	
0	0	0	1	1	0	0	17	0	0	0	19.8	28.5	0	0	22.7	10.0	10-Sep-24 06:37:16.052	
0	0	0	1	0	0	0	14	0	0	0	19.8	28.5	0	0	22.7	10.0	10-Sep-24 06:37:16.143	
0	0	0	0	2	0	0	13	0	0	0	19.8	28.5	0	0	22.7	10.0	10-Sep-24 06:37:16.188	
0	0	0	0	0	0	0	8	0	0	0	19.8	28.5	0	0	22.7	10.0	10-Sep-24 06:37:16.232	
0	0	0	1	1	0	0	18	0	0	0	19.8	28.5	0	0	22.7	10.0	10-Sep-24 06:37:16.275	
0	0	0	1	1	0	0	21	0	0	0	19.8	28.5	0	0	22.7	10.0	10-Sep-24 06:37:16.319	
0	0	0	1	2	0	0	9	0	0	0	19.8	28.5	0	0	22.7	10.0	10-Sep-24 06:37:16.363	
0	0	0	1	1	0	0	18	0	0	0	19.8	28.5	0	0	22.7	10.0	10-Sep-24 06:37:16.407	
0	0	0	1	1	0	0	8	0	0	0	19.8	28.5	0	0	22.7	10.0	10-Sep-24 06:37:16.444	
0	0	0	1	2	0	0	16	0	0	0	19.8	28.5	0	0	22.7	10.0	10-Sep-24 06:37:16.495	
0	0	0	0	1	0	0	16	0	0	0	19.8	28.5	0	0	22.7	10.0	10-Sep-24 06:37:16.541	
0	0	0	1	1	0	0	16	0	0	0	19.8	28.5	0	0	22.7	10.0	10-Sep-24 06:37:16.583	
0	0	0	1	1	0	0	8	0	0	0	19.8	28.5	0	0	22.7	10.0	10-Sep-24 06:37:16.627	
0	0	0	0	1	0	0	16	0	0	0	19.8	28.5	0	0	22.7	10.0	10-Sep-24 06:37:16.671	
0	0	0	1	2	0	0	14	0	0	0	19.8	28.5	0	0	22.7	10.0	10-Sep-24 06:37:16.715	
0	0	0	1	2	0	0	5	0	0	0	19.8	28.5	0	0	22.7	10.0	10-Sep-24 06:37:16.759	
0	0	0	1	2	0	0	13	0	0	0	19.8	28.5	0	0	22.7	10.0	10-Sep-24 06:37:16.803	
0	0	0	0	3	0	0	19	0	0	0	19.8	28.5	0	0	22.7	10.0	10-Sep-24 06:37:16.846	
0	0	0	1	2	0	0	18	0	0	0	19.8	28.5	0	0	22.7	10.0	10-Sep-24 06:37:16.891	
0	0	0	2	1	0	0	14	0	0	0	19.8	28.5	0	0	22.7	10.0	10-Sep-24 06:37:16.935	
0	0	0	2	2	0	0	15	0	0	0	19.8	28.5	0	0	22.7	10.0	10-Sep-24 06:37:16.980	
0	0	0	0	2	0	0	9	0	0	0	19.8	28.5	0	0	22.7	10.0	10-Sep-24 06:37:17.031	
0	0	0	1	0	0	0	17	0	0	0	19.8	28.5	0	0	22.7	10.0	10-Sep-24 06:37:17.076	
0	0	0	0	1	0	0	15	0	0	0	19.8	28.5	0	0	22.7	10.0	10-Sep-24 06:37:17.119	
0	0	0	0	1	0	0	9	0	0	0	19.8	28.5	0	0	22.7	10.0	10-Sep-24 06:37:17.213	
0	0	0	1	3	0	0	12	0	0	0	19.8	28.5	0	0	22.7	10.0	10-Sep-24 06:37:17.259	
0	0	0	1	2	0	0	11	0	0	0	19.8	28.5	0	0	22.7	10.0	10-Sep-24 06:37:17.304	
0	0	0	1	3	0	0	10	0	0	0	19.8	28.5	0	0	22.7	10.0	10-Sep-24 06:37:17.347	
0	0	0	1	2	0	0	16	0	0	0	19.8	28.5	0	0	22.7	10.0	10-Sep-24 06:37:17.391	
0	0	0	1	1	0	0	14	0	0	0	19.8	28.5	0	0	22.7	10.0	10-Sep-24 06:37:17.436	
0	0	0	0	2	0	0	19	0	0	0	19.8	28.5	0	0	22.7	10.0	10-Sep-24 06:37:17.479	
0	0	0	0	1	0	0	7	0	0	0	19.8	28.5	0	0	22.7	10.0	10-Sep-24 06:37:17.531	
0	0	0	2	1	0	0	12	0	0	0	19.8	28.5	0	0	22.7	10.0	10-Sep-24 06:37:17.575	
0	0	0	1	1	0	0	16	0	0	0	19.8	28.5	0	0	22.7	10.0	10-Sep-24 06:37:17.620	
0	0	0	0	2	0	0	13	0	0	0	19.8	28.5	0	0	22.7	10.0	10-Sep-24 06:37:17.690	
0	0	0	1	1	0	0	10	0	0	0	19.8	28.5	0	0	22.7	10.0	10-Sep-24 06:37:17.787	
0	0	0	1	2	0	0	10	0	0	0	19.8	28.5	0	0	22.7	10.0	10-Sep-24 06:37:17.863	
0	0	0	1	1	0	0	15	0	0	0	19.8	28.5	0	0	22.7	10.0	10-Sep-24 06:37:17.908	
0	0	0	1	1	0	0	19	0	0	0	19.8	28.5	0	0	22.7	10.0	10-Sep-24 06:37:17.952	
0	0	0	1	3	0	0	18	0	0	0	19.8	28.5	0	0	22.7	10.0	10-Sep-24 06:37:17.995	
0	0	0	0	2	0	0	14	0	0	0	19.8	28.5	0	0	22.7	10.0	10-Sep-24 06:37:18.048	
0	0	0	1	0	0	0	17	0	0	0	19.8	28.5	0	0	22.7	10.0	10-Sep-24 06:37:18.091	
0	0	0	0	2	0	0	17	0	0	0	19.8	28.5	0	0	22.7	10.0	10-Sep-24 06:37:18.136	
0	0	0	1	2	0	0	15	0	0	0	19.8	28.5	0	0	22.7	10.0	10-Sep-24 06:37:18.179	
0	0	0	0	1	0	0	17	0	0	0	19.8	28.5	0	0	22.7	10.0	10-Sep-24 06:37:18.283	
0	0	0	1	1	0	0	12	0	0	0	19.8	28.5	0	0	22.7	10.0	10-Sep-24 06:37:18.322	
0	0	0	0	1	0	0	19	0	0	0	19.8	28.5	0	0	22.7	10.0	10-Sep-24 06:37:18.368	
0	0	0	0	1	0	0	18	0	0	0	19.8	28.5	0	0	22.7	10.0	10-Sep-24 06:37:18.411	
0	0	0	0	0	0	0	17	0	0	0	19.8	28.5	0	0	22.7	10.0	10-Sep-24 06:37:18.456	
0	0	0	0	2	0	0	19	0	0	0	19.8	28.5	0	0	22.7	10.0	10-Sep-24 06:37:18.499	
0	0	0	0	1	0	0	14	0	0	0	19.8	28.5	0	0	22.7	10.0	10-Sep-24 06:37:18.550	
0	0	0	1	1	0	0	9	0	0	0	19.8	28.5	0	0	22.7	10.0	10-Sep-24 06:37:18.595	
0	0	0	0	1	0	0	16	0	0	0	19.8	28.5	0	0	22.7	10.0	10-Sep-24 06:37:18.639	
0	0	0	0	1	0	0	11	0	0	0	19.8	28.5	0	0	22.7	10.0	10-Sep-24 06:37:18.684	
0	0	0	0	1	0	0	16	0	0	0	19.8	28.5	0	0	22.7	10.0	10-Sep-24 06:37:18.727	
0	0	0	1	2	0	0	12	0	0	0	19.8	28.5	0	0	22.7	10.0	10-Sep-24 06:37:18.772	
0	0	0	0	3	0	0	13	0	0	0	19.8	28.5	0	0	22.7	10.0	10-Sep-24 06:37:18.815	
0	0	0	0	2	0	0	16	0	0	0	19.8	28.5	0	0	22.7	10.0	10-Sep-24 06:37:18.859	
0	0	0	0	1	0	0	12	0	0	0	19.8	28.5	0	0	22.7	10.0	10-Sep-24 06:37:18.923	
0	0	0	2	3	0	0	20	0	0	0	19.8	28.5	0	0	22.7	10.0	10-Sep-24 06:37:18.986	
0	0	0	2	1	0	0	11	0	0	0	19.8	28.5	0	0	22.7	10.0	10-Sep-24 06:37:19.047	
0	0	0	1	1	0	0	17	0	0	0	19.8	28.5	0	0	22.7	10.0	10-Sep-24 06:37:19.124	
0	0	0	2	1	0	0	11	0	0	0	19.8	28.5	0	0	22.7	10.0	10-Sep-24 06:37:19.184	
0	0	0	1	1	0	0	13	0	0	0	19.8	28.5	0	0	22.7	10.0	10-Sep-24 06:37:19.228	
0	0	0	0	1	0	0	19	0	0	0	19.8	28.5	0	0	22.7	10.0	10-Sep-24 06:37:19.272	
0	0	0	0	2	0	0	10	0	0	0	19.8	28.5	0	0	22.7	10.0	10-Sep-24 06:37:19.372	
0	0	0	1	2	0	0	17	0	0	0	19.8	28.5	0	0	22.7	10.0	10-Sep-24 06:37:19.411	
0	0	0	0	2	0	0	13	0	0	0	19.8	28.5	0	0	22.7	10.0	10-Sep-24 06:37:19.456	
0	0	0	1	1	0	0	15	0	0	0	19.8	28.5	0	0	22.7	10.0	10-Sep-24 06:37:19.499	
0	0	0	1	1	0	0	12	0	0	0	19.8	28.5	0	0	22.7	10.0	10-Sep-24 06:37:19.549	
0	0	0	1	4	0	0	16	0	0	0	19.8	28.5	0	0	22.7	10.0	10-Sep-24 06:37:19.593	
0	0	0	0	0	0	0	17	0	0	0	19.8	28.5	0	0	22.7	10.0	10-Sep-24 06:37:19.636	
0	0	0	1	1	0	0	17	0	0	0	19.8	28.5	0	0	22.7	10.0	10-Sep-24 06:37:19.679	
0	0	0	0	2	0	0	10	0	0	0	19.8	28.5	0	0	22.7	10.0	10-Sep-24 06:37:19.723	
0	0	0	0	1	0	0	15	0	0	0	19.8	28.5	0	0	22.7	10.0	10-Sep-24 06:37:19.767	
0	0	0	0	1	0	0	10	0	0	0	19.8	28.5	0	0	22.7	10.0	10-Sep-24 06:37:19.811	
0	0	0	1	0	0	0	17	0	0	0	19.8	28.5	0	0	22.7	10.0	10-Sep-24 06:37:19.856	
0	0	0	1	2	0	0	21	0	0	0	19.8	28.5	0	0	22.7	10.0	10-Sep-24 06:37:19.899	
0	0	0	0	1	0	0	7	0	0	0	19.8	28.5	0	0	22.7	10.0	10-Sep-24 06:37:19.943	
0	0	0	1	3	0	0	17	0	0	0	19.8	28.5	0	0	22.7	10.0	10-Sep-24 06:37:19.980	
0	0	0	1	1	0	0	21	0	0	0	19.8	28.5	0	0	22.7	10.0	10-Sep-24 06:37:20.023	
0	0	0	0	1	0	0	17	0	0	0	19.8	28.5	0	0	22.7	10.0	10-Sep-24 06:37:20.075	
0	0	0	0	1	0	0	17	0	0	0	19.8	28.5	0	0	22.7	10.0	10-Sep-24 06:37:20.113	
0	0	0	0	2	0	0	11	0	0	0	19.8	28.5	0	0	22.7	10.0	10-Sep-24 06:37:20.155	
0	0	0	0	3	0	0	18	0	0	0	19.8	28.5	0	0	22.7	10.0	10-Sep-24 06:37:20.199	
0	0	0	1	1	0	0	9	0	0	0	19.8	28.5	0	0	22.7	10.0	10-Sep-24 06:37:20.243	
0	0	0	0	1	0	0	15	0	0	0	19.8	28.5	0	0	22.7	10.0	10-Sep-24 06:37:20.287	
0	0	0	1	1	0	0	14	0	0	0	19.8	28.5	0	0	22.7	10.0	10-Sep-24 06:37:20.332	
0	0	0	0	1	0	0	10	0	0	0	19.8	28.5	0	0	22.7	10.0	10-Sep-24 06:37:20.424	
0	0	0	1	1	0	0	18	0	0	0	19.8	28.5	0	0	22.7	10.0	10-Sep-24 06:37:20.462	
0	0	0	1	2	0	0	10	0	0	0	19.8	28.5	0	0	22.7	10.0	10-Sep-24 06:37:20.508	
0	0	0	1	1	0	0	16	0	0	0	19.8	28.5	0	0	22.7	10.0	10-Sep-24 06:37:20.551	
0	0	0	0	1	0	0	17	0	0	0	19.8	28.5	0	0	22.7	10.0	10-Sep-24 06:37:20.602	
0	0	0	1	1	0	0	12	0	0	0	19.8	28.5	0	0	22.7	10.0	10-Sep-24 06:37:20.648	
0	0	0	1	3	0	0	12	0	0	0	19.8	28.5	0	0	22.7	10.0	10-Sep-24 06:37:20.691	
0	0	0	0	1	0	0	18	0	0	0	19.8	28.5	0	0	22.7	10.0	10-Sep-24 06:37:20.736	
0	0	0	0	2	0	0	18	0	0	0	19.8	28.5	0	0	22.7	10.0	10-Sep-24 06:37:20.779	
0	0	0	0	1	0	0	10	0	0	0	19.8	28.5	0	0	22.7	10.0	10-Sep-24 06:37:20.824	
0	0	0	0	2	0	0	11	0	0	0	19.8	28.5	0	0	22.7	10.0	10-Sep-24 06:37:20.867	
0	0	0	0	1	0	0	13	0	0	0	19.8	28.5	0	0	22.7	10.0	10-Sep-24 06:37:20.911	
0	0	0	0	2	0	0	12	0	0	0	19.8	28.5	0	0	22.7	10.0	10-Sep-24 06:37:20.956	
0	0	0	0	2	0	0	15	0	0	0	19.8	28.5	0	0	22.7	10.0	10-Sep-24 06:37:21.000	
0	0	0	1	1	0	0	11	0	0	0	19.8	28.5	0	0	22.7	10.0	10-Sep-24 06:37:21.044	
0	0	0	0	1	0	0	21	0	0	0	19.8	28.5	0	0	22.7	10.0	10-Sep-24 06:37:21.095	
0	0	0	0	2	0	0	14	0	0	0	19.8	28.5	0	0	22.7	10.0	10-Sep-24 06:37:21.141	
0	0	0	0	1	0	0	12	0	0	0	19.8	28.5	0	0	22.7	10.0	10-Sep-24 06:37:21.183	
0	0	0	1	0	0	0	11	0	0	0	19.8	28.5	0	0	22.7	10.0	10-Sep-24 06:37:21.227	
0	0	0	1	2	0	0	15	0	0	0	19.8	28.5	0	0	22.7	10.0	10-Sep-24 06:37:21.271	
0	0	0	0	3	0	0	18	0	0	0	19.8	28.5	0	0	22.7	10.0	10-Sep-24 06:37:21.315	
0	0	0	0	1	0	0	11	0	0	0	19.8	28.5	0	0	22.7	10.0	10-Sep-24 06:37:21.360	
0	0	0	1	2	0	0	11	0	0	0	19.8	28.5	0	0	22.7	10.0	10-Sep-24 06:37:21.403	
0	0	0	0	2	0	0	15	0	0	0	19.8	28.5	0	0	22.7	10.0	10-Sep-24 06:37:21.506	
0	0	0	1	1	0	0	15	0	0	0	19.8	28.5	0	0	22.7	10.0	10-Sep-24 06:37:21.552	
0	0	0	0	1	0	0	10	0	0	0	19.8	28.5	0	0	22.7	10.0	10-Sep-24 06:37:21.603	
0	0	0	1	1	0	0	13	0	0	0	19.8	28.5	0	0	22.7	10.0	10-Sep-24 06:37:21.648	
0	0	0	0	2	0	0	14	0	0	0	19.8	28.5	0	0	22.7	10.0	10-Sep-24 06:37:21.692	
0	0	0	1	3	0	0	10	0	0	0	19.8	28.5	0	0	22.7	10.0	10-Sep-24 06:37:21.735	
0	0	0	0	2	0	0	11	0	0	0	19.8	28.5	0	0	22.7	10.0	10-Sep-24 06:37:21.779	
0	0	0	2	1	0	0	13	0	0	0	19.8	28.5	0	0	22.7	10.0	10-Sep-24 06:37:21.823	
0	0	0	0	2	0	0	8	0	0	0	19.8	28.5	0	0	22.7	10.0	10-Sep-24 06:37:21.867	
0	0	0	0	1	0	0	18	0	0	0	19.8	28.5	0	0	22.7	10.0	10-Sep-24 06:37:21.911	
0	0	0	1	1	0	0	12	0	0	0	19.8	28.5	0	0	22.7	10.0	10-Sep-24 06:37:21.955	
0	0	0	1	2	0	0	10	0	0	0	19.8	28.5	0	0	22.7	10.0	10-Sep-24 06:37:21.999	
0	0	0	0	2	0	0	14	0	0	0	19.8	28.5	0	0	22.7	10.0	10-Sep-24 06:37:22.044	
0	0	0	0	2	0	0	16	0	0	0	19.8	28.5	0	0	22.7	10.0	10-Sep-24 06:37:22.087	
0	0	0	1	3	0	0	8	0	0	0	19.8	28.5	0	0	22.7	10.0	10-Sep-24 06:37:22.139	
0	0	0	1	2	0	0	20	0	0	0	19.8	28.5	0	0	22.7	10.0	10-Sep-24 06:37:22.184	
0	0	0	1	1	0	0	12	0	0	0	19.8	28.5	0	0	22.7	10.0	10-Sep-24 06:37:22.227	
0	0	0	1	1	0	0	16	0	0	0	19.8	28.5	0	0	22.7	10.0	10-Sep-24 06:37:22.272	
0	0	0	1	2	0	0	15	0	0	0	19.8	28.5	0	0	22.7	10.0	10-Sep-24 06:37:22.315	
0	0	0	0	1	0	0	13	0	0	0	19.8	28.5	0	0	22.7	10.0	10-Sep-24 06:37:22.359	
0	0	0	0	1	0	0	12	0	0	0	19.8	28.5	0	0	22.7	10.0	10-Sep-24 06:37:22.404	
0	0	0	1	0	0	0	14	0	0	0	19.8	28.5	0	0	22.7	10.0	10-Sep-24 06:37:22.447	
0	0	0	1	1	0	0	16	0	0	0	19.8	28.5	0	0	22.7	10.0	10-Sep-24 06:37:22.492	
0	0	0	0	0	0	0	10	0	0	0	19.8	28.5	0	0	22.7	10.0	10-Sep-24 06:37:22.596	
0	0	0	1	2	0	0	21	0	0	0	19.8	28.5	0	0	22.7	10.0	10-Sep-24 06:37:22.649	
0	0	0	1	3	0	0	11	0	0	0	19.8	28.5	0	0	22.7	10.0	10-Sep-24 06:37:22.691	
0	0	0	1	4	0	0	11	0	0	0	19.8	28.5	0	0	22.7	10.0	10-Sep-24 06:37:22.736	
0	0	0	0	2	0	0	12	0	0	0	19.8	28.5	0	0	22.7	10.0	10-Sep-24 06:37:22.780	
0	0	0	0	1	0	0	22	0	0	0	19.8	28.5	0	0	22.7	10.0	10-Sep-24 06:37:22.824	
0	0	0	0	3	0	0	13	0	0	0	19.8	28.5	0	0	22.7	10.0	10-Sep-24 06:37:22.893	
0	0	0	1	1	0	0	11	0	0	0	19.8	28.5	0	0	22.7	10.0	10-Sep-24 06:37:22.993	
0	0	0	1	2	0	0	11	0	0	0	19.8	28.5	0	0	22.7	10.0	10-Sep-24 06:37:23.065	
0	0	0	0	1	0	0	16	0	0	0	19.8	28.5	0	0	22.7	10.0	10-Sep-24 06:37:23.107	
0	0	0	0	1	0	0	17	0	0	0	19.8	28.5	0	0	22.7	10.0	10-Sep-24 06:37:23.159	
0	0	0	0	1	0	0	19	0	0	0	19.8	28.5	0	0	22.7	10.0	10-Sep-24 06:37:23.204	
0	0	0	0	1	0	0	14	0	0	0	19.8	28.5	0	0	22.7	10.0	10-Sep-24 06:37:23.248	
0	0	0	0	1	0	0	20	0	0	0	19.8	28.5	0	0	22.7	10.0	10-Sep-24 06:37:23.292	
0	0	0	0	1	0	0	11	0	0	0	19.8	28.5	0	0	22.7	10.0	10-Sep-24 06:37:23.335	
0	0	0	0	1	0	0	12	0	0	0	19.8	28.5	0	0	22.7	10.0	10-Sep-24 06:37:23.371	
0	0	0	0	2	0	0	13	0	0	0	19.8	28.5	0	0	22.7	10.0	10-Sep-24 06:37:23.415	
0	0	0	0	1	0	0	11	0	0	0	19.8	28.5	0	0	22.7	10.0	10-Sep-24 06:37:23.460	
0	0	0	1	2	0	0	19	0	0	0	19.8	28.5	0	0	22.7	10.0	10-Sep-24 06:37:23.503	
0	0	0	0	2	0	0	9	0	0	0	19.8	28.5	0	0	22.7	10.0	10-Sep-24 06:37:23.548	
0	0	0	0	1	0	0	12	0	0	0	19.8	28.5	0	0	22.7	10.0	10-Sep-24 06:37:23.646	
0	0	0	0	2	0	0	14	0	0	0	19.8	28.5	0	0	22.7	10.0	10-Sep-24 06:37:23.691	
0	0	0	1	2	0	0	15	0	0	0	19.8	28.5	0	0	22.7	10.0	10-Sep-24 06:37:23.735	
0	0	0	1	1	0	0	13	0	0	0	19.8	28.5	0	0	22.7	10.0	10-Sep-24 06:37:23.779	
0	0	0	0	1	0	0	18	0	0	0	19.8	28.5	0	0	22.7	10.0	10-Sep-24 06:37:23.824	
0	0	0	1	1	0	0	11	0	0	0	19.8	28.5	0	0	22.7	10.0	10-Sep-24 06:37:23.867	
0	0	0	1	1	0	0	12	0	0	0	19.8	28.5	0	0	22.7	10.0	10-Sep-24 06:37:23.911	
0	0	0	1	1	0	0	7	0	0	0	19.8	28.5	0	0	22.7	10.0	10-Sep-24 06:37:23.955	
0	0	0	0	2	0	0	12	0	0	0	19.8	28.5	0	0	22.7	10.0	10-Sep-24 06:37:24.000	
0	0	0	0	1	0	0	14	0	0	0	19.8	28.5	0	0	22.7	10.0	10-Sep-24 06:37:24.044	
0	0	0	2	2	0	0	16	0	0	0	19.8	28.5	0	0	22.7	10.0	10-Sep-24 06:37:24.087	
0	0	0	1	2	0	0	19	0	0	0	19.8	28.5	0	0	22.7	10.0	10-Sep-24 06:37:24.131	
0	0	0	0	1	0	0	8	0	0	0	19.8	28.5	0	0	22.7	10.0	10-Sep-24 06:37:24.182	
0	0	0	0	1	0	0	13	0	0	0	19.8	28.5	0	0	22.7	10.0	10-Sep-24 06:37:24.228	
0	0	0	0	1	0	0	20	0	0	0	19.8	28.5	0	0	22.7	10.0	10-Sep-24 06:37:24.271	
0	0	0	1	0	0	0	16	0	0	0	19.8	28.5	0	0	22.7	10.0	10-Sep-24 06:37:24.318	
0	0	0	0	1	0	0	14	0	0	0	19.8	28.5	0	0	22.7	10.0	10-Sep-24 06:37:24.363	
0	0	0	1	2	0	0	10	0	0	0	19.8	28.5	0	0	22.7	10.0	10-Sep-24 06:37:24.408	
0	0	0	0	1	0	0	21	0	0	0	19.8	28.5	0	0	22.7	10.0	10-Sep-24 06:37:24.452	
0	0	0	0	2	0	0	13	0	0	0	19.8	28.5	0	0	22.7	10.0	10-Sep-24 06:37:24.495	
0	0	0	0	1	0	0	16	0	0	0	19.8	28.5	0	0	22.7	10.0	10-Sep-24 06:37:24.540	
0	0	0	0	2	0	0	11	0	0	0	19.8	28.5	0	0	22.7	10.0	10-Sep-24 06:37:24.583	
0	0	0	0	1	0	0	15	0	0	0	19.8	28.5	0	0	22.7	10.0	10-Sep-24 06:37:24.628	
0	0	0	1	1	0	0	15	0	0	0	19.8	28.5	0	0	22.7	10.0	10-Sep-24 06:37:24.738	
0	0	0	1	2	0	0	14	0	0	0	19.8	28.5	0	0	22.7	10.0	10-Sep-24 06:37:24.783	
0	0	0	1	1	0	0	23	0	0	0	19.8	28.5	0	0	22.7	10.0	10-Sep-24 06:37:24.827	
0	0	0	1	0	0	0	5	0	0	0	19.8	28.5	0	0	22.7	10.0	10-Sep-24 06:37:24.872	
0	0	0	0	2	0	0	21	0	0	0	19.8	28.5	0	0	22.7	10.0	10-Sep-24 06:37:24.915	
0	0	0	1	4	0	0	14	0	0	0	19.8	28.5	0	0	22.7	10.0	10-Sep-24 06:37:24.959	
0	0	0	1	0	0	0	17	0	0	0	19.8	28.5	0	0	22.7	10.0	10-Sep-24 06:37:25.003	
0	0	0	0	2	0	0	9	0	0	0	19.8	28.5	0	0	22.7	10.0	10-Sep-24 06:37:25.047	
0	0	0	1	1	0	0	11	0	0	0	19.8	28.5	0	0	22.7	10.0	10-Sep-24 06:37:25.092	
0	0	0	1	2	0	0	13	0	0	0	19.8	28.5	0	0	22.7	10.0	10-Sep-24 06:37:25.135	
0	0	0	1	1	0	0	11	0	0	0	19.8	28.5	0	0	22.7	10.0	10-Sep-24 06:37:25.187	
0	0	0	0	1	0	0	13	0	0	0	19.8	28.5	0	0	22.7	10.0	10-Sep-24 06:37:25.231	
0	0	0	0	2	0	0	14	0	0	0	19.8	28.5	0	0	22.7	10.0	10-Sep-24 06:37:25.275	
0	0	0	0	1	0	0	15	0	0	0	19.8	28.5	0	0	22.7	10.0	10-Sep-24 06:37:25.319	
0	0	0	0	4	0	0	14	0	0	0	19.8	28.5	0	0	22.7	10.0	10-Sep-24 06:37:25.355	
0	0	0	0	1	0	0	10	0	0	0	19.8	28.5	0	0	22.7	10.0	10-Sep-24 06:37:25.400	
0	0	0	1	2	0	0	12	0	0	0	19.8	28.5	0	0	22.7	10.0	10-Sep-24 06:37:25.443	
0	0	0	0	1	0	0	11	0	0	0	19.8	28.5	0	0	22.7	10.0	10-Sep-24 06:37:25.488	
0	0	0	0	1	0	0	8	0	0	0	19.8	28.5	0	0	22.7	10.0	10-Sep-24 06:37:25.531	
0	0	0	0	1	0	0	12	0	0	0	19.8	28.5	0	0	22.7	10.0	10-Sep-24 06:37:25.575	
0	0	0	0	1	0	0	13	0	0	0	19.8	28.5	0	0	22.7	10.0	10-Sep-24 06:37:25.619	
0	0	0	1	2	0	0	14	0	0	0	19.8	28.5	0	0	22.7	10.0	10-Sep-24 06:37:25.663	
0	0	0	1	1	0	0	19	0	0	0	19.8	28.5	0	0	22.7	10.0	10-Sep-24 06:37:25.714	
0	0	0	1	2	0	0	17	0	0	0	19.8	28.5	0	0	22.7	10.0	10-Sep-24 06:37:25.808	
0	0	0	0	1	0	0	14	0	0	0	19.8	28.5	0	0	22.7	10.0	10-Sep-24 06:37:25.855	
0	0	0	1	1	0	0	15	0	0	0	19.8	28.5	0	0	22.7	10.0	10-Sep-24 06:37:25.900	
0	0	0	1	2	0	0	14	0	0	0	19.8	28.5	0	0	22.7	10.0	10-Sep-24 06:37:25.943	
0	0	0	0	1	0	0	20	0	0	0	19.8	28.5	0	0	22.7	10.0	10-Sep-24 06:37:25.987	
0	0	0	1	2	0	0	13	0	0	0	19.8	28.5	0	0	22.7	10.0	10-Sep-24 06:37:26.031	
0	0	0	2	2	0	0	22	0	0	0	19.8	28.5	0	0	22.7	10.0	10-Sep-24 06:37:26.076	
0	0	0	1	1	0	0	12	0	0	0	19.8	28.5	0	0	22.7	10.0	10-Sep-24 06:37:26.120	
0	0	0	0	1	0	0	15	0	0	0	19.8	28.5	0	0	22.7	10.0	10-Sep-24 06:37:26.163	
0	0	0	0	2	0	0	11	0	0	0	19.8	28.5	0	0	22.7	10.0	10-Sep-24 06:37:26.216	
0	0	0	2	1	0	0	14	0	0	0	19.8	28.5	0	0	22.7	10.0	10-Sep-24 06:37:26.258	
0	0	0	1	2	0	0	14	0	0	0	19.8	28.5	0	0	22.7	10.0	10-Sep-24 06:37:26.299	
0	0	0	0	1	0	0	12	0	0	0	19.8	28.5	0	0	22.7	10.0	10-Sep-24 06:37:26.343	
0	0	0	0	2	0	0	12	0	0	0	19.8	28.5	0	0	22.7	10.0	10-Sep-24 06:37:26.387	
0	0	0	0	1	0	0	13	0	0	0	19.8	28.5	0	0	22.7	10.0	10-Sep-24 06:37:26.432	
0	0	0	0	1	0	0	11	0	0	0	19.8	28.5	0	0	22.7	10.0	10-Sep-24 06:37:26.475	
0	0	0	0	1	0	0	11	0	0	0	19.8	28.5	0	0	22.7	10.0	10-Sep-24 06:37:26.519	
0	0	0	1	1	0	0	22	0	0	0	19.8	28.5	0	0	22.7	10.0	10-Sep-24 06:37:26.563	
0	0	0	3	0	0	0	19	0	0	0	19.8	28.5	0	0	22.7	10.0	10-Sep-24 06:37:26.607	
0	0	0	1	1	0	0	16	0	0	0	19.8	28.5	0	0	22.7	10.0	10-Sep-24 06:37:26.651	
0	0	0	0	0	0	0	24	0	0	0	19.8	28.5	0	0	22.7	10.0	10-Sep-24 06:37:26.696	
0	0	0	0	1	0	0	16	0	0	0	19.8	28.5	0	0	22.7	10.0	10-Sep-24 06:37:26.748	
0	0	0	0	2	0	0	9	0	0	0	19.8	28.5	0	0	22.7	10.0	10-Sep-24 06:37:26.792	
0	0	0	0	1	0	0	12	0	0	0	19.8	28.5	0	0	22.7	10.0	10-Sep-24 06:37:26.883	
0	0	0	2	3	0	0	14	0	0	0	19.8	28.5	0	0	22.7	10.0	10-Sep-24 06:37:26.927	
0	0	0	0	5	0	0	14	0	0	0	19.8	28.5	0	0	22.7	10.0	10-Sep-24 06:37:26.971	
0	0	0	1	1	0	0	15	0	0	0	19.8	28.5	0	0	22.7	10.0	10-Sep-24 06:37:27.015	
0	0	0	0	1	0	0	17	0	0	0	19.8	28.5	0	0	22.7	10.0	10-Sep-24 06:37:27.060	
0	0	0	1	3	0	0	17	0	0	0	19.8	28.5	0	0	22.7	10.0	10-Sep-24 06:37:27.104	
0	0	0	1	1	0	0	13	0	0	0	19.8	28.5	0	0	22.7	10.0	10-Sep-24 06:37:27.147	
0	0	0	1	3	0	0	24	0	0	0	19.8	28.5	0	0	22.7	10.0	10-Sep-24 06:37:27.192	
0	0	0	0	1	0	0	16	0	0	0	19.8	28.5	0	0	22.7	10.0	10-Sep-24 06:37:27.244	
0	0	0	0	0	0	0	14	0	0	0	19.8	28.5	0	0	22.7	10.0	10-Sep-24 06:37:27.288	
0	0	0	1	2	0	0	12	0	0	0	19.8	28.5	0	0	22.7	10.0	10-Sep-24 06:37:27.331	
0	0	0	0	5	0	0	10	0	0	0	19.8	28.5	0	0	22.7	10.0	10-Sep-24 06:37:27.375	
0	0	0	0	1	0	0	19	0	0	0	19.8	28.5	0	0	22.7	10.0	10-Sep-24 06:37:27.419	
0	0	0	0	1	0	0	16	0	0	0	19.8	28.5	0	0	22.7	10.0	10-Sep-24 06:37:27.463	
0	0	0	1	1	0	0	10	0	0	0	19.8	28.5	0	0	22.7	10.0	10-Sep-24 06:37:27.507	
0	0	0	1	1	0	0	15	0	0	0	19.8	28.5	0	0	22.7	10.0	10-Sep-24 06:37:27.551	
0	0	0	1	1	0	0	8	0	0	0	19.8	28.5	0	0	22.7	10.0	10-Sep-24 06:37:27.597	
0	0	0	1	0	0	0	12	0	0	0	19.8	28.5	0	0	22.7	10.0	10-Sep-24 06:37:27.640	
0	0	0	1	1	0	0	12	0	0	0	19.8	28.5	0	0	22.7	10.0	10-Sep-24 06:37:27.683	
0	0	0	0	1	0	0	21	0	0	0	19.8	28.5	0	0	22.7	10.0	10-Sep-24 06:37:27.732	
0	0	0	0	1	0	0	12	0	0	0	19.8	28.5	0	0	22.7	10.0	10-Sep-24 06:37:27.779	
0	0	0	0	1	0	0	11	0	0	0	19.8	28.5	0	0	22.7	10.0	10-Sep-24 06:37:27.824	
0	0	0	0	1	0	0	17	0	0	0	19.8	28.5	0	0	22.7	10.0	10-Sep-24 06:37:27.868	
0	0	0	0	1	0	0	13	0	0	0	19.8	28.5	0	0	22.7	10.0	10-Sep-24 06:37:27.966	
0	0	0	1	3	0	0	13	0	0	0	19.8	28.5	0	0	22.7	10.0	10-Sep-24 06:37:28.012	
0	0	0	0	1	0	0	16	0	0	0	19.8	28.5	0	0	22.7	10.0	10-Sep-24 06:37:28.055	
0	0	0	1	4	0	0	11	0	0	0	19.8	28.5	0	0	22.7	10.0	10-Sep-24 06:37:28.112	
0	0	0	1	3	0	0	9	0	0	0	19.8	28.5	0	0	22.7	10.0	10-Sep-24 06:37:28.193	
0	0	0	1	2	0	0	12	0	0	0	19.8	28.5	0	0	22.7	10.0	10-Sep-24 06:37:28.263	
0	0	0	1	2	0	0	19	0	0	0	19.8	28.5	0	0	22.7	10.0	10-Sep-24 06:37:28.315	
0	0	0	0	1	0	0	16	0	0	0	19.8	28.5	0	0	22.7	10.0	10-Sep-24 06:37:28.360	
0	0	0	0	1	0	0	14	0	0	0	19.8	28.5	0	0	22.7	10.0	10-Sep-24 06:37:28.404	
0	0	0	0	2	0	0	15	0	0	0	19.8	28.5	0	0	22.7	10.0	10-Sep-24 06:37:28.447	
0	0	0	1	0	0	0	14	0	0	0	19.8	28.5	0	0	22.7	10.0	10-Sep-24 06:37:28.491	
0	0	0	0	1	0	0	14	0	0	0	19.8	28.5	0	0	22.7	10.0	10-Sep-24 06:37:28.535	
0	0	0	0	2	0	0	11	0	0	0	19.8	28.5	0	0	22.7	10.0	10-Sep-24 06:37:28.572	
0	0	0	1	1	0	0	10	0	0	0	19.8	28.5	0	0	22.7	10.0	10-Sep-24 06:37:28.616	
0	0	0	1	2	0	0	16	0	0	0	19.8	28.5	0	0	22.7	10.0	10-Sep-24 06:37:28.659	
0	0	0	1	3	0	0	15	0	0	0	19.8	28.5	0	0	22.7	10.0	10-Sep-24 06:37:28.703	
0	0	0	1	1	0	0	15	0	0	0	19.8	28.5	0	0	22.7	10.0	10-Sep-24 06:37:28.756	
0	0	0	0	1	0	0	18	0	0	0	19.8	28.5	0	0	22.7	10.0	10-Sep-24 06:37:28.800	
0	0	0	1	1	0	0	17	0	0	0	19.8	28.5	0	0	22.7	10.0	10-Sep-24 06:37:28.844	
0	0	0	0	1	0	0	8	0	0	0	19.8	28.5	0	0	22.7	10.0	10-Sep-24 06:37:28.887	
0	0	0	0	1	0	0	12	0	0	0	19.8	28.5	0	0	22.7	10.0	10-Sep-24 06:37:28.932	
0	0	0	0	1	0	0	14	0	0	0	19.8	28.5	0	0	22.7	10.0	10-Sep-24 06:37:29.035	
0	0	0	0	1	0	0	9	0	0	0	19.8	28.5	0	0	22.7	10.0	10-Sep-24 06:37:29.080	
0	0	0	1	2	0	0	15	0	0	0	19.8	28.5	0	0	22.7	10.0	10-Sep-24 06:37:29.123	
0	0	0	0	1	0	0	15	0	0	0	19.8	28.5	0	0	22.7	10.0	10-Sep-24 06:37:29.167	
0	0	0	0	3	0	0	13	0	0	0	19.8	28.5	0	0	22.7	10.0	10-Sep-24 06:37:29.212	
0	0	0	0	2	0	0	12	0	0	0	19.8	28.5	0	0	22.7	10.0	10-Sep-24 06:37:29.264	
0	0	0	1	1	0	0	18	0	0	0	19.8	28.5	0	0	22.7	10.0	10-Sep-24 06:37:29.309	
0	0	0	0	1	0	0	15	0	0	0	19.8	28.5	0	0	22.7	10.0	10-Sep-24 06:37:29.352	
0	0	0	2	1	0	0	9	0	0	0	19.8	28.5	0	0	22.7	10.0	10-Sep-24 06:37:29.395	
0	0	0	0	2	0	0	12	0	0	0	19.8	28.5	0	0	22.7	10.0	10-Sep-24 06:37:29.440	
0	0	0	0	1	0	0	12	0	0	0	19.8	28.5	0	0	22.7	10.0	10-Sep-24 06:37:29.484	
0	0	0	1	1	0	0	12	0	0	0	19.8	28.5	0	0	22.7	10.0	10-Sep-24 06:37:29.528	
0	0	0	0	2	0	0	16	0	0	0	19.8	28.5	0	0	22.7	10.0	10-Sep-24 06:37:29.571	
0	0	0	1	1	0	0	18	0	0	0	19.8	28.5	0	0	22.7	10.0	10-Sep-24 06:37:29.616	
0	0	0	0	2	0	0	15	0	0	0	19.8	28.5	0	0	22.7	10.0	10-Sep-24 06:37:29.659	
0	0	0	0	2	0	0	12	0	0	0	19.8	28.5	0	0	22.7	10.0	10-Sep-24 06:37:29.703	
0	0	0	0	2	0	0	16	0	0	0	19.8	28.5	0	0	22.7	10.0	10-Sep-24 06:37:29.748	
0	0	0	0	2	0	0	12	0	0	0	19.8	28.5	0	0	22.7	10.0	10-Sep-24 06:37:29.798	
0	0	0	2	2	0	0	19	0	0	0	19.8	28.5	0	0	22.7	10.0	10-Sep-24 06:37:29.845	
0	0	0	0	1	0	0	15	0	0	0	19.8	28.5	0	0	22.7	10.0	10-Sep-24 06:37:29.887	
0	0	0	0	1	0	0	16	0	0	0	19.8	28.5	0	0	22.7	10.0	10-Sep-24 06:37:29.931	
0	0	0	0	3	0	0	9	0	0	0	19.8	28.5	0	0	22.7	10.0	10-Sep-24 06:37:29.975	
0	0	0	1	3	0	0	12	0	0	0	19.8	28.5	0	0	22.7	10.0	10-Sep-24 06:37:30.020	
0	0	0	0	2	0	0	17	0	0	0	19.8	28.5	0	0	22.7	10.0	10-Sep-24 06:37:30.123	
0	0	0	0	1	0	0	13	0	0	0	19.8	28.5	0	0	22.7	10.0	10-Sep-24 06:37:30.167	
0	0	0	0	2	0	0	13	0	0	0	19.8	28.5	0	0	22.7	10.0	10-Sep-24 06:37:30.212	
0	0	0	0	2	0	0	12	0	0	0	19.8	28.5	0	0	22.7	10.0	10-Sep-24 06:37:30.256	
0	0	0	1	2	0	0	13	0	0	0	19.8	28.5	0	0	22.7	10.0	10-Sep-24 06:37:30.305	
0	0	0	1	2	0	0	12	0	0	0	19.8	28.5	0	0	22.7	10.0	10-Sep-24 06:37:30.349	
0	0	0	1	1	0	0	21	0	0	0	19.8	28.5	0	0	22.7	10.0	10-Sep-24 06:37:30.385	
0	0	0	1	1	0	0	14	0	0	0	19.8	28.5	0	0	22.7	10.0	10-Sep-24 06:37:30.428	
0	0	0	0	1	0	0	19	0	0	0	19.8	28.5	0	0	22.7	10.0	10-Sep-24 06:37:30.472	
0	0	0	1	1	0	0	15	0	0	0	19.8	28.5	0	0	22.7	10.0	10-Sep-24 06:37:30.516	
0	0	0	1	2	0	0	10	0	0	0	19.8	28.5	0	0	22.7	10.0	10-Sep-24 06:37:30.560	
0	0	0	0	1	0	0	17	0	0	0	19.8	28.5	0	0	22.7	10.0	10-Sep-24 06:37:30.603	
0	0	0	1	1	0	0	12	0	0	0	19.8	28.5	0	0	22.7	10.0	10-Sep-24 06:37:30.647	
0	0	0	1	3	0	0	15	0	0	0	19.8	28.5	0	0	22.7	10.0	10-Sep-24 06:37:30.691	
0	0	0	1	1	0	0	6	0	0	0	19.8	28.5	0	0	22.7	10.0	10-Sep-24 06:37:30.736	
0	0	0	0	3	0	0	13	0	0	0	19.8	28.5	0	0	22.7	10.0	10-Sep-24 06:37:30.789	
0	0	0	0	0	0	0	12	0	0	0	19.8	28.5	0	0	22.7	10.0	10-Sep-24 06:37:30.836	
0	0	0	0	2	0	0	25	0	0	0	19.8	28.5	0	0	22.7	10.0	10-Sep-24 06:37:30.880	
0	0	0	1	1	0	0	16	0	0	0	19.8	28.5	0	0	22.7	10.0	10-Sep-24 06:37:30.923	
0	0	0	0	3	0	0	14	0	0	0	19.8	28.5	0	0	22.7	10.0	10-Sep-24 06:37:30.968	
0	0	0	1	2	0	0	14	0	0	0	19.8	28.5	0	0	22.7	10.0	10-Sep-24 06:37:31.011	
0	0	0	1	1	0	0	19	0	0	0	19.8	28.5	0	0	22.7	10.0	10-Sep-24 06:37:31.055	
0	0	0	0	2	0	0	14	0	0	0	19.8	28.5	0	0	22.7	10.0	10-Sep-24 06:37:31.100	
0	0	0	0	1	0	0	16	0	0	0	19.8	28.5	0	0	22.7	10.0	10-Sep-24 06:37:31.203	
0	0	0	2	2	0	0	14	0	0	0	19.8	28.5	0	0	22.7	10.0	10-Sep-24 06:37:31.248	
0	0	0	1	1	0	0	16	0	0	0	19.8	28.5	0	0	22.7	10.0	10-Sep-24 06:37:31.300	
0	0	0	0	1	0	0	15	0	0	0	19.8	28.5	0	0	22.7	10.0	10-Sep-24 06:37:31.344	
