C1	C2	C3	C4	C5	C6	C7	C8	BC1	BC2	BC3	BC4	BC5	BC6	BC7	BC8	IT	T

0	0	0	1	1	0	0	24	0	0	0	19.8	28.5	0	0	22.7	10.0	10-Sep-24 06:28:27.533	
0	0	0	1	1	0	0	25	0	0	0	19.8	28.5	0	0	22.7	10.0	10-Sep-24 06:28:27.580	
0	0	0	1	2	0	0	23	0	0	0	19.8	28.5	0	0	22.7	10.0	10-Sep-24 06:28:27.623	
0	0	0	0	0	0	0	16	0	0	0	19.8	28.5	0	0	22.7	10.0	10-Sep-24 06:28:27.676	
0	0	0	2	2	0	0	24	0	0	0	19.8	28.5	0	0	22.7	10.0	10-Sep-24 06:28:27.719	
0	0	0	1	5	0	0	19	0	0	0	19.8	28.5	0	0	22.7	10.0	10-Sep-24 06:28:27.763	
0	0	0	1	1	0	0	19	0	0	0	19.8	28.5	0	0	22.7	10.0	10-Sep-24 06:28:27.808	
0	0	0	2	1	0	0	18	0	0	0	19.8	28.5	0	0	22.7	10.0	10-Sep-24 06:28:27.852	
0	0	0	0	3	0	0	30	0	0	0	19.8	28.5	0	0	22.7	10.0	10-Sep-24 06:28:27.896	
0	0	0	3	1	0	0	26	0	0	0	19.8	28.5	0	0	22.7	10.0	10-Sep-24 06:28:27.939	
0	0	0	0	2	0	0	22	0	0	0	19.8	28.5	0	0	22.7	10.0	10-Sep-24 06:28:27.984	
0	0	0	0	2	0	0	18	0	0	0	19.8	28.5	0	0	22.7	10.0	10-Sep-24 06:28:28.086	
0	0	0	1	2	0	0	16	0	0	0	19.8	28.5	0	0	22.7	10.0	10-Sep-24 06:28:28.131	
0	0	0	0	2	0	0	24	0	0	0	19.8	28.5	0	0	22.7	10.0	10-Sep-24 06:28:28.183	
0	0	0	0	2	0	0	23	0	0	0	19.8	28.5	0	0	22.7	10.0	10-Sep-24 06:28:28.227	
0	0	0	1	1	0	0	17	0	0	0	19.8	28.5	0	0	22.7	10.0	10-Sep-24 06:28:28.271	
0	0	0	1	2	0	0	17	0	0	0	19.8	28.5	0	0	22.7	10.0	10-Sep-24 06:28:28.315	
0	0	0	1	2	0	0	15	0	0	0	19.8	28.5	0	0	22.7	10.0	10-Sep-24 06:28:28.359	
0	0	0	0	3	0	0	19	0	0	0	19.8	28.5	0	0	22.7	10.0	10-Sep-24 06:28:28.404	
0	0	0	0	1	0	0	23	0	0	0	19.8	28.5	0	0	22.7	10.0	10-Sep-24 06:28:28.447	
0	0	0	1	2	0	0	22	0	0	0	19.8	28.5	0	0	22.7	10.0	10-Sep-24 06:28:28.492	
0	0	0	0	5	0	0	17	0	0	0	19.8	28.5	0	0	22.7	10.0	10-Sep-24 06:28:28.536	
0	0	0	1	4	0	0	17	0	0	0	19.8	28.5	0	0	22.7	10.0	10-Sep-24 06:28:28.579	
0	0	0	2	5	0	0	23	0	0	0	19.8	28.5	0	0	22.7	10.0	10-Sep-24 06:28:28.623	
0	0	0	2	1	0	0	25	0	0	0	19.8	28.5	0	0	22.7	10.0	10-Sep-24 06:28:28.675	
0	0	0	0	4	0	0	29	0	0	0	19.8	28.5	0	0	22.7	10.0	10-Sep-24 06:28:28.720	
0	0	0	3	1	0	0	23	0	0	0	19.8	28.5	0	0	22.7	10.0	10-Sep-24 06:28:28.764	
0	0	0	1	2	0	0	24	0	0	0	19.8	28.5	0	0	22.7	10.0	10-Sep-24 06:28:28.807	
0	0	0	1	1	0	0	18	0	0	0	19.8	28.5	0	0	22.7	10.0	10-Sep-24 06:28:28.851	
0	0	0	1	3	0	0	27	0	0	0	19.8	28.5	0	0	22.7	10.0	10-Sep-24 06:28:28.895	
0	0	0	1	3	0	0	18	0	0	0	19.8	28.5	0	0	22.7	10.0	10-Sep-24 06:28:28.932	
0	0	0	2	3	0	0	16	0	0	0	19.8	28.5	0	0	22.7	10.0	10-Sep-24 06:28:28.975	
0	0	0	0	2	0	0	24	0	0	0	19.8	28.5	0	0	22.7	10.0	10-Sep-24 06:28:29.020	
0	0	0	1	1	0	0	23	0	0	0	19.8	28.5	0	0	22.7	10.0	10-Sep-24 06:28:29.063	
0	0	0	0	1	0	0	29	0	0	0	19.8	28.5	0	0	22.7	10.0	10-Sep-24 06:28:29.166	
0	0	0	3	2	0	0	19	0	0	0	19.8	28.5	0	0	22.7	10.0	10-Sep-24 06:28:29.218	
0	0	0	1	1	0	0	23	0	0	0	19.8	28.5	0	0	22.7	10.0	10-Sep-24 06:28:29.263	
0	0	0	1	1	0	0	25	0	0	0	19.8	28.5	0	0	22.7	10.0	10-Sep-24 06:28:29.308	
0	0	0	0	1	0	0	13	0	0	0	19.8	28.5	0	0	22.7	10.0	10-Sep-24 06:28:29.351	
0	0	0	1	8	0	0	22	0	0	0	19.8	28.5	0	0	22.7	10.0	10-Sep-24 06:28:29.395	
0	0	0	0	1	0	0	18	0	0	0	19.8	28.5	0	0	22.7	10.0	10-Sep-24 06:28:29.440	
0	0	0	0	2	0	0	19	0	0	0	19.8	28.5	0	0	22.7	10.0	10-Sep-24 06:28:29.483	
0	0	0	1	1	0	0	22	0	0	0	19.8	28.5	0	0	22.7	10.0	10-Sep-24 06:28:29.556	
0	0	0	1	3	0	0	19	0	0	0	19.8	28.5	0	0	22.7	10.0	10-Sep-24 06:28:29.653	
0	0	0	1	1	0	0	20	0	0	0	19.8	28.5	0	0	22.7	10.0	10-Sep-24 06:28:29.724	
0	0	0	0	2	0	0	25	0	0	0	19.8	28.5	0	0	22.7	10.0	10-Sep-24 06:28:29.768	
0	0	0	1	3	0	0	25	0	0	0	19.8	28.5	0	0	22.7	10.0	10-Sep-24 06:28:29.812	
0	0	0	1	3	0	0	31	0	0	0	19.8	28.5	0	0	22.7	10.0	10-Sep-24 06:28:29.855	
0	0	0	1	3	0	0	20	0	0	0	19.8	28.5	0	0	22.7	10.0	10-Sep-24 06:28:29.900	
0	0	0	2	3	0	0	28	0	0	0	19.8	28.5	0	0	22.7	10.0	10-Sep-24 06:28:29.944	
0	0	0	1	1	0	0	30	0	0	0	19.8	28.5	0	0	22.7	10.0	10-Sep-24 06:28:29.980	
0	0	0	1	1	0	0	28	0	0	0	19.8	28.5	0	0	22.7	10.0	10-Sep-24 06:28:30.023	
0	0	0	0	2	0	0	26	0	0	0	19.8	28.5	0	0	22.7	10.0	10-Sep-24 06:28:30.068	
0	0	0	0	3	0	0	18	0	0	0	19.8	28.5	0	0	22.7	10.0	10-Sep-24 06:28:30.111	
0	0	0	2	3	0	0	26	0	0	0	19.8	28.5	0	0	22.7	10.0	10-Sep-24 06:28:30.156	
0	0	0	0	2	0	0	27	0	0	0	19.8	28.5	0	0	22.7	10.0	10-Sep-24 06:28:30.263	
0	0	0	1	1	0	0	32	0	0	0	19.8	28.5	0	0	22.7	10.0	10-Sep-24 06:28:30.308	
0	0	0	1	1	0	0	32	0	0	0	19.8	28.5	0	0	22.7	10.0	10-Sep-24 06:28:30.352	
0	0	0	1	2	0	0	14	0	0	0	19.8	28.5	0	0	22.7	10.0	10-Sep-24 06:28:30.395	
0	0	0	1	1	0	0	19	0	0	0	19.8	28.5	0	0	22.7	10.0	10-Sep-24 06:28:30.440	
0	0	0	1	3	0	0	24	0	0	0	19.8	28.5	0	0	22.7	10.0	10-Sep-24 06:28:30.483	
0	0	0	1	1	0	0	29	0	0	0	19.8	28.5	0	0	22.7	10.0	10-Sep-24 06:28:30.528	
0	0	0	0	1	0	0	30	0	0	0	19.8	28.5	0	0	22.7	10.0	10-Sep-24 06:28:30.572	
0	0	0	2	2	0	0	22	0	0	0	19.8	28.5	0	0	22.7	10.0	10-Sep-24 06:28:30.615	
0	0	0	2	3	0	0	26	0	0	0	19.8	28.5	0	0	22.7	10.0	10-Sep-24 06:28:30.659	
0	0	0	1	1	0	0	22	0	0	0	19.8	28.5	0	0	22.7	10.0	10-Sep-24 06:28:30.711	
0	0	0	0	3	0	0	21	0	0	0	19.8	28.5	0	0	22.7	10.0	10-Sep-24 06:28:30.755	
0	0	0	1	2	0	0	16	0	0	0	19.8	28.5	0	0	22.7	10.0	10-Sep-24 06:28:30.799	
0	0	0	0	2	0	0	20	0	0	0	19.8	28.5	0	0	22.7	10.0	10-Sep-24 06:28:30.843	
0	0	0	2	2	0	0	15	0	0	0	19.8	28.5	0	0	22.7	10.0	10-Sep-24 06:28:30.887	
0	0	0	2	4	0	0	20	0	0	0	19.8	28.5	0	0	22.7	10.0	10-Sep-24 06:28:30.932	
0	0	0	1	2	0	0	28	0	0	0	19.8	28.5	0	0	22.7	10.0	10-Sep-24 06:28:30.976	
0	0	0	1	3	0	0	16	0	0	0	19.8	28.5	0	0	22.7	10.0	10-Sep-24 06:28:31.019	
0	0	0	0	1	0	0	24	0	0	0	19.8	28.5	0	0	22.7	10.0	10-Sep-24 06:28:31.063	
0	0	0	0	1	0	0	18	0	0	0	19.8	28.5	0	0	22.7	10.0	10-Sep-24 06:28:31.107	
0	0	0	2	2	0	0	18	0	0	0	19.8	28.5	0	0	22.7	10.0	10-Sep-24 06:28:31.152	
0	0	0	1	1	0	0	27	0	0	0	19.8	28.5	0	0	22.7	10.0	10-Sep-24 06:28:31.195	
0	0	0	2	2	0	0	20	0	0	0	19.8	28.5	0	0	22.7	10.0	10-Sep-24 06:28:31.247	
0	0	0	1	1	0	0	19	0	0	0	19.8	28.5	0	0	22.7	10.0	10-Sep-24 06:28:31.351	
0	0	0	0	1	0	0	24	0	0	0	19.8	28.5	0	0	22.7	10.0	10-Sep-24 06:28:31.396	
0	0	0	1	3	0	0	30	0	0	0	19.8	28.5	0	0	22.7	10.0	10-Sep-24 06:28:31.440	
0	0	0	0	3	0	0	22	0	0	0	19.8	28.5	0	0	22.7	10.0	10-Sep-24 06:28:31.483	
0	0	0	1	1	0	0	22	0	0	0	19.8	28.5	0	0	22.7	10.0	10-Sep-24 06:28:31.528	
0	0	0	1	2	0	0	20	0	0	0	19.8	28.5	0	0	22.7	10.0	10-Sep-24 06:28:31.571	
0	0	0	0	1	0	0	23	0	0	0	19.8	28.5	0	0	22.7	10.0	10-Sep-24 06:28:31.615	
0	0	0	1	2	0	0	27	0	0	0	19.8	28.5	0	0	22.7	10.0	10-Sep-24 06:28:31.660	
0	0	0	1	2	0	0	28	0	0	0	19.8	28.5	0	0	22.7	10.0	10-Sep-24 06:28:31.704	
0	0	0	0	2	0	0	21	0	0	0	19.8	28.5	0	0	22.7	10.0	10-Sep-24 06:28:31.749	
0	0	0	2	3	0	0	16	0	0	0	19.8	28.5	0	0	22.7	10.0	10-Sep-24 06:28:31.792	
0	0	0	1	1	0	0	25	0	0	0	19.8	28.5	0	0	22.7	10.0	10-Sep-24 06:28:31.836	
0	0	0	1	1	0	0	19	0	0	0	19.8	28.5	0	0	22.7	10.0	10-Sep-24 06:28:31.880	
0	0	0	0	4	0	0	23	0	0	0	19.8	28.5	0	0	22.7	10.0	10-Sep-24 06:28:31.924	
0	0	0	0	2	0	0	25	0	0	0	19.8	28.5	0	0	22.7	10.0	10-Sep-24 06:28:31.967	
0	0	0	2	4	0	0	25	0	0	0	19.8	28.5	0	0	22.7	10.0	10-Sep-24 06:28:32.012	
0	0	0	1	1	0	0	22	0	0	0	19.8	28.5	0	0	22.7	10.0	10-Sep-24 06:28:32.056	
0	0	0	3	1	0	0	24	0	0	0	19.8	28.5	0	0	22.7	10.0	10-Sep-24 06:28:32.100	
0	0	0	1	2	0	0	23	0	0	0	19.8	28.5	0	0	22.7	10.0	10-Sep-24 06:28:32.143	
0	0	0	1	2	0	0	27	0	0	0	19.8	28.5	0	0	22.7	10.0	10-Sep-24 06:28:32.188	
0	0	0	1	2	0	0	11	0	0	0	19.8	28.5	0	0	22.7	10.0	10-Sep-24 06:28:32.232	
0	0	0	0	4	0	0	29	0	0	0	19.8	28.5	0	0	22.7	10.0	10-Sep-24 06:28:32.283	
0	0	0	1	2	0	0	30	0	0	0	19.8	28.5	0	0	22.7	10.0	10-Sep-24 06:28:32.328	
0	0	0	0	2	0	0	24	0	0	0	19.8	28.5	0	0	22.7	10.0	10-Sep-24 06:28:32.431	
0	0	0	1	1	0	0	21	0	0	0	19.8	28.5	0	0	22.7	10.0	10-Sep-24 06:28:32.475	
0	0	0	1	1	0	0	24	0	0	0	19.8	28.5	0	0	22.7	10.0	10-Sep-24 06:28:32.520	
0	0	0	0	2	0	0	19	0	0	0	19.8	28.5	0	0	22.7	10.0	10-Sep-24 06:28:32.563	
0	0	0	3	2	0	0	24	0	0	0	19.8	28.5	0	0	22.7	10.0	10-Sep-24 06:28:32.608	
0	0	0	0	1	0	0	20	0	0	0	19.8	28.5	0	0	22.7	10.0	10-Sep-24 06:28:32.651	
0	0	0	1	1	0	0	10	0	0	0	19.8	28.5	0	0	22.7	10.0	10-Sep-24 06:28:32.695	
0	0	0	1	3	0	0	17	0	0	0	19.8	28.5	0	0	22.7	10.0	10-Sep-24 06:28:32.740	
0	0	0	2	3	0	0	21	0	0	0	19.8	28.5	0	0	22.7	10.0	10-Sep-24 06:28:32.791	
0	0	0	1	3	0	0	21	0	0	0	19.8	28.5	0	0	22.7	10.0	10-Sep-24 06:28:32.836	
0	0	0	1	1	0	0	23	0	0	0	19.8	28.5	0	0	22.7	10.0	10-Sep-24 06:28:32.880	
0	0	0	1	1	0	0	23	0	0	0	19.8	28.5	0	0	22.7	10.0	10-Sep-24 06:28:32.923	
0	0	0	0	3	0	0	20	0	0	0	19.8	28.5	0	0	22.7	10.0	10-Sep-24 06:28:32.968	
0	0	0	1	1	0	0	25	0	0	0	19.8	28.5	0	0	22.7	10.0	10-Sep-24 06:28:33.011	
0	0	0	1	4	0	0	20	0	0	0	19.8	28.5	0	0	22.7	10.0	10-Sep-24 06:28:33.055	
0	0	0	1	2	0	0	24	0	0	0	19.8	28.5	0	0	22.7	10.0	10-Sep-24 06:28:33.099	
0	0	0	1	1	0	0	22	0	0	0	19.8	28.5	0	0	22.7	10.0	10-Sep-24 06:28:33.144	
0	0	0	1	1	0	0	27	0	0	0	19.8	28.5	0	0	22.7	10.0	10-Sep-24 06:28:33.187	
0	0	0	0	1	0	0	19	0	0	0	19.8	28.5	0	0	22.7	10.0	10-Sep-24 06:28:33.232	
0	0	0	1	2	0	0	17	0	0	0	19.8	28.5	0	0	22.7	10.0	10-Sep-24 06:28:33.280	
0	0	0	1	2	0	0	19	0	0	0	19.8	28.5	0	0	22.7	10.0	10-Sep-24 06:28:33.325	
0	0	0	2	1	0	0	20	0	0	0	19.8	28.5	0	0	22.7	10.0	10-Sep-24 06:28:33.368	
0	0	0	2	1	0	0	23	0	0	0	19.8	28.5	0	0	22.7	10.0	10-Sep-24 06:28:33.411	
0	0	0	1	3	0	0	19	0	0	0	19.8	28.5	0	0	22.7	10.0	10-Sep-24 06:28:33.514	
0	0	0	1	1	0	0	18	0	0	0	19.8	28.5	0	0	22.7	10.0	10-Sep-24 06:28:33.560	
0	0	0	1	1	0	0	22	0	0	0	19.8	28.5	0	0	22.7	10.0	10-Sep-24 06:28:33.603	
0	0	0	1	1	0	0	28	0	0	0	19.8	28.5	0	0	22.7	10.0	10-Sep-24 06:28:33.648	
0	0	0	1	2	0	0	13	0	0	0	19.8	28.5	0	0	22.7	10.0	10-Sep-24 06:28:33.691	
0	0	0	1	4	0	0	24	0	0	0	19.8	28.5	0	0	22.7	10.0	10-Sep-24 06:28:33.735	
0	0	0	2	1	0	0	30	0	0	0	19.8	28.5	0	0	22.7	10.0	10-Sep-24 06:28:33.787	
0	0	0	1	2	0	0	17	0	0	0	19.8	28.5	0	0	22.7	10.0	10-Sep-24 06:28:33.831	
0	0	0	0	1	0	0	19	0	0	0	19.8	28.5	0	0	22.7	10.0	10-Sep-24 06:28:33.877	
0	0	0	2	1	0	0	19	0	0	0	19.8	28.5	0	0	22.7	10.0	10-Sep-24 06:28:33.919	
0	0	0	1	2	0	0	23	0	0	0	19.8	28.5	0	0	22.7	10.0	10-Sep-24 06:28:33.963	
0	0	0	1	1	0	0	31	0	0	0	19.8	28.5	0	0	22.7	10.0	10-Sep-24 06:28:34.007	
0	0	0	1	1	0	0	27	0	0	0	19.8	28.5	0	0	22.7	10.0	10-Sep-24 06:28:34.052	
0	0	0	0	3	0	0	25	0	0	0	19.8	28.5	0	0	22.7	10.0	10-Sep-24 06:28:34.096	
0	0	0	1	3	0	0	21	0	0	0	19.8	28.5	0	0	22.7	10.0	10-Sep-24 06:28:34.140	
0	0	0	0	2	0	0	22	0	0	0	19.8	28.5	0	0	22.7	10.0	10-Sep-24 06:28:34.184	
0	0	0	2	2	0	0	19	0	0	0	19.8	28.5	0	0	22.7	10.0	10-Sep-24 06:28:34.227	
0	0	0	1	3	0	0	23	0	0	0	19.8	28.5	0	0	22.7	10.0	10-Sep-24 06:28:34.280	
0	0	0	0	2	0	0	22	0	0	0	19.8	28.5	0	0	22.7	10.0	10-Sep-24 06:28:34.323	
0	0	0	2	3	0	0	18	0	0	0	19.8	28.5	0	0	22.7	10.0	10-Sep-24 06:28:34.367	
0	0	0	1	2	0	0	22	0	0	0	19.8	28.5	0	0	22.7	10.0	10-Sep-24 06:28:34.412	
0	0	0	0	2	0	0	19	0	0	0	19.8	28.5	0	0	22.7	10.0	10-Sep-24 06:28:34.456	
0	0	0	1	3	0	0	20	0	0	0	19.8	28.5	0	0	22.7	10.0	10-Sep-24 06:28:34.499	
0	0	0	1	2	0	0	22	0	0	0	19.8	28.5	0	0	22.7	10.0	10-Sep-24 06:28:34.602	
0	0	0	2	1	0	0	32	0	0	0	19.8	28.5	0	0	22.7	10.0	10-Sep-24 06:28:34.647	
0	0	0	1	2	0	0	21	0	0	0	19.8	28.5	0	0	22.7	10.0	10-Sep-24 06:28:34.692	
0	0	0	2	3	0	0	20	0	0	0	19.8	28.5	0	0	22.7	10.0	10-Sep-24 06:28:34.769	
0	0	0	1	4	0	0	29	0	0	0	19.8	28.5	0	0	22.7	10.0	10-Sep-24 06:28:34.880	
0	0	0	1	3	0	0	21	0	0	0	19.8	28.5	0	0	22.7	10.0	10-Sep-24 06:28:34.937	
0	0	0	0	1	0	0	13	0	0	0	19.8	28.5	0	0	22.7	10.0	10-Sep-24 06:28:34.979	
0	0	0	0	3	0	0	24	0	0	0	19.8	28.5	0	0	22.7	10.0	10-Sep-24 06:28:35.023	
0	0	0	1	1	0	0	17	0	0	0	19.8	28.5	0	0	22.7	10.0	10-Sep-24 06:28:35.068	
0	0	0	0	2	0	0	18	0	0	0	19.8	28.5	0	0	22.7	10.0	10-Sep-24 06:28:35.111	
0	0	0	1	0	0	0	23	0	0	0	19.8	28.5	0	0	22.7	10.0	10-Sep-24 06:28:35.155	
0	0	0	0	2	0	0	23	0	0	0	19.8	28.5	0	0	22.7	10.0	10-Sep-24 06:28:35.199	
0	0	0	0	2	0	0	17	0	0	0	19.8	28.5	0	0	22.7	10.0	10-Sep-24 06:28:35.244	
0	0	0	1	2	0	0	21	0	0	0	19.8	28.5	0	0	22.7	10.0	10-Sep-24 06:28:35.295	
0	0	0	1	1	0	0	20	0	0	0	19.8	28.5	0	0	22.7	10.0	10-Sep-24 06:28:35.341	
0	0	0	1	2	0	0	22	0	0	0	19.8	28.5	0	0	22.7	10.0	10-Sep-24 06:28:35.383	
0	0	0	1	2	0	0	23	0	0	0	19.8	28.5	0	0	22.7	10.0	10-Sep-24 06:28:35.427	
0	0	0	1	2	0	0	22	0	0	0	19.8	28.5	0	0	22.7	10.0	10-Sep-24 06:28:35.472	
0	0	0	1	1	0	0	19	0	0	0	19.8	28.5	0	0	22.7	10.0	10-Sep-24 06:28:35.516	
0	0	0	1	2	0	0	25	0	0	0	19.8	28.5	0	0	22.7	10.0	10-Sep-24 06:28:35.560	
0	0	0	0	4	0	0	24	0	0	0	19.8	28.5	0	0	22.7	10.0	10-Sep-24 06:28:35.663	
0	0	0	0	2	0	0	20	0	0	0	19.8	28.5	0	0	22.7	10.0	10-Sep-24 06:28:35.708	
0	0	0	1	2	0	0	13	0	0	0	19.8	28.5	0	0	22.7	10.0	10-Sep-24 06:28:35.752	
0	0	0	1	1	0	0	22	0	0	0	19.8	28.5	0	0	22.7	10.0	10-Sep-24 06:28:35.796	
0	0	0	1	3	0	0	28	0	0	0	19.8	28.5	0	0	22.7	10.0	10-Sep-24 06:28:35.846	
0	0	0	0	3	0	0	20	0	0	0	19.8	28.5	0	0	22.7	10.0	10-Sep-24 06:28:35.893	
0	0	0	0	3	0	0	25	0	0	0	19.8	28.5	0	0	22.7	10.0	10-Sep-24 06:28:35.936	
0	0	0	1	1	0	0	22	0	0	0	19.8	28.5	0	0	22.7	10.0	10-Sep-24 06:28:35.980	
0	0	0	1	1	0	0	19	0	0	0	19.8	28.5	0	0	22.7	10.0	10-Sep-24 06:28:36.023	
0	0	0	0	1	0	0	23	0	0	0	19.8	28.5	0	0	22.7	10.0	10-Sep-24 06:28:36.068	
0	0	0	0	1	0	0	16	0	0	0	19.8	28.5	0	0	22.7	10.0	10-Sep-24 06:28:36.111	
0	0	0	1	3	0	0	14	0	0	0	19.8	28.5	0	0	22.7	10.0	10-Sep-24 06:28:36.155	
0	0	0	1	2	0	0	28	0	0	0	19.8	28.5	0	0	22.7	10.0	10-Sep-24 06:28:36.199	
0	0	0	1	2	0	0	16	0	0	0	19.8	28.5	0	0	22.7	10.0	10-Sep-24 06:28:36.244	
0	0	0	0	3	0	0	19	0	0	0	19.8	28.5	0	0	22.7	10.0	10-Sep-24 06:28:36.288	
0	0	0	0	2	0	0	25	0	0	0	19.8	28.5	0	0	22.7	10.0	10-Sep-24 06:28:36.339	
0	0	0	1	1	0	0	25	0	0	0	19.8	28.5	0	0	22.7	10.0	10-Sep-24 06:28:36.384	
0	0	0	0	2	0	0	31	0	0	0	19.8	28.5	0	0	22.7	10.0	10-Sep-24 06:28:36.428	
0	0	0	1	2	0	0	11	0	0	0	19.8	28.5	0	0	22.7	10.0	10-Sep-24 06:28:36.472	
0	0	0	1	4	0	0	24	0	0	0	19.8	28.5	0	0	22.7	10.0	10-Sep-24 06:28:36.516	
0	0	0	1	1	0	0	34	0	0	0	19.8	28.5	0	0	22.7	10.0	10-Sep-24 06:28:36.560	
0	0	0	0	3	0	0	27	0	0	0	19.8	28.5	0	0	22.7	10.0	10-Sep-24 06:28:36.603	
0	0	0	1	1	0	0	15	0	0	0	19.8	28.5	0	0	22.7	10.0	10-Sep-24 06:28:36.647	
0	0	0	1	2	0	0	22	0	0	0	19.8	28.5	0	0	22.7	10.0	10-Sep-24 06:28:36.751	
0	0	0	1	3	0	0	25	0	0	0	19.8	28.5	0	0	22.7	10.0	10-Sep-24 06:28:36.796	
0	0	0	3	1	0	0	20	0	0	0	19.8	28.5	0	0	22.7	10.0	10-Sep-24 06:28:36.846	
0	0	0	0	1	0	0	22	0	0	0	19.8	28.5	0	0	22.7	10.0	10-Sep-24 06:28:36.893	
0	0	0	0	1	0	0	24	0	0	0	19.8	28.5	0	0	22.7	10.0	10-Sep-24 06:28:36.935	
0	0	0	1	1	0	0	21	0	0	0	19.8	28.5	0	0	22.7	10.0	10-Sep-24 06:28:36.979	
0	0	0	3	1	0	0	20	0	0	0	19.8	28.5	0	0	22.7	10.0	10-Sep-24 06:28:37.023	
0	0	0	2	1	0	0	26	0	0	0	19.8	28.5	0	0	22.7	10.0	10-Sep-24 06:28:37.068	
0	0	0	0	3	0	0	28	0	0	0	19.8	28.5	0	0	22.7	10.0	10-Sep-24 06:28:37.111	
0	0	0	2	2	0	0	31	0	0	0	19.8	28.5	0	0	22.7	10.0	10-Sep-24 06:28:37.153	
0	0	0	1	3	0	0	29	0	0	0	19.8	28.5	0	0	22.7	10.0	10-Sep-24 06:28:37.196	
0	0	0	1	3	0	0	24	0	0	0	19.8	28.5	0	0	22.7	10.0	10-Sep-24 06:28:37.239	
0	0	0	1	1	0	0	12	0	0	0	19.8	28.5	0	0	22.7	10.0	10-Sep-24 06:28:37.283	
0	0	0	0	3	0	0	20	0	0	0	19.8	28.5	0	0	22.7	10.0	10-Sep-24 06:28:37.328	
0	0	0	1	4	0	0	26	0	0	0	19.8	28.5	0	0	22.7	10.0	10-Sep-24 06:28:37.379	
0	0	0	1	1	0	0	27	0	0	0	19.8	28.5	0	0	22.7	10.0	10-Sep-24 06:28:37.425	
0	0	0	0	1	0	0	13	0	0	0	19.8	28.5	0	0	22.7	10.0	10-Sep-24 06:28:37.468	
0	0	0	1	2	0	0	27	0	0	0	19.8	28.5	0	0	22.7	10.0	10-Sep-24 06:28:37.505	
0	0	0	1	2	0	0	22	0	0	0	19.8	28.5	0	0	22.7	10.0	10-Sep-24 06:28:37.548	
0	0	0	1	2	0	0	18	0	0	0	19.8	28.5	0	0	22.7	10.0	10-Sep-24 06:28:37.592	
0	0	0	0	1	0	0	23	0	0	0	19.8	28.5	0	0	22.7	10.0	10-Sep-24 06:28:37.635	
0	0	0	1	5	0	0	20	0	0	0	19.8	28.5	0	0	22.7	10.0	10-Sep-24 06:28:37.680	
0	0	0	0	4	0	0	25	0	0	0	19.8	28.5	0	0	22.7	10.0	10-Sep-24 06:28:37.724	
0	0	0	0	3	0	0	24	0	0	0	19.8	28.5	0	0	22.7	10.0	10-Sep-24 06:28:37.827	
0	0	0	1	2	0	0	28	0	0	0	19.8	28.5	0	0	22.7	10.0	10-Sep-24 06:28:37.879	
0	0	0	0	1	0	0	24	0	0	0	19.8	28.5	0	0	22.7	10.0	10-Sep-24 06:28:37.915	
0	0	0	0	1	0	0	26	0	0	0	19.8	28.5	0	0	22.7	10.0	10-Sep-24 06:28:37.960	
0	0	0	1	3	0	0	25	0	0	0	19.8	28.5	0	0	22.7	10.0	10-Sep-24 06:28:38.004	
0	0	0	2	2	0	0	19	0	0	0	19.8	28.5	0	0	22.7	10.0	10-Sep-24 06:28:38.047	
0	0	0	1	1	0	0	28	0	0	0	19.8	28.5	0	0	22.7	10.0	10-Sep-24 06:28:38.092	
0	0	0	0	4	0	0	28	0	0	0	19.8	28.5	0	0	22.7	10.0	10-Sep-24 06:28:38.136	
0	0	0	1	2	0	0	15	0	0	0	19.8	28.5	0	0	22.7	10.0	10-Sep-24 06:28:38.179	
0	0	0	1	1	0	0	28	0	0	0	19.8	28.5	0	0	22.7	10.0	10-Sep-24 06:28:38.223	
0	0	0	1	1	0	0	19	0	0	0	19.8	28.5	0	0	22.7	10.0	10-Sep-24 06:28:38.267	
0	0	0	2	3	0	0	20	0	0	0	19.8	28.5	0	0	22.7	10.0	10-Sep-24 06:28:38.312	
0	0	0	1	1	0	0	26	0	0	0	19.8	28.5	0	0	22.7	10.0	10-Sep-24 06:28:38.361	
0	0	0	1	2	0	0	14	0	0	0	19.8	28.5	0	0	22.7	10.0	10-Sep-24 06:28:38.409	
0	0	0	0	1	0	0	21	0	0	0	19.8	28.5	0	0	22.7	10.0	10-Sep-24 06:28:38.452	
0	0	0	0	3	0	0	27	0	0	0	19.8	28.5	0	0	22.7	10.0	10-Sep-24 06:28:38.496	
0	0	0	1	1	0	0	21	0	0	0	19.8	28.5	0	0	22.7	10.0	10-Sep-24 06:28:38.539	
0	0	0	1	1	0	0	19	0	0	0	19.8	28.5	0	0	22.7	10.0	10-Sep-24 06:28:38.583	
0	0	0	1	3	0	0	31	0	0	0	19.8	28.5	0	0	22.7	10.0	10-Sep-24 06:28:38.627	
0	0	0	1	2	0	0	27	0	0	0	19.8	28.5	0	0	22.7	10.0	10-Sep-24 06:28:38.672	
0	0	0	1	6	0	0	16	0	0	0	19.8	28.5	0	0	22.7	10.0	10-Sep-24 06:28:38.715	
0	0	0	0	1	0	0	18	0	0	0	19.8	28.5	0	0	22.7	10.0	10-Sep-24 06:28:38.760	
0	0	0	2	1	0	0	11	0	0	0	19.8	28.5	0	0	22.7	10.0	10-Sep-24 06:28:38.804	
0	0	0	1	2	0	0	20	0	0	0	19.8	28.5	0	0	22.7	10.0	10-Sep-24 06:28:38.915	
0	0	0	1	3	0	0	18	0	0	0	19.8	28.5	0	0	22.7	10.0	10-Sep-24 06:28:38.959	
0	0	0	1	1	0	0	20	0	0	0	19.8	28.5	0	0	22.7	10.0	10-Sep-24 06:28:39.004	
0	0	0	0	2	0	0	21	0	0	0	19.8	28.5	0	0	22.7	10.0	10-Sep-24 06:28:39.047	
0	0	0	1	4	0	0	25	0	0	0	19.8	28.5	0	0	22.7	10.0	10-Sep-24 06:28:39.092	
0	0	0	0	2	0	0	17	0	0	0	19.8	28.5	0	0	22.7	10.0	10-Sep-24 06:28:39.136	
0	0	0	2	2	0	0	27	0	0	0	19.8	28.5	0	0	22.7	10.0	10-Sep-24 06:28:39.179	
0	0	0	2	3	0	0	18	0	0	0	19.8	28.5	0	0	22.7	10.0	10-Sep-24 06:28:39.224	
0	0	0	0	2	0	0	21	0	0	0	19.8	28.5	0	0	22.7	10.0	10-Sep-24 06:28:39.267	
0	0	0	1	2	0	0	28	0	0	0	19.8	28.5	0	0	22.7	10.0	10-Sep-24 06:28:39.311	
0	0	0	1	0	0	0	19	0	0	0	19.8	28.5	0	0	22.7	10.0	10-Sep-24 06:28:39.356	
0	0	0	0	3	0	0	22	0	0	0	19.8	28.5	0	0	22.7	10.0	10-Sep-24 06:28:39.407	
0	0	0	0	1	0	0	20	0	0	0	19.8	28.5	0	0	22.7	10.0	10-Sep-24 06:28:39.452	
0	0	0	1	1	0	0	19	0	0	0	19.8	28.5	0	0	22.7	10.0	10-Sep-24 06:28:39.497	
0	0	0	1	2	0	0	16	0	0	0	19.8	28.5	0	0	22.7	10.0	10-Sep-24 06:28:39.539	
0	0	0	1	2	0	0	24	0	0	0	19.8	28.5	0	0	22.7	10.0	10-Sep-24 06:28:39.584	
0	0	0	0	1	0	0	19	0	0	0	19.8	28.5	0	0	22.7	10.0	10-Sep-24 06:28:39.628	
0	0	0	0	1	0	0	30	0	0	0	19.8	28.5	0	0	22.7	10.0	10-Sep-24 06:28:39.671	
0	0	0	1	1	0	0	30	0	0	0	19.8	28.5	0	0	22.7	10.0	10-Sep-24 06:28:39.716	
0	0	0	1	1	0	0	26	0	0	0	19.8	28.5	0	0	22.7	10.0	10-Sep-24 06:28:39.759	
0	0	0	1	2	0	0	21	0	0	0	19.8	28.5	0	0	22.7	10.0	10-Sep-24 06:28:39.803	
0	0	0	1	2	0	0	16	0	0	0	19.8	28.5	0	0	22.7	10.0	10-Sep-24 06:28:39.848	
0	0	0	1	2	0	0	23	0	0	0	19.8	28.5	0	0	22.7	10.0	10-Sep-24 06:28:39.897	
0	0	0	1	1	0	0	17	0	0	0	19.8	28.5	0	0	22.7	10.0	10-Sep-24 06:28:40.079	
0	0	0	1	1	0	0	26	0	0	0	19.8	28.5	0	0	22.7	10.0	10-Sep-24 06:28:40.144	
0	0	0	1	3	0	0	22	0	0	0	19.8	28.5	0	0	22.7	10.0	10-Sep-24 06:28:40.190	
0	0	0	2	4	0	0	25	0	0	0	19.8	28.5	0	0	22.7	10.0	10-Sep-24 06:28:40.232	
0	0	0	2	2	0	0	20	0	0	0	19.8	28.5	0	0	22.7	10.0	10-Sep-24 06:28:40.275	
0	0	0	1	2	0	0	21	0	0	0	19.8	28.5	0	0	22.7	10.0	10-Sep-24 06:28:40.319	
0	0	0	1	1	0	0	16	0	0	0	19.8	28.5	0	0	22.7	10.0	10-Sep-24 06:28:40.363	
0	0	0	1	3	0	0	28	0	0	0	19.8	28.5	0	0	22.7	10.0	10-Sep-24 06:28:40.414	
0	0	0	0	1	0	0	18	0	0	0	19.8	28.5	0	0	22.7	10.0	10-Sep-24 06:28:40.461	
0	0	0	2	2	0	0	22	0	0	0	19.8	28.5	0	0	22.7	10.0	10-Sep-24 06:28:40.504	
0	0	0	1	3	0	0	26	0	0	0	19.8	28.5	0	0	22.7	10.0	10-Sep-24 06:28:40.548	
0	0	0	0	2	0	0	20	0	0	0	19.8	28.5	0	0	22.7	10.0	10-Sep-24 06:28:40.592	
0	0	0	1	2	0	0	24	0	0	0	19.8	28.5	0	0	22.7	10.0	10-Sep-24 06:28:40.635	
0	0	0	0	1	0	0	34	0	0	0	19.8	28.5	0	0	22.7	10.0	10-Sep-24 06:28:40.680	
0	0	0	1	3	0	0	23	0	0	0	19.8	28.5	0	0	22.7	10.0	10-Sep-24 06:28:40.723	
0	0	0	1	2	0	0	26	0	0	0	19.8	28.5	0	0	22.7	10.0	10-Sep-24 06:28:40.768	
0	0	0	0	2	0	0	17	0	0	0	19.8	28.5	0	0	22.7	10.0	10-Sep-24 06:28:40.812	
0	0	0	0	1	0	0	19	0	0	0	19.8	28.5	0	0	22.7	10.0	10-Sep-24 06:28:40.855	
0	0	0	2	3	0	0	26	0	0	0	19.8	28.5	0	0	22.7	10.0	10-Sep-24 06:28:40.900	
0	0	0	1	1	0	0	29	0	0	0	19.8	28.5	0	0	22.7	10.0	10-Sep-24 06:28:40.950	
0	0	0	2	2	0	0	19	0	0	0	19.8	28.5	0	0	22.7	10.0	10-Sep-24 06:28:40.996	
0	0	0	2	4	0	0	34	0	0	0	19.8	28.5	0	0	22.7	10.0	10-Sep-24 06:28:41.039	
0	0	0	1	2	0	0	21	0	0	0	19.8	28.5	0	0	22.7	10.0	10-Sep-24 06:28:41.132	
0	0	0	0	4	0	0	21	0	0	0	19.8	28.5	0	0	22.7	10.0	10-Sep-24 06:28:41.180	
0	0	0	0	3	0	0	24	0	0	0	19.8	28.5	0	0	22.7	10.0	10-Sep-24 06:28:41.223	
0	0	0	0	2	0	0	20	0	0	0	19.8	28.5	0	0	22.7	10.0	10-Sep-24 06:28:41.268	
0	0	0	1	2	0	0	15	0	0	0	19.8	28.5	0	0	22.7	10.0	10-Sep-24 06:28:41.314	
0	0	0	0	2	0	0	18	0	0	0	19.8	28.5	0	0	22.7	10.0	10-Sep-24 06:28:41.355	
0	0	0	0	1	0	0	24	0	0	0	19.8	28.5	0	0	22.7	10.0	10-Sep-24 06:28:41.400	
0	0	0	0	1	0	0	21	0	0	0	19.8	28.5	0	0	22.7	10.0	10-Sep-24 06:28:41.450	
0	0	0	2	2	0	0	17	0	0	0	19.8	28.5	0	0	22.7	10.0	10-Sep-24 06:28:41.487	
0	0	0	0	1	0	0	19	0	0	0	19.8	28.5	0	0	22.7	10.0	10-Sep-24 06:28:41.531	
0	0	0	1	4	0	0	19	0	0	0	19.8	28.5	0	0	22.7	10.0	10-Sep-24 06:28:41.575	
0	0	0	3	2	0	0	15	0	0	0	19.8	28.5	0	0	22.7	10.0	10-Sep-24 06:28:41.619	
0	0	0	1	1	0	0	32	0	0	0	19.8	28.5	0	0	22.7	10.0	10-Sep-24 06:28:41.663	
0	0	0	1	1	0	0	26	0	0	0	19.8	28.5	0	0	22.7	10.0	10-Sep-24 06:28:41.707	
0	0	0	1	4	0	0	17	0	0	0	19.8	28.5	0	0	22.7	10.0	10-Sep-24 06:28:41.751	
0	0	0	2	1	0	0	21	0	0	0	19.8	28.5	0	0	22.7	10.0	10-Sep-24 06:28:41.796	
0	0	0	1	2	0	0	16	0	0	0	19.8	28.5	0	0	22.7	10.0	10-Sep-24 06:28:41.832	
0	0	0	2	0	0	0	22	0	0	0	19.8	28.5	0	0	22.7	10.0	10-Sep-24 06:28:41.875	
0	0	0	1	3	0	0	28	0	0	0	19.8	28.5	0	0	22.7	10.0	10-Sep-24 06:28:41.920	
0	0	0	0	1	0	0	19	0	0	0	19.8	28.5	0	0	22.7	10.0	10-Sep-24 06:28:41.971	
0	0	0	1	3	0	0	22	0	0	0	19.8	28.5	0	0	22.7	10.0	10-Sep-24 06:28:42.017	
0	0	0	4	1	0	0	16	0	0	0	19.8	28.5	0	0	22.7	10.0	10-Sep-24 06:28:42.059	
0	0	0	0	3	0	0	24	0	0	0	19.8	28.5	0	0	22.7	10.0	10-Sep-24 06:28:42.103	
0	0	0	0	3	0	0	23	0	0	0	19.8	28.5	0	0	22.7	10.0	10-Sep-24 06:28:42.206	
0	0	0	1	3	0	0	19	0	0	0	19.8	28.5	0	0	22.7	10.0	10-Sep-24 06:28:42.252	
0	0	0	0	2	0	0	25	0	0	0	19.8	28.5	0	0	22.7	10.0	10-Sep-24 06:28:42.295	
0	0	0	1	1	0	0	21	0	0	0	19.8	28.5	0	0	22.7	10.0	10-Sep-24 06:28:42.339	
0	0	0	1	2	0	0	25	0	0	0	19.8	28.5	0	0	22.7	10.0	10-Sep-24 06:28:42.383	
0	0	0	1	4	0	0	17	0	0	0	19.8	28.5	0	0	22.7	10.0	10-Sep-24 06:28:42.427	
0	0	0	1	2	0	0	28	0	0	0	19.8	28.5	0	0	22.7	10.0	10-Sep-24 06:28:42.474	
0	0	0	0	2	0	0	15	0	0	0	19.8	28.5	0	0	22.7	10.0	10-Sep-24 06:28:42.510	
0	0	0	0	4	0	0	29	0	0	0	19.8	28.5	0	0	22.7	10.0	10-Sep-24 06:28:42.556	
0	0	0	2	4	0	0	20	0	0	0	19.8	28.5	0	0	22.7	10.0	10-Sep-24 06:28:42.599	
0	0	0	1	3	0	0	20	0	0	0	19.8	28.5	0	0	22.7	10.0	10-Sep-24 06:28:42.644	
0	0	0	1	2	0	0	28	0	0	0	19.8	28.5	0	0	22.7	10.0	10-Sep-24 06:28:42.687	
0	0	0	0	1	0	0	24	0	0	0	19.8	28.5	0	0	22.7	10.0	10-Sep-24 06:28:42.732	
0	0	0	2	2	0	0	17	0	0	0	19.8	28.5	0	0	22.7	10.0	10-Sep-24 06:28:42.776	
0	0	0	2	1	0	0	22	0	0	0	19.8	28.5	0	0	22.7	10.0	10-Sep-24 06:28:42.819	
0	0	0	2	1	0	0	26	0	0	0	19.8	28.5	0	0	22.7	10.0	10-Sep-24 06:28:42.864	
0	0	0	1	3	0	0	23	0	0	0	19.8	28.5	0	0	22.7	10.0	10-Sep-24 06:28:42.908	
0	0	0	0	3	0	0	19	0	0	0	19.8	28.5	0	0	22.7	10.0	10-Sep-24 06:28:42.952	
0	0	0	2	3	0	0	20	0	0	0	19.8	28.5	0	0	22.7	10.0	10-Sep-24 06:28:43.003	
0	0	0	2	1	0	0	23	0	0	0	19.8	28.5	0	0	22.7	10.0	10-Sep-24 06:28:43.048	
0	0	0	2	2	0	0	17	0	0	0	19.8	28.5	0	0	22.7	10.0	10-Sep-24 06:28:43.092	
0	0	0	0	1	0	0	32	0	0	0	19.8	28.5	0	0	22.7	10.0	10-Sep-24 06:28:43.135	
0	0	0	1	2	0	0	19	0	0	0	19.8	28.5	0	0	22.7	10.0	10-Sep-24 06:28:43.180	
0	0	0	2	1	0	0	21	0	0	0	19.8	28.5	0	0	22.7	10.0	10-Sep-24 06:28:43.282	
0	0	0	1	1	0	0	31	0	0	0	19.8	28.5	0	0	22.7	10.0	10-Sep-24 06:28:43.327	
0	0	0	1	3	0	0	19	0	0	0	19.8	28.5	0	0	22.7	10.0	10-Sep-24 06:28:43.372	
0	0	0	1	1	0	0	23	0	0	0	19.8	28.5	0	0	22.7	10.0	10-Sep-24 06:28:43.416	
0	0	0	0	2	0	0	20	0	0	0	19.8	28.5	0	0	22.7	10.0	10-Sep-24 06:28:43.459	
0	0	0	1	1	0	0	24	0	0	0	19.8	28.5	0	0	22.7	10.0	10-Sep-24 06:28:43.506	
0	0	0	0	1	0	0	16	0	0	0	19.8	28.5	0	0	22.7	10.0	10-Sep-24 06:28:43.551	
0	0	0	1	2	0	0	23	0	0	0	19.8	28.5	0	0	22.7	10.0	10-Sep-24 06:28:43.595	
0	0	0	0	1	0	0	24	0	0	0	19.8	28.5	0	0	22.7	10.0	10-Sep-24 06:28:43.639	
0	0	0	2	1	0	0	14	0	0	0	19.8	28.5	0	0	22.7	10.0	10-Sep-24 06:28:43.684	
0	0	0	1	2	0	0	28	0	0	0	19.8	28.5	0	0	22.7	10.0	10-Sep-24 06:28:43.728	
0	0	0	1	3	0	0	21	0	0	0	19.8	28.5	0	0	22.7	10.0	10-Sep-24 06:28:43.771	
0	0	0	2	1	0	0	30	0	0	0	19.8	28.5	0	0	22.7	10.0	10-Sep-24 06:28:43.815	
0	0	0	2	1	0	0	23	0	0	0	19.8	28.5	0	0	22.7	10.0	10-Sep-24 06:28:43.859	
0	0	0	0	3	0	0	21	0	0	0	19.8	28.5	0	0	22.7	10.0	10-Sep-24 06:28:43.903	
0	0	0	1	1	0	0	23	0	0	0	19.8	28.5	0	0	22.7	10.0	10-Sep-24 06:28:43.948	
0	0	0	0	3	0	0	33	0	0	0	19.8	28.5	0	0	22.7	10.0	10-Sep-24 06:28:43.999	
0	0	0	1	2	0	0	20	0	0	0	19.8	28.5	0	0	22.7	10.0	10-Sep-24 06:28:44.043	
0	0	0	0	5	0	0	26	0	0	0	19.8	28.5	0	0	22.7	10.0	10-Sep-24 06:28:44.088	
0	0	0	1	1	0	0	27	0	0	0	19.8	28.5	0	0	22.7	10.0	10-Sep-24 06:28:44.132	
0	0	0	1	1	0	0	16	0	0	0	19.8	28.5	0	0	22.7	10.0	10-Sep-24 06:28:44.176	
0	0	0	0	2	0	0	23	0	0	0	19.8	28.5	0	0	22.7	10.0	10-Sep-24 06:28:44.219	
0	0	0	1	1	0	0	18	0	0	0	19.8	28.5	0	0	22.7	10.0	10-Sep-24 06:28:44.263	
0	0	0	2	1	0	0	15	0	0	0	19.8	28.5	0	0	22.7	10.0	10-Sep-24 06:28:44.366	
0	0	0	2	2	0	0	24	0	0	0	19.8	28.5	0	0	22.7	10.0	10-Sep-24 06:28:44.412	
0	0	0	0	3	0	0	20	0	0	0	19.8	28.5	0	0	22.7	10.0	10-Sep-24 06:28:44.456	
0	0	0	1	1	0	0	15	0	0	0	19.8	28.5	0	0	22.7	10.0	10-Sep-24 06:28:44.507	
0	0	0	1	2	0	0	25	0	0	0	19.8	28.5	0	0	22.7	10.0	10-Sep-24 06:28:44.550	
0	0	0	1	2	0	0	17	0	0	0	19.8	28.5	0	0	22.7	10.0	10-Sep-24 06:28:44.592	
0	0	0	1	2	0	0	26	0	0	0	19.8	28.5	0	0	22.7	10.0	10-Sep-24 06:28:44.636	
0	0	0	1	2	0	0	20	0	0	0	19.8	28.5	0	0	22.7	10.0	10-Sep-24 06:28:44.679	
0	0	0	1	2	0	0	20	0	0	0	19.8	28.5	0	0	22.7	10.0	10-Sep-24 06:28:44.724	
0	0	0	0	2	0	0	26	0	0	0	19.8	28.5	0	0	22.7	10.0	10-Sep-24 06:28:44.768	
0	0	0	1	3	0	0	13	0	0	0	19.8	28.5	0	0	22.7	10.0	10-Sep-24 06:28:44.811	
0	0	0	1	2	0	0	27	0	0	0	19.8	28.5	0	0	22.7	10.0	10-Sep-24 06:28:44.855	
0	0	0	1	2	0	0	25	0	0	0	19.8	28.5	0	0	22.7	10.0	10-Sep-24 06:28:44.899	
0	0	0	0	2	0	0	24	0	0	0	19.8	28.5	0	0	22.7	10.0	10-Sep-24 06:28:44.944	
0	0	0	1	2	0	0	24	0	0	0	19.8	28.5	0	0	22.7	10.0	10-Sep-24 06:28:44.988	
0	0	0	0	1	0	0	28	0	0	0	19.8	28.5	0	0	22.7	10.0	10-Sep-24 06:28:45.038	
0	0	0	1	1	0	0	24	0	0	0	19.8	28.5	0	0	22.7	10.0	10-Sep-24 06:28:45.080	
0	0	0	1	1	0	0	22	0	0	0	19.8	28.5	0	0	22.7	10.0	10-Sep-24 06:28:45.123	
0	0	0	0	2	0	0	16	0	0	0	19.8	28.5	0	0	22.7	10.0	10-Sep-24 06:28:45.201	
0	0	0	1	1	0	0	16	0	0	0	19.8	28.5	0	0	22.7	10.0	10-Sep-24 06:28:45.292	
0	0	0	0	3	0	0	16	0	0	0	19.8	28.5	0	0	22.7	10.0	10-Sep-24 06:28:45.426	
0	0	0	1	2	0	0	27	0	0	0	19.8	28.5	0	0	22.7	10.0	10-Sep-24 06:28:45.472	
0	0	0	0	3	0	0	22	0	0	0	19.8	28.5	0	0	22.7	10.0	10-Sep-24 06:28:45.525	
0	0	0	2	2	0	0	19	0	0	0	19.8	28.5	0	0	22.7	10.0	10-Sep-24 06:28:45.568	
0	0	0	0	3	0	0	19	0	0	0	19.8	28.5	0	0	22.7	10.0	10-Sep-24 06:28:45.612	
0	0	0	1	2	0	0	20	0	0	0	19.8	28.5	0	0	22.7	10.0	10-Sep-24 06:28:45.655	
0	0	0	0	1	0	0	21	0	0	0	19.8	28.5	0	0	22.7	10.0	10-Sep-24 06:28:45.700	
0	0	0	2	2	0	0	15	0	0	0	19.8	28.5	0	0	22.7	10.0	10-Sep-24 06:28:45.743	
0	0	0	1	1	0	0	30	0	0	0	19.8	28.5	0	0	22.7	10.0	10-Sep-24 06:28:45.787	
0	0	0	1	1	0	0	21	0	0	0	19.8	28.5	0	0	22.7	10.0	10-Sep-24 06:28:45.831	
0	0	0	2	2	0	0	29	0	0	0	19.8	28.5	0	0	22.7	10.0	10-Sep-24 06:28:45.876	
0	0	0	1	1	0	0	25	0	0	0	19.8	28.5	0	0	22.7	10.0	10-Sep-24 06:28:45.920	
0	0	0	3	1	0	0	25	0	0	0	19.8	28.5	0	0	22.7	10.0	10-Sep-24 06:28:45.964	
0	0	0	1	1	0	0	18	0	0	0	19.8	28.5	0	0	22.7	10.0	10-Sep-24 06:28:46.007	
0	0	0	0	3	0	0	23	0	0	0	19.8	28.5	0	0	22.7	10.0	10-Sep-24 06:28:46.059	
0	0	0	0	2	0	0	21	0	0	0	19.8	28.5	0	0	22.7	10.0	10-Sep-24 06:28:46.103	
0	0	0	2	2	0	0	28	0	0	0	19.8	28.5	0	0	22.7	10.0	10-Sep-24 06:28:46.147	
0	0	0	0	3	0	0	18	0	0	0	19.8	28.5	0	0	22.7	10.0	10-Sep-24 06:28:46.191	
0	0	0	0	1	0	0	18	0	0	0	19.8	28.5	0	0	22.7	10.0	10-Sep-24 06:28:46.235	
0	0	0	1	1	0	0	26	0	0	0	19.8	28.5	0	0	22.7	10.0	10-Sep-24 06:28:46.280	
0	0	0	0	2	0	0	16	0	0	0	19.8	28.5	0	0	22.7	10.0	10-Sep-24 06:28:46.324	
0	0	0	1	1	0	0	17	0	0	0	19.8	28.5	0	0	22.7	10.0	10-Sep-24 06:28:46.367	
0	0	0	0	2	0	0	19	0	0	0	19.8	28.5	0	0	22.7	10.0	10-Sep-24 06:28:46.412	
0	0	0	1	1	0	0	27	0	0	0	19.8	28.5	0	0	22.7	10.0	10-Sep-24 06:28:46.507	
0	0	0	3	2	0	0	20	0	0	0	19.8	28.5	0	0	22.7	10.0	10-Sep-24 06:28:46.559	
0	0	0	1	1	0	0	17	0	0	0	19.8	28.5	0	0	22.7	10.0	10-Sep-24 06:28:46.604	
0	0	0	1	2	0	0	24	0	0	0	19.8	28.5	0	0	22.7	10.0	10-Sep-24 06:28:46.648	
0	0	0	1	1	0	0	22	0	0	0	19.8	28.5	0	0	22.7	10.0	10-Sep-24 06:28:46.692	
0	0	0	1	3	0	0	22	0	0	0	19.8	28.5	0	0	22.7	10.0	10-Sep-24 06:28:46.736	
0	0	0	1	1	0	0	20	0	0	0	19.8	28.5	0	0	22.7	10.0	10-Sep-24 06:28:46.779	
0	0	0	0	3	0	0	23	0	0	0	19.8	28.5	0	0	22.7	10.0	10-Sep-24 06:28:46.823	
0	0	0	1	2	0	0	21	0	0	0	19.8	28.5	0	0	22.7	10.0	10-Sep-24 06:28:46.867	
0	0	0	0	2	0	0	25	0	0	0	19.8	28.5	0	0	22.7	10.0	10-Sep-24 06:28:46.911	
0	0	0	1	3	0	0	25	0	0	0	19.8	28.5	0	0	22.7	10.0	10-Sep-24 06:28:46.957	
0	0	0	0	3	0	0	22	0	0	0	19.8	28.5	0	0	22.7	10.0	10-Sep-24 06:28:46.999	
0	0	0	1	1	0	0	19	0	0	0	19.8	28.5	0	0	22.7	10.0	10-Sep-24 06:28:47.051	
0	0	0	0	1	0	0	24	0	0	0	19.8	28.5	0	0	22.7	10.0	10-Sep-24 06:28:47.096	
0	0	0	1	1	0	0	19	0	0	0	19.8	28.5	0	0	22.7	10.0	10-Sep-24 06:28:47.132	
0	0	0	1	2	0	0	25	0	0	0	19.8	28.5	0	0	22.7	10.0	10-Sep-24 06:28:47.176	
0	0	0	1	2	0	0	18	0	0	0	19.8	28.5	0	0	22.7	10.0	10-Sep-24 06:28:47.219	
0	0	0	0	2	0	0	18	0	0	0	19.8	28.5	0	0	22.7	10.0	10-Sep-24 06:28:47.264	
0	0	0	1	1	0	0	23	0	0	0	19.8	28.5	0	0	22.7	10.0	10-Sep-24 06:28:47.308	
0	0	0	0	2	0	0	16	0	0	0	19.8	28.5	0	0	22.7	10.0	10-Sep-24 06:28:47.351	
0	0	0	1	3	0	0	17	0	0	0	19.8	28.5	0	0	22.7	10.0	10-Sep-24 06:28:47.395	
0	0	0	1	1	0	0	13	0	0	0	19.8	28.5	0	0	22.7	10.0	10-Sep-24 06:28:47.439	
0	0	0	1	2	0	0	24	0	0	0	19.8	28.5	0	0	22.7	10.0	10-Sep-24 06:28:47.484	
0	0	0	1	2	0	0	22	0	0	0	19.8	28.5	0	0	22.7	10.0	10-Sep-24 06:28:47.594	
0	0	0	2	2	0	0	19	0	0	0	19.8	28.5	0	0	22.7	10.0	10-Sep-24 06:28:47.639	
0	0	0	1	1	0	0	21	0	0	0	19.8	28.5	0	0	22.7	10.0	10-Sep-24 06:28:47.684	
0	0	0	0	3	0	0	18	0	0	0	19.8	28.5	0	0	22.7	10.0	10-Sep-24 06:28:47.728	
0	0	0	1	1	0	0	20	0	0	0	19.8	28.5	0	0	22.7	10.0	10-Sep-24 06:28:47.771	
0	0	0	0	1	0	0	26	0	0	0	19.8	28.5	0	0	22.7	10.0	10-Sep-24 06:28:47.815	
0	0	0	0	1	0	0	20	0	0	0	19.8	28.5	0	0	22.7	10.0	10-Sep-24 06:28:47.858	
0	0	0	2	2	0	0	17	0	0	0	19.8	28.5	0	0	22.7	10.0	10-Sep-24 06:28:47.900	
0	0	0	1	2	0	0	21	0	0	0	19.8	28.5	0	0	22.7	10.0	10-Sep-24 06:28:47.944	
0	0	0	1	2	0	0	20	0	0	0	19.8	28.5	0	0	22.7	10.0	10-Sep-24 06:28:47.988	
0	0	0	1	1	0	0	16	0	0	0	19.8	28.5	0	0	22.7	10.0	10-Sep-24 06:28:48.032	
0	0	0	1	2	0	0	16	0	0	0	19.8	28.5	0	0	22.7	10.0	10-Sep-24 06:28:48.083	
0	0	0	1	2	0	0	20	0	0	0	19.8	28.5	0	0	22.7	10.0	10-Sep-24 06:28:48.127	
0	0	0	1	2	0	0	19	0	0	0	19.8	28.5	0	0	22.7	10.0	10-Sep-24 06:28:48.172	
0	0	0	2	1	0	0	23	0	0	0	19.8	28.5	0	0	22.7	10.0	10-Sep-24 06:28:48.216	
0	0	0	0	2	0	0	21	0	0	0	19.8	28.5	0	0	22.7	10.0	10-Sep-24 06:28:48.259	
0	0	0	1	1	0	0	24	0	0	0	19.8	28.5	0	0	22.7	10.0	10-Sep-24 06:28:48.303	
0	0	0	0	2	0	0	21	0	0	0	19.8	28.5	0	0	22.7	10.0	10-Sep-24 06:28:48.348	
0	0	0	0	1	0	0	15	0	0	0	19.8	28.5	0	0	22.7	10.0	10-Sep-24 06:28:48.391	
0	0	0	0	2	0	0	25	0	0	0	19.8	28.5	0	0	22.7	10.0	10-Sep-24 06:28:48.435	
0	0	0	0	2	0	0	20	0	0	0	19.8	28.5	0	0	22.7	10.0	10-Sep-24 06:28:48.479	
0	0	0	0	2	0	0	18	0	0	0	19.8	28.5	0	0	22.7	10.0	10-Sep-24 06:28:48.525	
0	0	0	1	1	0	0	24	0	0	0	19.8	28.5	0	0	22.7	10.0	10-Sep-24 06:28:48.568	
0	0	0	1	1	0	0	24	0	0	0	19.8	28.5	0	0	22.7	10.0	10-Sep-24 06:28:48.667	
0	0	0	2	4	0	0	22	0	0	0	19.8	28.5	0	0	22.7	10.0	10-Sep-24 06:28:48.711	
0	0	0	2	1	0	0	25	0	0	0	19.8	28.5	0	0	22.7	10.0	10-Sep-24 06:28:48.756	
0	0	0	0	2	0	0	20	0	0	0	19.8	28.5	0	0	22.7	10.0	10-Sep-24 06:28:48.800	
0	0	0	1	6	0	0	27	0	0	0	19.8	28.5	0	0	22.7	10.0	10-Sep-24 06:28:48.844	
0	0	0	0	1	0	0	16	0	0	0	19.8	28.5	0	0	22.7	10.0	10-Sep-24 06:28:48.887	
0	0	0	0	3	0	0	27	0	0	0	19.8	28.5	0	0	22.7	10.0	10-Sep-24 06:28:48.931	
0	0	0	0	2	0	0	18	0	0	0	19.8	28.5	0	0	22.7	10.0	10-Sep-24 06:28:48.976	
0	0	0	1	1	0	0	15	0	0	0	19.8	28.5	0	0	22.7	10.0	10-Sep-24 06:28:49.019	
0	0	0	0	2	0	0	25	0	0	0	19.8	28.5	0	0	22.7	10.0	10-Sep-24 06:28:49.063	
0	0	0	1	2	0	0	20	0	0	0	19.8	28.5	0	0	22.7	10.0	10-Sep-24 06:28:49.115	
0	0	0	1	2	0	0	22	0	0	0	19.8	28.5	0	0	22.7	10.0	10-Sep-24 06:28:49.160	
0	0	0	0	1	0	0	30	0	0	0	19.8	28.5	0	0	22.7	10.0	10-Sep-24 06:28:49.203	
0	0	0	2	1	0	0	21	0	0	0	19.8	28.5	0	0	22.7	10.0	10-Sep-24 06:28:49.248	
0	0	0	0	3	0	0	22	0	0	0	19.8	28.5	0	0	22.7	10.0	10-Sep-24 06:28:49.291	
0	0	0	2	2	0	0	20	0	0	0	19.8	28.5	0	0	22.7	10.0	10-Sep-24 06:28:49.335	
0	0	0	1	2	0	0	20	0	0	0	19.8	28.5	0	0	22.7	10.0	10-Sep-24 06:28:49.380	
0	0	0	1	3	0	0	19	0	0	0	19.8	28.5	0	0	22.7	10.0	10-Sep-24 06:28:49.424	
0	0	0	0	2	0	0	28	0	0	0	19.8	28.5	0	0	22.7	10.0	10-Sep-24 06:28:49.468	
0	0	0	0	4	0	0	16	0	0	0	19.8	28.5	0	0	22.7	10.0	10-Sep-24 06:28:49.511	
0	0	0	0	3	0	0	17	0	0	0	19.8	28.5	0	0	22.7	10.0	10-Sep-24 06:28:49.556	
0	0	0	0	2	0	0	21	0	0	0	19.8	28.5	0	0	22.7	10.0	10-Sep-24 06:28:49.606	
0	0	0	2	1	0	0	23	0	0	0	19.8	28.5	0	0	22.7	10.0	10-Sep-24 06:28:49.652	
0	0	0	0	3	0	0	26	0	0	0	19.8	28.5	0	0	22.7	10.0	10-Sep-24 06:28:49.754	
0	0	0	1	2	0	0	19	0	0	0	19.8	28.5	0	0	22.7	10.0	10-Sep-24 06:28:49.800	
0	0	0	0	2	0	0	20	0	0	0	19.8	28.5	0	0	22.7	10.0	10-Sep-24 06:28:49.843	
0	0	0	0	1	0	0	15	0	0	0	19.8	28.5	0	0	22.7	10.0	10-Sep-24 06:28:49.888	
0	0	0	1	1	0	0	30	0	0	0	19.8	28.5	0	0	22.7	10.0	10-Sep-24 06:28:49.931	
0	0	0	2	4	0	0	14	0	0	0	19.8	28.5	0	0	22.7	10.0	10-Sep-24 06:28:49.976	
0	0	0	0	1	0	0	33	0	0	0	19.8	28.5	0	0	22.7	10.0	10-Sep-24 06:28:50.020	
0	0	0	2	1	0	0	23	0	0	0	19.8	28.5	0	0	22.7	10.0	10-Sep-24 06:28:50.056	
0	0	0	1	1	0	0	23	0	0	0	19.8	28.5	0	0	22.7	10.0	10-Sep-24 06:28:50.100	
0	0	0	0	1	0	0	22	0	0	0	19.8	28.5	0	0	22.7	10.0	10-Sep-24 06:28:50.151	
0	0	0	1	2	0	0	26	0	0	0	19.8	28.5	0	0	22.7	10.0	10-Sep-24 06:28:50.196	
0	0	0	1	1	0	0	23	0	0	0	19.8	28.5	0	0	22.7	10.0	10-Sep-24 06:28:50.240	
0	0	0	0	3	0	0	15	0	0	0	19.8	28.5	0	0	22.7	10.0	10-Sep-24 06:28:50.282	
0	0	0	1	3	0	0	19	0	0	0	19.8	28.5	0	0	22.7	10.0	10-Sep-24 06:28:50.327	
0	0	0	0	1	0	0	23	0	0	0	19.8	28.5	0	0	22.7	10.0	10-Sep-24 06:28:50.372	
0	0	0	2	3	0	0	22	0	0	0	19.8	28.5	0	0	22.7	10.0	10-Sep-24 06:28:50.451	
0	0	0	1	2	0	0	19	0	0	0	19.8	28.5	0	0	22.7	10.0	10-Sep-24 06:28:50.542	
0	0	0	1	1	0	0	21	0	0	0	19.8	28.5	0	0	22.7	10.0	10-Sep-24 06:28:50.604	
0	0	0	2	5	0	0	29	0	0	0	19.8	28.5	0	0	22.7	10.0	10-Sep-24 06:28:50.654	
0	0	0	0	4	0	0	21	0	0	0	19.8	28.5	0	0	22.7	10.0	10-Sep-24 06:28:50.702	
0	0	0	1	1	0	0	23	0	0	0	19.8	28.5	0	0	22.7	10.0	10-Sep-24 06:28:50.739	
0	0	0	1	3	0	0	27	0	0	0	19.8	28.5	0	0	22.7	10.0	10-Sep-24 06:28:50.843	
0	0	0	1	3	0	0	25	0	0	0	19.8	28.5	0	0	22.7	10.0	10-Sep-24 06:28:50.887	
0	0	0	1	1	0	0	21	0	0	0	19.8	28.5	0	0	22.7	10.0	10-Sep-24 06:28:50.931	
0	0	0	1	2	0	0	20	0	0	0	19.8	28.5	0	0	22.7	10.0	10-Sep-24 06:28:50.976	
0	0	0	1	2	0	0	25	0	0	0	19.8	28.5	0	0	22.7	10.0	10-Sep-24 06:28:51.012	
0	0	0	1	1	0	0	28	0	0	0	19.8	28.5	0	0	22.7	10.0	10-Sep-24 06:28:51.056	
0	0	0	1	1	0	0	10	0	0	0	19.8	28.5	0	0	22.7	10.0	10-Sep-24 06:28:51.100	
0	0	0	2	1	0	0	24	0	0	0	19.8	28.5	0	0	22.7	10.0	10-Sep-24 06:28:51.148	
0	0	0	0	2	0	0	20	0	0	0	19.8	28.5	0	0	22.7	10.0	10-Sep-24 06:28:51.196	
0	0	0	0	1	0	0	23	0	0	0	19.8	28.5	0	0	22.7	10.0	10-Sep-24 06:28:51.239	
0	0	0	1	3	0	0	18	0	0	0	19.8	28.5	0	0	22.7	10.0	10-Sep-24 06:28:51.284	
0	0	0	0	2	0	0	17	0	0	0	19.8	28.5	0	0	22.7	10.0	10-Sep-24 06:28:51.328	
0	0	0	1	1	0	0	22	0	0	0	19.8	28.5	0	0	22.7	10.0	10-Sep-24 06:28:51.372	
0	0	0	1	2	0	0	21	0	0	0	19.8	28.5	0	0	22.7	10.0	10-Sep-24 06:28:51.415	
0	0	0	2	1	0	0	16	0	0	0	19.8	28.5	0	0	22.7	10.0	10-Sep-24 06:28:51.460	
0	0	0	1	1	0	0	22	0	0	0	19.8	28.5	0	0	22.7	10.0	10-Sep-24 06:28:51.503	
0	0	0	0	1	0	0	19	0	0	0	19.8	28.5	0	0	22.7	10.0	10-Sep-24 06:28:51.546	
0	0	0	1	3	0	0	25	0	0	0	19.8	28.5	0	0	22.7	10.0	10-Sep-24 06:28:51.588	
0	0	0	1	3	0	0	19	0	0	0	19.8	28.5	0	0	22.7	10.0	10-Sep-24 06:28:51.632	
0	0	0	1	1	0	0	26	0	0	0	19.8	28.5	0	0	22.7	10.0	10-Sep-24 06:28:51.682	
0	0	0	2	1	0	0	25	0	0	0	19.8	28.5	0	0	22.7	10.0	10-Sep-24 06:28:51.728	
0	0	0	2	1	0	0	24	0	0	0	19.8	28.5	0	0	22.7	10.0	10-Sep-24 06:28:51.772	
0	0	0	1	1	0	0	20	0	0	0	19.8	28.5	0	0	22.7	10.0	10-Sep-24 06:28:51.815	
0	0	0	2	3	0	0	17	0	0	0	19.8	28.5	0	0	22.7	10.0	10-Sep-24 06:28:51.918	
0	0	0	1	2	0	0	21	0	0	0	19.8	28.5	0	0	22.7	10.0	10-Sep-24 06:28:51.963	
0	0	0	2	2	0	0	24	0	0	0	19.8	28.5	0	0	22.7	10.0	10-Sep-24 06:28:52.008	
0	0	0	1	2	0	0	32	0	0	0	19.8	28.5	0	0	22.7	10.0	10-Sep-24 06:28:52.051	
0	0	0	2	1	0	0	20	0	0	0	19.8	28.5	0	0	22.7	10.0	10-Sep-24 06:28:52.095	
0	0	0	2	3	0	0	27	0	0	0	19.8	28.5	0	0	22.7	10.0	10-Sep-24 06:28:52.139	
0	0	0	0	1	0	0	20	0	0	0	19.8	28.5	0	0	22.7	10.0	10-Sep-24 06:28:52.186	
0	0	0	0	3	0	0	21	0	0	0	19.8	28.5	0	0	22.7	10.0	10-Sep-24 06:28:52.227	
0	0	0	1	3	0	0	26	0	0	0	19.8	28.5	0	0	22.7	10.0	10-Sep-24 06:28:52.272	
0	0	0	1	1	0	0	20	0	0	0	19.8	28.5	0	0	22.7	10.0	10-Sep-24 06:28:52.316	
0	0	0	1	1	0	0	22	0	0	0	19.8	28.5	0	0	22.7	10.0	10-Sep-24 06:28:52.359	
0	0	0	0	2	0	0	27	0	0	0	19.8	28.5	0	0	22.7	10.0	10-Sep-24 06:28:52.404	
0	0	0	1	2	0	0	26	0	0	0	19.8	28.5	0	0	22.7	10.0	10-Sep-24 06:28:52.447	
0	0	0	2	1	0	0	10	0	0	0	19.8	28.5	0	0	22.7	10.0	10-Sep-24 06:28:52.491	
0	0	0	0	1	0	0	24	0	0	0	19.8	28.5	0	0	22.7	10.0	10-Sep-24 06:28:52.536	
0	0	0	1	2	0	0	17	0	0	0	19.8	28.5	0	0	22.7	10.0	10-Sep-24 06:28:52.579	
0	0	0	1	3	0	0	23	0	0	0	19.8	28.5	0	0	22.7	10.0	10-Sep-24 06:28:52.624	
0	0	0	0	3	0	0	27	0	0	0	19.8	28.5	0	0	22.7	10.0	10-Sep-24 06:28:52.668	
0	0	0	0	3	0	0	31	0	0	0	19.8	28.5	0	0	22.7	10.0	10-Sep-24 06:28:52.717	
0	0	0	2	3	0	0	24	0	0	0	19.8	28.5	0	0	22.7	10.0	10-Sep-24 06:28:52.759	
0	0	0	1	2	0	0	26	0	0	0	19.8	28.5	0	0	22.7	10.0	10-Sep-24 06:28:52.803	
0	0	0	1	2	0	0	27	0	0	0	19.8	28.5	0	0	22.7	10.0	10-Sep-24 06:28:52.848	
0	0	0	1	2	0	0	18	0	0	0	19.8	28.5	0	0	22.7	10.0	10-Sep-24 06:28:52.892	
0	0	0	0	1	0	0	24	0	0	0	19.8	28.5	0	0	22.7	10.0	10-Sep-24 06:28:52.995	
0	0	0	1	2	0	0	23	0	0	0	19.8	28.5	0	0	22.7	10.0	10-Sep-24 06:28:53.040	
0	0	0	2	1	0	0	28	0	0	0	19.8	28.5	0	0	22.7	10.0	10-Sep-24 06:28:53.084	
0	0	0	0	2	0	0	19	0	0	0	19.8	28.5	0	0	22.7	10.0	10-Sep-24 06:28:53.127	
0	0	0	1	5	0	0	32	0	0	0	19.8	28.5	0	0	22.7	10.0	10-Sep-24 06:28:53.171	
0	0	0	1	1	0	0	16	0	0	0	19.8	28.5	0	0	22.7	10.0	10-Sep-24 06:28:53.211	
0	0	0	1	1	0	0	25	0	0	0	19.8	28.5	0	0	22.7	10.0	10-Sep-24 06:28:53.255	
0	0	0	1	2	0	0	21	0	0	0	19.8	28.5	0	0	22.7	10.0	10-Sep-24 06:28:53.300	
0	0	0	1	1	0	0	18	0	0	0	19.8	28.5	0	0	22.7	10.0	10-Sep-24 06:28:53.344	
0	0	0	1	2	0	0	13	0	0	0	19.8	28.5	0	0	22.7	10.0	10-Sep-24 06:28:53.388	
0	0	0	0	3	0	0	24	0	0	0	19.8	28.5	0	0	22.7	10.0	10-Sep-24 06:28:53.431	
0	0	0	1	3	0	0	21	0	0	0	19.8	28.5	0	0	22.7	10.0	10-Sep-24 06:28:53.475	
0	0	0	1	1	0	0	23	0	0	0	19.8	28.5	0	0	22.7	10.0	10-Sep-24 06:28:53.519	
0	0	0	1	1	0	0	23	0	0	0	19.8	28.5	0	0	22.7	10.0	10-Sep-24 06:28:53.564	
0	0	0	0	1	0	0	23	0	0	0	19.8	28.5	0	0	22.7	10.0	10-Sep-24 06:28:53.607	
0	0	0	1	3	0	0	29	0	0	0	19.8	28.5	0	0	22.7	10.0	10-Sep-24 06:28:53.652	
0	0	0	1	1	0	0	25	0	0	0	19.8	28.5	0	0	22.7	10.0	10-Sep-24 06:28:53.702	
0	0	0	2	2	0	0	21	0	0	0	19.8	28.5	0	0	22.7	10.0	10-Sep-24 06:28:53.748	
0	0	0	1	4	0	0	14	0	0	0	19.8	28.5	0	0	22.7	10.0	10-Sep-24 06:28:53.791	
0	0	0	1	1	0	0	24	0	0	0	19.8	28.5	0	0	22.7	10.0	10-Sep-24 06:28:53.836	
0	0	0	1	2	0	0	23	0	0	0	19.8	28.5	0	0	22.7	10.0	10-Sep-24 06:28:53.880	
0	0	0	1	2	0	0	13	0	0	0	19.8	28.5	0	0	22.7	10.0	10-Sep-24 06:28:53.924	
0	0	0	0	1	0	0	18	0	0	0	19.8	28.5	0	0	22.7	10.0	10-Sep-24 06:28:53.967	
0	0	0	0	2	0	0	24	0	0	0	19.8	28.5	0	0	22.7	10.0	10-Sep-24 06:28:54.070	
0	0	0	1	1	0	0	11	0	0	0	19.8	28.5	0	0	22.7	10.0	10-Sep-24 06:28:54.116	
0	0	0	0	1	0	0	21	0	0	0	19.8	28.5	0	0	22.7	10.0	10-Sep-24 06:28:54.159	
0	0	0	2	1	0	0	21	0	0	0	19.8	28.5	0	0	22.7	10.0	10-Sep-24 06:28:54.204	
0	0	0	2	2	0	0	21	0	0	0	19.8	28.5	0	0	22.7	10.0	10-Sep-24 06:28:54.254	
0	0	0	2	1	0	0	19	0	0	0	19.8	28.5	0	0	22.7	10.0	10-Sep-24 06:28:54.291	
0	0	0	1	2	0	0	28	0	0	0	19.8	28.5	0	0	22.7	10.0	10-Sep-24 06:28:54.336	
0	0	0	1	2	0	0	19	0	0	0	19.8	28.5	0	0	22.7	10.0	10-Sep-24 06:28:54.378	
0	0	0	2	2	0	0	22	0	0	0	19.8	28.5	0	0	22.7	10.0	10-Sep-24 06:28:54.423	
0	0	0	1	3	0	0	15	0	0	0	19.8	28.5	0	0	22.7	10.0	10-Sep-24 06:28:54.468	
0	0	0	0	3	0	0	21	0	0	0	19.8	28.5	0	0	22.7	10.0	10-Sep-24 06:28:54.512	
0	0	0	1	2	0	0	21	0	0	0	19.8	28.5	0	0	22.7	10.0	10-Sep-24 06:28:54.556	
0	0	0	0	1	0	0	29	0	0	0	19.8	28.5	0	0	22.7	10.0	10-Sep-24 06:28:54.599	
0	0	0	1	2	0	0	21	0	0	0	19.8	28.5	0	0	22.7	10.0	10-Sep-24 06:28:54.642	
0	0	0	0	4	0	0	17	0	0	0	19.8	28.5	0	0	22.7	10.0	10-Sep-24 06:28:54.687	
0	0	0	1	3	0	0	18	0	0	0	19.8	28.5	0	0	22.7	10.0	10-Sep-24 06:28:54.737	
0	0	0	1	3	0	0	26	0	0	0	19.8	28.5	0	0	22.7	10.0	10-Sep-24 06:28:54.785	
0	0	0	2	1	0	0	20	0	0	0	19.8	28.5	0	0	22.7	10.0	10-Sep-24 06:28:54.828	
0	0	0	1	2	0	0	20	0	0	0	19.8	28.5	0	0	22.7	10.0	10-Sep-24 06:28:54.871	
0	0	0	1	1	0	0	21	0	0	0	19.8	28.5	0	0	22.7	10.0	10-Sep-24 06:28:54.916	
0	0	0	1	1	0	0	13	0	0	0	19.8	28.5	0	0	22.7	10.0	10-Sep-24 06:28:54.960	
0	0	0	0	5	0	0	12	0	0	0	19.8	28.5	0	0	22.7	10.0	10-Sep-24 06:28:55.003	
0	0	0	1	1	0	0	17	0	0	0	19.8	28.5	0	0	22.7	10.0	10-Sep-24 06:28:55.048	
0	0	0	3	1	0	0	27	0	0	0	19.8	28.5	0	0	22.7	10.0	10-Sep-24 06:28:55.151	
0	0	0	2	4	0	0	19	0	0	0	19.8	28.5	0	0	22.7	10.0	10-Sep-24 06:28:55.195	
0	0	0	1	1	0	0	21	0	0	0	19.8	28.5	0	0	22.7	10.0	10-Sep-24 06:28:55.247	
0	0	0	0	1	0	0	24	0	0	0	19.8	28.5	0	0	22.7	10.0	10-Sep-24 06:28:55.291	
0	0	0	1	1	0	0	16	0	0	0	19.8	28.5	0	0	22.7	10.0	10-Sep-24 06:28:55.335	
0	0	0	0	2	0	0	24	0	0	0	19.8	28.5	0	0	22.7	10.0	10-Sep-24 06:28:55.380	
0	0	0	1	2	0	0	22	0	0	0	19.8	28.5	0	0	22.7	10.0	10-Sep-24 06:28:55.423	
0	0	0	2	3	0	0	22	0	0	0	19.8	28.5	0	0	22.7	10.0	10-Sep-24 06:28:55.467	
0	0	0	0	2	0	0	24	0	0	0	19.8	28.5	0	0	22.7	10.0	10-Sep-24 06:28:55.512	
0	0	0	0	1	0	0	27	0	0	0	19.8	28.5	0	0	22.7	10.0	10-Sep-24 06:28:55.557	
0	0	0	0	1	0	0	25	0	0	0	19.8	28.5	0	0	22.7	10.0	10-Sep-24 06:28:55.600	
0	0	0	2	1	0	0	20	0	0	0	19.8	28.5	0	0	22.7	10.0	10-Sep-24 06:28:55.673	
0	0	0	1	4	0	0	23	0	0	0	19.8	28.5	0	0	22.7	10.0	10-Sep-24 06:28:55.758	
0	0	0	2	2	0	0	21	0	0	0	19.8	28.5	0	0	22.7	10.0	10-Sep-24 06:28:55.827	
0	0	0	1	4	0	0	26	0	0	0	19.8	28.5	0	0	22.7	10.0	10-Sep-24 06:28:55.872	
0	0	0	1	3	0	0	21	0	0	0	19.8	28.5	0	0	22.7	10.0	10-Sep-24 06:28:55.909	
0	0	0	1	3	0	0	19	0	0	0	19.8	28.5	0	0	22.7	10.0	10-Sep-24 06:28:55.952	
0	0	0	1	2	0	0	18	0	0	0	19.8	28.5	0	0	22.7	10.0	10-Sep-24 06:28:55.996	
0	0	0	0	2	0	0	25	0	0	0	19.8	28.5	0	0	22.7	10.0	10-Sep-24 06:28:56.039	
0	0	0	1	2	0	0	23	0	0	0	19.8	28.5	0	0	22.7	10.0	10-Sep-24 06:28:56.083	
0	0	0	0	2	0	0	21	0	0	0	19.8	28.5	0	0	22.7	10.0	10-Sep-24 06:28:56.127	
0	0	0	0	1	0	0	17	0	0	0	19.8	28.5	0	0	22.7	10.0	10-Sep-24 06:28:56.221	
0	0	0	1	4	0	0	28	0	0	0	19.8	28.5	0	0	22.7	10.0	10-Sep-24 06:28:56.275	
0	0	0	1	1	0	0	18	0	0	0	19.8	28.5	0	0	22.7	10.0	10-Sep-24 06:28:56.320	
0	0	0	1	2	0	0	16	0	0	0	19.8	28.5	0	0	22.7	10.0	10-Sep-24 06:28:56.364	
0	0	0	0	1	0	0	22	0	0	0	19.8	28.5	0	0	22.7	10.0	10-Sep-24 06:28:56.408	
0	0	0	0	3	0	0	20	0	0	0	19.8	28.5	0	0	22.7	10.0	10-Sep-24 06:28:56.452	
0	0	0	2	1	0	0	20	0	0	0	19.8	28.5	0	0	22.7	10.0	10-Sep-24 06:28:56.496	
0	0	0	1	3	0	0	20	0	0	0	19.8	28.5	0	0	22.7	10.0	10-Sep-24 06:28:56.539	
0	0	0	2	1	0	0	12	0	0	0	19.8	28.5	0	0	22.7	10.0	10-Sep-24 06:28:56.584	
0	0	0	0	3	0	0	31	0	0	0	19.8	28.5	0	0	22.7	10.0	10-Sep-24 06:28:56.627	
0	0	0	1	3	0	0	25	0	0	0	19.8	28.5	0	0	22.7	10.0	10-Sep-24 06:28:56.672	
0	0	0	1	2	0	0	20	0	0	0	19.8	28.5	0	0	22.7	10.0	10-Sep-24 06:28:56.716	
0	0	0	2	1	0	0	23	0	0	0	19.8	28.5	0	0	22.7	10.0	10-Sep-24 06:28:56.760	
0	0	0	1	2	0	0	26	0	0	0	19.8	28.5	0	0	22.7	10.0	10-Sep-24 06:28:56.811	
0	0	0	1	2	0	0	22	0	0	0	19.8	28.5	0	0	22.7	10.0	10-Sep-24 06:28:56.856	
0	0	0	2	1	0	0	17	0	0	0	19.8	28.5	0	0	22.7	10.0	10-Sep-24 06:28:56.899	
0	0	0	1	2	0	0	28	0	0	0	19.8	28.5	0	0	22.7	10.0	10-Sep-24 06:28:56.943	
0	0	0	2	2	0	0	35	0	0	0	19.8	28.5	0	0	22.7	10.0	10-Sep-24 06:28:56.988	
0	0	0	0	3	0	0	30	0	0	0	19.8	28.5	0	0	22.7	10.0	10-Sep-24 06:28:57.032	
0	0	0	0	2	0	0	16	0	0	0	19.8	28.5	0	0	22.7	10.0	10-Sep-24 06:28:57.075	
0	0	0	0	1	0	0	28	0	0	0	19.8	28.5	0	0	22.7	10.0	10-Sep-24 06:28:57.120	
0	0	0	0	1	0	0	33	0	0	0	19.8	28.5	0	0	22.7	10.0	10-Sep-24 06:28:57.163	
0	0	0	1	2	0	0	33	0	0	0	19.8	28.5	0	0	22.7	10.0	10-Sep-24 06:28:57.207	
0	0	0	1	2	0	0	16	0	0	0	19.8	28.5	0	0	22.7	10.0	10-Sep-24 06:28:57.307	
0	0	0	1	3	0	0	26	0	0	0	19.8	28.5	0	0	22.7	10.0	10-Sep-24 06:28:57.352	
0	0	0	0	2	0	0	10	0	0	0	19.8	28.5	0	0	22.7	10.0	10-Sep-24 06:28:57.396	
0	0	0	1	4	0	0	19	0	0	0	19.8	28.5	0	0	22.7	10.0	10-Sep-24 06:28:57.440	
0	0	0	1	3	0	0	23	0	0	0	19.8	28.5	0	0	22.7	10.0	10-Sep-24 06:28:57.483	
0	0	0	0	1	0	0	25	0	0	0	19.8	28.5	0	0	22.7	10.0	10-Sep-24 06:28:57.528	
0	0	0	1	2	0	0	13	0	0	0	19.8	28.5	0	0	22.7	10.0	10-Sep-24 06:28:57.572	
0	0	0	1	4	0	0	17	0	0	0	19.8	28.5	0	0	22.7	10.0	10-Sep-24 06:28:57.615	
0	0	0	0	3	0	0	24	0	0	0	19.8	28.5	0	0	22.7	10.0	10-Sep-24 06:28:57.658	
0	0	0	0	3	0	0	18	0	0	0	19.8	28.5	0	0	22.7	10.0	10-Sep-24 06:28:57.699	
0	0	0	3	2	0	0	24	0	0	0	19.8	28.5	0	0	22.7	10.0	10-Sep-24 06:28:57.744	
0	0	0	1	1	0	0	27	0	0	0	19.8	28.5	0	0	22.7	10.0	10-Sep-24 06:28:57.793	
0	0	0	1	1	0	0	23	0	0	0	19.8	28.5	0	0	22.7	10.0	10-Sep-24 06:28:57.840	
0	0	0	1	2	0	0	26	0	0	0	19.8	28.5	0	0	22.7	10.0	10-Sep-24 06:28:57.884	
0	0	0	2	2	0	0	22	0	0	0	19.8	28.5	0	0	22.7	10.0	10-Sep-24 06:28:57.927	
0	0	0	0	2	0	0	18	0	0	0	19.8	28.5	0	0	22.7	10.0	10-Sep-24 06:28:57.972	
0	0	0	2	5	0	0	21	0	0	0	19.8	28.5	0	0	22.7	10.0	10-Sep-24 06:28:58.016	
0	0	0	0	2	0	0	19	0	0	0	19.8	28.5	0	0	22.7	10.0	10-Sep-24 06:28:58.059	
0	0	0	3	2	0	0	20	0	0	0	19.8	28.5	0	0	22.7	10.0	10-Sep-24 06:28:58.103	
0	0	0	0	2	0	0	16	0	0	0	19.8	28.5	0	0	22.7	10.0	10-Sep-24 06:28:58.148	
0	0	0	2	2	0	0	26	0	0	0	19.8	28.5	0	0	22.7	10.0	10-Sep-24 06:28:58.192	
0	0	0	1	3	0	0	21	0	0	0	19.8	28.5	0	0	22.7	10.0	10-Sep-24 06:28:58.236	
0	0	0	0	1	0	0	20	0	0	0	19.8	28.5	0	0	22.7	10.0	10-Sep-24 06:28:58.279	
0	0	0	0	1	0	0	28	0	0	0	19.8	28.5	0	0	22.7	10.0	10-Sep-24 06:28:58.386	
0	0	0	1	3	0	0	25	0	0	0	19.8	28.5	0	0	22.7	10.0	10-Sep-24 06:28:58.425	
0	0	0	1	2	0	0	28	0	0	0	19.8	28.5	0	0	22.7	10.0	10-Sep-24 06:28:58.467	
0	0	0	2	2	0	0	19	0	0	0	19.8	28.5	0	0	22.7	10.0	10-Sep-24 06:28:58.511	
0	0	0	0	1	0	0	15	0	0	0	19.8	28.5	0	0	22.7	10.0	10-Sep-24 06:28:58.556	
0	0	0	1	2	0	0	14	0	0	0	19.8	28.5	0	0	22.7	10.0	10-Sep-24 06:28:58.600	
0	0	0	1	1	0	0	23	0	0	0	19.8	28.5	0	0	22.7	10.0	10-Sep-24 06:28:58.644	
0	0	0	1	3	0	0	20	0	0	0	19.8	28.5	0	0	22.7	10.0	10-Sep-24 06:28:58.681	
0	0	0	1	1	0	0	21	0	0	0	19.8	28.5	0	0	22.7	10.0	10-Sep-24 06:28:58.723	
0	0	0	0	1	0	0	23	0	0	0	19.8	28.5	0	0	22.7	10.0	10-Sep-24 06:28:58.767	
0	0	0	1	3	0	0	23	0	0	0	19.8	28.5	0	0	22.7	10.0	10-Sep-24 06:28:58.819	
0	0	0	1	1	0	0	30	0	0	0	19.8	28.5	0	0	22.7	10.0	10-Sep-24 06:28:58.863	
0	0	0	0	2	0	0	21	0	0	0	19.8	28.5	0	0	22.7	10.0	10-Sep-24 06:28:58.908	
0	0	0	0	1	0	0	22	0	0	0	19.8	28.5	0	0	22.7	10.0	10-Sep-24 06:28:58.944	
0	0	0	1	1	0	0	23	0	0	0	19.8	28.5	0	0	22.7	10.0	10-Sep-24 06:28:58.987	
0	0	0	1	3	0	0	26	0	0	0	19.8	28.5	0	0	22.7	10.0	10-Sep-24 06:28:59.031	
0	0	0	1	1	0	0	24	0	0	0	19.8	28.5	0	0	22.7	10.0	10-Sep-24 06:28:59.075	
0	0	0	1	3	0	0	20	0	0	0	19.8	28.5	0	0	22.7	10.0	10-Sep-24 06:28:59.120	
0	0	0	1	2	0	0	22	0	0	0	19.8	28.5	0	0	22.7	10.0	10-Sep-24 06:28:59.163	
0	0	0	0	2	0	0	29	0	0	0	19.8	28.5	0	0	22.7	10.0	10-Sep-24 06:28:59.207	
0	0	0	2	2	0	0	23	0	0	0	19.8	28.5	0	0	22.7	10.0	10-Sep-24 06:28:59.252	
0	0	0	1	1	0	0	25	0	0	0	19.8	28.5	0	0	22.7	10.0	10-Sep-24 06:28:59.295	
0	0	0	1	1	0	0	17	0	0	0	19.8	28.5	0	0	22.7	10.0	10-Sep-24 06:28:59.347	
0	0	0	1	3	0	0	27	0	0	0	19.8	28.5	0	0	22.7	10.0	10-Sep-24 06:28:59.450	
0	0	0	1	2	0	0	33	0	0	0	19.8	28.5	0	0	22.7	10.0	10-Sep-24 06:28:59.495	
0	0	0	1	1	0	0	19	0	0	0	19.8	28.5	0	0	22.7	10.0	10-Sep-24 06:28:59.540	
0	0	0	1	3	0	0	19	0	0	0	19.8	28.5	0	0	22.7	10.0	10-Sep-24 06:28:59.584	
0	0	0	2	3	0	0	13	0	0	0	19.8	28.5	0	0	22.7	10.0	10-Sep-24 06:28:59.627	
0	0	0	1	1	0	0	23	0	0	0	19.8	28.5	0	0	22.7	10.0	10-Sep-24 06:28:59.672	
0	0	0	1	1	0	0	24	0	0	0	19.8	28.5	0	0	22.7	10.0	10-Sep-24 06:28:59.715	
0	0	0	0	3	0	0	26	0	0	0	19.8	28.5	0	0	22.7	10.0	10-Sep-24 06:28:59.760	
0	0	0	0	1	0	0	19	0	0	0	19.8	28.5	0	0	22.7	10.0	10-Sep-24 06:28:59.803	
0	0	0	1	1	0	0	19	0	0	0	19.8	28.5	0	0	22.7	10.0	10-Sep-24 06:28:59.855	
0	0	0	3	3	0	0	21	0	0	0	19.8	28.5	0	0	22.7	10.0	10-Sep-24 06:28:59.900	
0	0	0	1	1	0	0	23	0	0	0	19.8	28.5	0	0	22.7	10.0	10-Sep-24 06:28:59.943	
0	0	0	0	1	0	0	22	0	0	0	19.8	28.5	0	0	22.7	10.0	10-Sep-24 06:28:59.987	
0	0	0	1	5	0	0	20	0	0	0	19.8	28.5	0	0	22.7	10.0	10-Sep-24 06:29:00.032	
0	0	0	1	2	0	0	23	0	0	0	19.8	28.5	0	0	22.7	10.0	10-Sep-24 06:29:00.076	
0	0	0	2	4	0	0	27	0	0	0	19.8	28.5	0	0	22.7	10.0	10-Sep-24 06:29:00.119	
0	0	0	1	3	0	0	27	0	0	0	19.8	28.5	0	0	22.7	10.0	10-Sep-24 06:29:00.163	
0	0	0	0	1	0	0	25	0	0	0	19.8	28.5	0	0	22.7	10.0	10-Sep-24 06:29:00.207	
0	0	0	0	7	0	0	23	0	0	0	19.8	28.5	0	0	22.7	10.0	10-Sep-24 06:29:00.252	
0	0	0	1	2	0	0	13	0	0	0	19.8	28.5	0	0	22.7	10.0	10-Sep-24 06:29:00.296	
0	0	0	1	1	0	0	26	0	0	0	19.8	28.5	0	0	22.7	10.0	10-Sep-24 06:29:00.339	
0	0	0	1	1	0	0	15	0	0	0	19.8	28.5	0	0	22.7	10.0	10-Sep-24 06:29:00.391	
0	0	0	0	2	0	0	23	0	0	0	19.8	28.5	0	0	22.7	10.0	10-Sep-24 06:29:00.435	
0	0	0	1	1	0	0	23	0	0	0	19.8	28.5	0	0	22.7	10.0	10-Sep-24 06:29:00.538	
0	0	0	1	4	0	0	32	0	0	0	19.8	28.5	0	0	22.7	10.0	10-Sep-24 06:29:00.585	
0	0	0	2	2	0	0	17	0	0	0	19.8	28.5	0	0	22.7	10.0	10-Sep-24 06:29:00.627	
0	0	0	2	1	0	0	15	0	0	0	19.8	28.5	0	0	22.7	10.0	10-Sep-24 06:29:00.672	
0	0	0	1	2	0	0	28	0	0	0	19.8	28.5	0	0	22.7	10.0	10-Sep-24 06:29:00.716	
0	0	0	1	2	0	0	23	0	0	0	19.8	28.5	0	0	22.7	10.0	10-Sep-24 06:29:00.759	
0	0	0	1	1	0	0	27	0	0	0	19.8	28.5	0	0	22.7	10.0	10-Sep-24 06:29:00.830	
0	0	0	1	2	0	0	26	0	0	0	19.8	28.5	0	0	22.7	10.0	10-Sep-24 06:29:00.905	
0	0	0	2	1	0	0	19	0	0	0	19.8	28.5	0	0	22.7	10.0	10-Sep-24 06:29:00.973	
0	0	0	2	3	0	0	29	0	0	0	19.8	28.5	0	0	22.7	10.0	10-Sep-24 06:29:01.037	
0	0	0	0	4	0	0	29	0	0	0	19.8	28.5	0	0	22.7	10.0	10-Sep-24 06:29:01.074	
0	0	0	3	3	0	0	27	0	0	0	19.8	28.5	0	0	22.7	10.0	10-Sep-24 06:29:01.120	
0	0	0	1	3	0	0	18	0	0	0	19.8	28.5	0	0	22.7	10.0	10-Sep-24 06:29:01.163	
0	0	0	0	1	0	0	18	0	0	0	19.8	28.5	0	0	22.7	10.0	10-Sep-24 06:29:01.208	
0	0	0	1	2	0	0	16	0	0	0	19.8	28.5	0	0	22.7	10.0	10-Sep-24 06:29:01.252	
0	0	0	1	1	0	0	23	0	0	0	19.8	28.5	0	0	22.7	10.0	10-Sep-24 06:29:01.295	
0	0	0	0	3	0	0	21	0	0	0	19.8	28.5	0	0	22.7	10.0	10-Sep-24 06:29:01.340	
0	0	0	0	2	0	0	23	0	0	0	19.8	28.5	0	0	22.7	10.0	10-Sep-24 06:29:01.391	
0	0	0	1	2	0	0	17	0	0	0	19.8	28.5	0	0	22.7	10.0	10-Sep-24 06:29:01.436	
0	0	0	0	3	0	0	22	0	0	0	19.8	28.5	0	0	22.7	10.0	10-Sep-24 06:29:01.479	
0	0	0	1	3	0	0	25	0	0	0	19.8	28.5	0	0	22.7	10.0	10-Sep-24 06:29:01.525	
0	0	0	1	2	0	0	28	0	0	0	19.8	28.5	0	0	22.7	10.0	10-Sep-24 06:29:01.617	
0	0	0	1	3	0	0	17	0	0	0	19.8	28.5	0	0	22.7	10.0	10-Sep-24 06:29:01.664	
0	0	0	0	2	0	0	22	0	0	0	19.8	28.5	0	0	22.7	10.0	10-Sep-24 06:29:01.707	
0	0	0	1	2	0	0	23	0	0	0	19.8	28.5	0	0	22.7	10.0	10-Sep-24 06:29:01.751	
0	0	0	1	1	0	0	28	0	0	0	19.8	28.5	0	0	22.7	10.0	10-Sep-24 06:29:01.795	
0	0	0	1	3	0	0	25	0	0	0	19.8	28.5	0	0	22.7	10.0	10-Sep-24 06:29:01.839	
0	0	0	0	1	0	0	18	0	0	0	19.8	28.5	0	0	22.7	10.0	10-Sep-24 06:29:01.892	
0	0	0	2	1	0	0	23	0	0	0	19.8	28.5	0	0	22.7	10.0	10-Sep-24 06:29:01.936	
0	0	0	1	2	0	0	13	0	0	0	19.8	28.5	0	0	22.7	10.0	10-Sep-24 06:29:01.980	
0	0	0	1	3	0	0	32	0	0	0	19.8	28.5	0	0	22.7	10.0	10-Sep-24 06:29:02.024	
0	0	0	1	4	0	0	15	0	0	0	19.8	28.5	0	0	22.7	10.0	10-Sep-24 06:29:02.068	
0	0	0	1	1	0	0	24	0	0	0	19.8	28.5	0	0	22.7	10.0	10-Sep-24 06:29:02.112	
0	0	0	2	1	0	0	18	0	0	0	19.8	28.5	0	0	22.7	10.0	10-Sep-24 06:29:02.156	
0	0	0	0	2	0	0	21	0	0	0	19.8	28.5	0	0	22.7	10.0	10-Sep-24 06:29:02.199	
0	0	0	1	2	0	0	24	0	0	0	19.8	28.5	0	0	22.7	10.0	10-Sep-24 06:29:02.244	
0	0	0	1	2	0	0	19	0	0	0	19.8	28.5	0	0	22.7	10.0	10-Sep-24 06:29:02.288	
0	0	0	0	1	0	0	21	0	0	0	19.8	28.5	0	0	22.7	10.0	10-Sep-24 06:29:02.331	
0	0	0	0	3	0	0	20	0	0	0	19.8	28.5	0	0	22.7	10.0	10-Sep-24 06:29:02.375	
0	0	0	1	3	0	0	14	0	0	0	19.8	28.5	0	0	22.7	10.0	10-Sep-24 06:29:02.426	
0	0	0	0	2	0	0	21	0	0	0	19.8	28.5	0	0	22.7	10.0	10-Sep-24 06:29:02.471	
0	0	0	0	1	0	0	22	0	0	0	19.8	28.5	0	0	22.7	10.0	10-Sep-24 06:29:02.516	
0	0	0	0	2	0	0	29	0	0	0	19.8	28.5	0	0	22.7	10.0	10-Sep-24 06:29:02.560	
0	0	0	0	2	0	0	22	0	0	0	19.8	28.5	0	0	22.7	10.0	10-Sep-24 06:29:02.604	
0	0	0	0	2	0	0	17	0	0	0	19.8	28.5	0	0	22.7	10.0	10-Sep-24 06:29:02.707	
0	0	0	1	3	0	0	17	0	0	0	19.8	28.5	0	0	22.7	10.0	10-Sep-24 06:29:02.751	
0	0	0	0	2	0	0	19	0	0	0	19.8	28.5	0	0	22.7	10.0	10-Sep-24 06:29:02.796	
0	0	0	2	3	0	0	22	0	0	0	19.8	28.5	0	0	22.7	10.0	10-Sep-24 06:29:02.840	
0	0	0	1	1	0	0	28	0	0	0	19.8	28.5	0	0	22.7	10.0	10-Sep-24 06:29:02.877	
0	0	0	3	2	0	0	10	0	0	0	19.8	28.5	0	0	22.7	10.0	10-Sep-24 06:29:02.927	
0	0	0	1	2	0	0	29	0	0	0	19.8	28.5	0	0	22.7	10.0	10-Sep-24 06:29:02.965	
0	0	0	1	2	0	0	19	0	0	0	19.8	28.5	0	0	22.7	10.0	10-Sep-24 06:29:03.008	
0	0	0	2	3	0	0	18	0	0	0	19.8	28.5	0	0	22.7	10.0	10-Sep-24 06:29:03.052	
0	0	0	1	3	0	0	25	0	0	0	19.8	28.5	0	0	22.7	10.0	10-Sep-24 06:29:03.095	
0	0	0	2	0	0	0	16	0	0	0	19.8	28.5	0	0	22.7	10.0	10-Sep-24 06:29:03.132	
0	0	0	1	2	0	0	23	0	0	0	19.8	28.5	0	0	22.7	10.0	10-Sep-24 06:29:03.176	
0	0	0	0	3	0	0	31	0	0	0	19.8	28.5	0	0	22.7	10.0	10-Sep-24 06:29:03.220	
0	0	0	2	3	0	0	21	0	0	0	19.8	28.5	0	0	22.7	10.0	10-Sep-24 06:29:03.263	
0	0	0	1	1	0	0	22	0	0	0	19.8	28.5	0	0	22.7	10.0	10-Sep-24 06:29:03.307	
0	0	0	0	2	0	0	29	0	0	0	19.8	28.5	0	0	22.7	10.0	10-Sep-24 06:29:03.352	
0	0	0	1	1	0	0	22	0	0	0	19.8	28.5	0	0	22.7	10.0	10-Sep-24 06:29:03.396	
0	0	0	1	1	0	0	19	0	0	0	19.8	28.5	0	0	22.7	10.0	10-Sep-24 06:29:03.447	
0	0	0	1	2	0	0	23	0	0	0	19.8	28.5	0	0	22.7	10.0	10-Sep-24 06:29:03.492	
0	0	0	1	1	0	0	25	0	0	0	19.8	28.5	0	0	22.7	10.0	10-Sep-24 06:29:03.536	
0	0	0	0	2	0	0	24	0	0	0	19.8	28.5	0	0	22.7	10.0	10-Sep-24 06:29:03.581	
0	0	0	1	2	0	0	14	0	0	0	19.8	28.5	0	0	22.7	10.0	10-Sep-24 06:29:03.624	
0	0	0	1	1	0	0	21	0	0	0	19.8	28.5	0	0	22.7	10.0	10-Sep-24 06:29:03.668	
0	0	0	1	2	0	0	21	0	0	0	19.8	28.5	0	0	22.7	10.0	10-Sep-24 06:29:03.771	
0	0	0	1	2	0	0	28	0	0	0	19.8	28.5	0	0	22.7	10.0	10-Sep-24 06:29:03.815	
0	0	0	0	3	0	0	29	0	0	0	19.8	28.5	0	0	22.7	10.0	10-Sep-24 06:29:03.860	
0	0	0	1	3	0	0	25	0	0	0	19.8	28.5	0	0	22.7	10.0	10-Sep-24 06:29:03.903	
0	0	0	0	3	0	0	14	0	0	0	19.8	28.5	0	0	22.7	10.0	10-Sep-24 06:29:03.952	
0	0	0	0	1	0	0	22	0	0	0	19.8	28.5	0	0	22.7	10.0	10-Sep-24 06:29:04.001	
0	0	0	0	2	0	0	18	0	0	0	19.8	28.5	0	0	22.7	10.0	10-Sep-24 06:29:04.044	
0	0	0	2	4	0	0	18	0	0	0	19.8	28.5	0	0	22.7	10.0	10-Sep-24 06:29:04.088	
0	0	0	0	3	0	0	19	0	0	0	19.8	28.5	0	0	22.7	10.0	10-Sep-24 06:29:04.131	
0	0	0	1	1	0	0	18	0	0	0	19.8	28.5	0	0	22.7	10.0	10-Sep-24 06:29:04.176	
0	0	0	0	3	0	0	25	0	0	0	19.8	28.5	0	0	22.7	10.0	10-Sep-24 06:29:04.219	
0	0	0	2	1	0	0	23	0	0	0	19.8	28.5	0	0	22.7	10.0	10-Sep-24 06:29:04.261	
0	0	0	0	3	0	0	15	0	0	0	19.8	28.5	0	0	22.7	10.0	10-Sep-24 06:29:04.303	
0	0	0	1	5	0	0	29	0	0	0	19.8	28.5	0	0	22.7	10.0	10-Sep-24 06:29:04.348	
0	0	0	1	2	0	0	33	0	0	0	19.8	28.5	0	0	22.7	10.0	10-Sep-24 06:29:04.392	
0	0	0	1	4	0	0	19	0	0	0	19.8	28.5	0	0	22.7	10.0	10-Sep-24 06:29:04.443	
0	0	0	1	2	0	0	19	0	0	0	19.8	28.5	0	0	22.7	10.0	10-Sep-24 06:29:04.488	
0	0	0	1	1	0	0	24	0	0	0	19.8	28.5	0	0	22.7	10.0	10-Sep-24 06:29:04.531	
0	0	0	0	2	0	0	21	0	0	0	19.8	28.5	0	0	22.7	10.0	10-Sep-24 06:29:04.576	
0	0	0	0	4	0	0	22	0	0	0	19.8	28.5	0	0	22.7	10.0	10-Sep-24 06:29:04.619	
0	0	0	3	2	0	0	17	0	0	0	19.8	28.5	0	0	22.7	10.0	10-Sep-24 06:29:04.664	
0	0	0	0	3	0	0	21	0	0	0	19.8	28.5	0	0	22.7	10.0	10-Sep-24 06:29:04.708	
0	0	0	1	1	0	0	23	0	0	0	19.8	28.5	0	0	22.7	10.0	10-Sep-24 06:29:04.751	
0	0	0	1	3	0	0	24	0	0	0	19.8	28.5	0	0	22.7	10.0	10-Sep-24 06:29:04.855	
0	0	0	0	1	0	0	25	0	0	0	19.8	28.5	0	0	22.7	10.0	10-Sep-24 06:29:04.899	
0	0	0	1	3	0	0	21	0	0	0	19.8	28.5	0	0	22.7	10.0	10-Sep-24 06:29:04.952	
0	0	0	1	1	0	0	25	0	0	0	19.8	28.5	0	0	22.7	10.0	10-Sep-24 06:29:04.996	
0	0	0	1	1	0	0	25	0	0	0	19.8	28.5	0	0	22.7	10.0	10-Sep-24 06:29:05.039	
0	0	0	1	2	0	0	23	0	0	0	19.8	28.5	0	0	22.7	10.0	10-Sep-24 06:29:05.083	
0	0	0	0	1	0	0	31	0	0	0	19.8	28.5	0	0	22.7	10.0	10-Sep-24 06:29:05.127	
0	0	0	2	4	0	0	21	0	0	0	19.8	28.5	0	0	22.7	10.0	10-Sep-24 06:29:05.171	
0	0	0	0	4	0	0	23	0	0	0	19.8	28.5	0	0	22.7	10.0	10-Sep-24 06:29:05.215	
0	0	0	0	2	0	0	17	0	0	0	19.8	28.5	0	0	22.7	10.0	10-Sep-24 06:29:05.260	
0	0	0	1	2	0	0	32	0	0	0	19.8	28.5	0	0	22.7	10.0	10-Sep-24 06:29:05.304	
0	0	0	0	2	0	0	23	0	0	0	19.8	28.5	0	0	22.7	10.0	10-Sep-24 06:29:05.347	
0	0	0	1	2	0	0	16	0	0	0	19.8	28.5	0	0	22.7	10.0	10-Sep-24 06:29:05.392	
0	0	0	1	1	0	0	15	0	0	0	19.8	28.5	0	0	22.7	10.0	10-Sep-24 06:29:05.436	
0	0	0	1	3	0	0	14	0	0	0	19.8	28.5	0	0	22.7	10.0	10-Sep-24 06:29:05.489	
0	0	0	1	4	0	0	18	0	0	0	19.8	28.5	0	0	22.7	10.0	10-Sep-24 06:29:05.531	
0	0	0	1	1	0	0	25	0	0	0	19.8	28.5	0	0	22.7	10.0	10-Sep-24 06:29:05.576	
0	0	0	2	3	0	0	19	0	0	0	19.8	28.5	0	0	22.7	10.0	10-Sep-24 06:29:05.620	
0	0	0	1	3	0	0	18	0	0	0	19.8	28.5	0	0	22.7	10.0	10-Sep-24 06:29:05.664	
0	0	0	0	1	0	0	24	0	0	0	19.8	28.5	0	0	22.7	10.0	10-Sep-24 06:29:05.708	
0	0	0	2	1	0	0	20	0	0	0	19.8	28.5	0	0	22.7	10.0	10-Sep-24 06:29:05.751	
0	0	0	0	1	0	0	24	0	0	0	19.8	28.5	0	0	22.7	10.0	10-Sep-24 06:29:05.795	
0	0	0	0	1	0	0	23	0	0	0	19.8	28.5	0	0	22.7	10.0	10-Sep-24 06:29:05.840	
0	0	0	1	2	0	0	20	0	0	0	19.8	28.5	0	0	22.7	10.0	10-Sep-24 06:29:05.942	
0	0	0	1	3	0	0	14	0	0	0	19.8	28.5	0	0	22.7	10.0	10-Sep-24 06:29:05.995	
0	0	0	0	2	0	0	16	0	0	0	19.8	28.5	0	0	22.7	10.0	10-Sep-24 06:29:06.040	
0	0	0	1	1	0	0	20	0	0	0	19.8	28.5	0	0	22.7	10.0	10-Sep-24 06:29:06.114	
0	0	0	1	1	0	0	27	0	0	0	19.8	28.5	0	0	22.7	10.0	10-Sep-24 06:29:06.186	
0	0	0	1	2	0	0	20	0	0	0	19.8	28.5	0	0	22.7	10.0	10-Sep-24 06:29:06.243	
0	0	0	0	1	0	0	21	0	0	0	19.8	28.5	0	0	22.7	10.0	10-Sep-24 06:29:06.287	
0	0	0	1	1	0	0	19	0	0	0	19.8	28.5	0	0	22.7	10.0	10-Sep-24 06:29:06.331	
0	0	0	2	1	0	0	23	0	0	0	19.8	28.5	0	0	22.7	10.0	10-Sep-24 06:29:06.375	
0	0	0	1	1	0	0	21	0	0	0	19.8	28.5	0	0	22.7	10.0	10-Sep-24 06:29:06.420	
0	0	0	1	2	0	0	26	0	0	0	19.8	28.5	0	0	22.7	10.0	10-Sep-24 06:29:06.463	
0	0	0	1	1	0	0	21	0	0	0	19.8	28.5	0	0	22.7	10.0	10-Sep-24 06:29:06.507	
0	0	0	0	6	0	0	23	0	0	0	19.8	28.5	0	0	22.7	10.0	10-Sep-24 06:29:06.551	
0	0	0	1	1	0	0	16	0	0	0	19.8	28.5	0	0	22.7	10.0	10-Sep-24 06:29:06.595	
0	0	0	1	3	0	0	32	0	0	0	19.8	28.5	0	0	22.7	10.0	10-Sep-24 06:29:06.640	
0	0	0	0	2	0	0	17	0	0	0	19.8	28.5	0	0	22.7	10.0	10-Sep-24 06:29:06.684	
0	0	0	2	3	0	0	20	0	0	0	19.8	28.5	0	0	22.7	10.0	10-Sep-24 06:29:06.728	
0	0	0	1	2	0	0	20	0	0	0	19.8	28.5	0	0	22.7	10.0	10-Sep-24 06:29:06.771	
0	0	0	0	3	0	0	22	0	0	0	19.8	28.5	0	0	22.7	10.0	10-Sep-24 06:29:06.815	
0	0	0	1	1	0	0	20	0	0	0	19.8	28.5	0	0	22.7	10.0	10-Sep-24 06:29:06.860	
0	0	0	0	2	0	0	20	0	0	0	19.8	28.5	0	0	22.7	10.0	10-Sep-24 06:29:06.903	
0	0	0	1	2	0	0	17	0	0	0	19.8	28.5	0	0	22.7	10.0	10-Sep-24 06:29:07.014	
0	0	0	1	2	0	0	24	0	0	0	19.8	28.5	0	0	22.7	10.0	10-Sep-24 06:29:07.060	
0	0	0	1	2	0	0	19	0	0	0	19.8	28.5	0	0	22.7	10.0	10-Sep-24 06:29:07.103	
0	0	0	1	1	0	0	21	0	0	0	19.8	28.5	0	0	22.7	10.0	10-Sep-24 06:29:07.147	
0	0	0	0	3	0	0	19	0	0	0	19.8	28.5	0	0	22.7	10.0	10-Sep-24 06:29:07.191	
0	0	0	2	4	0	0	23	0	0	0	19.8	28.5	0	0	22.7	10.0	10-Sep-24 06:29:07.235	
0	0	0	1	1	0	0	18	0	0	0	19.8	28.5	0	0	22.7	10.0	10-Sep-24 06:29:07.280	
0	0	0	0	1	0	0	27	0	0	0	19.8	28.5	0	0	22.7	10.0	10-Sep-24 06:29:07.323	
0	0	0	1	3	0	0	29	0	0	0	19.8	28.5	0	0	22.7	10.0	10-Sep-24 06:29:07.368	
0	0	0	2	1	0	0	17	0	0	0	19.8	28.5	0	0	22.7	10.0	10-Sep-24 06:29:07.411	
0	0	0	3	3	0	0	20	0	0	0	19.8	28.5	0	0	22.7	10.0	10-Sep-24 06:29:07.456	
0	0	0	0	3	0	0	26	0	0	0	19.8	28.5	0	0	22.7	10.0	10-Sep-24 06:29:07.506	
0	0	0	2	1	0	0	16	0	0	0	19.8	28.5	0	0	22.7	10.0	10-Sep-24 06:29:07.551	
0	0	0	0	4	0	0	17	0	0	0	19.8	28.5	0	0	22.7	10.0	10-Sep-24 06:29:07.595	
0	0	0	0	2	0	0	24	0	0	0	19.8	28.5	0	0	22.7	10.0	10-Sep-24 06:29:07.640	
0	0	0	0	3	0	0	22	0	0	0	19.8	28.5	0	0	22.7	10.0	10-Sep-24 06:29:07.684	
0	0	0	1	2	0	0	27	0	0	0	19.8	28.5	0	0	22.7	10.0	10-Sep-24 06:29:07.728	
0	0	0	0	2	0	0	24	0	0	0	19.8	28.5	0	0	22.7	10.0	10-Sep-24 06:29:07.771	
0	0	0	1	1	0	0	29	0	0	0	19.8	28.5	0	0	22.7	10.0	10-Sep-24 06:29:07.816	
0	0	0	1	2	0	0	18	0	0	0	19.8	28.5	0	0	22.7	10.0	10-Sep-24 06:29:07.859	
0	0	0	0	2	0	0	15	0	0	0	19.8	28.5	0	0	22.7	10.0	10-Sep-24 06:29:07.904	
0	0	0	1	1	0	0	28	0	0	0	19.8	28.5	0	0	22.7	10.0	10-Sep-24 06:29:07.947	
0	0	0	1	3	0	0	20	0	0	0	19.8	28.5	0	0	22.7	10.0	10-Sep-24 06:29:07.991	
0	0	0	0	2	0	0	15	0	0	0	19.8	28.5	0	0	22.7	10.0	10-Sep-24 06:29:08.089	
0	0	0	1	1	0	0	23	0	0	0	19.8	28.5	0	0	22.7	10.0	10-Sep-24 06:29:08.136	
0	0	0	3	1	0	0	17	0	0	0	19.8	28.5	0	0	22.7	10.0	10-Sep-24 06:29:08.179	
0	0	0	1	2	0	0	22	0	0	0	19.8	28.5	0	0	22.7	10.0	10-Sep-24 06:29:08.223	
0	0	0	0	2	0	0	25	0	0	0	19.8	28.5	0	0	22.7	10.0	10-Sep-24 06:29:08.268	
0	0	0	4	1	0	0	26	0	0	0	19.8	28.5	0	0	22.7	10.0	10-Sep-24 06:29:08.312	
0	0	0	1	1	0	0	27	0	0	0	19.8	28.5	0	0	22.7	10.0	10-Sep-24 06:29:08.355	
0	0	0	0	4	0	0	25	0	0	0	19.8	28.5	0	0	22.7	10.0	10-Sep-24 06:29:08.400	
0	0	0	1	1	0	0	22	0	0	0	19.8	28.5	0	0	22.7	10.0	10-Sep-24 06:29:08.443	
0	0	0	1	2	0	0	20	0	0	0	19.8	28.5	0	0	22.7	10.0	10-Sep-24 06:29:08.488	
0	0	0	1	3	0	0	14	0	0	0	19.8	28.5	0	0	22.7	10.0	10-Sep-24 06:29:08.536	
0	0	0	0	2	0	0	20	0	0	0	19.8	28.5	0	0	22.7	10.0	10-Sep-24 06:29:08.583	
0	0	0	0	3	0	0	29	0	0	0	19.8	28.5	0	0	22.7	10.0	10-Sep-24 06:29:08.628	
0	0	0	1	2	0	0	19	0	0	0	19.8	28.5	0	0	22.7	10.0	10-Sep-24 06:29:08.671	
0	0	0	1	2	0	0	29	0	0	0	19.8	28.5	0	0	22.7	10.0	10-Sep-24 06:29:08.716	
0	0	0	1	1	0	0	32	0	0	0	19.8	28.5	0	0	22.7	10.0	10-Sep-24 06:29:08.759	
0	0	0	1	2	0	0	18	0	0	0	19.8	28.5	0	0	22.7	10.0	10-Sep-24 06:29:08.804	
0	0	0	2	2	0	0	25	0	0	0	19.8	28.5	0	0	22.7	10.0	10-Sep-24 06:29:08.846	
0	0	0	0	2	0	0	20	0	0	0	19.8	28.5	0	0	22.7	10.0	10-Sep-24 06:29:08.891	
0	0	0	1	2	0	0	17	0	0	0	19.8	28.5	0	0	22.7	10.0	10-Sep-24 06:29:08.936	
0	0	0	0	1	0	0	22	0	0	0	19.8	28.5	0	0	22.7	10.0	10-Sep-24 06:29:08.972	
0	0	0	1	2	0	0	30	0	0	0	19.8	28.5	0	0	22.7	10.0	10-Sep-24 06:29:09.015	
0	0	0	1	2	0	0	16	0	0	0	19.8	28.5	0	0	22.7	10.0	10-Sep-24 06:29:09.066	
0	0	0	1	2	0	0	25	0	0	0	19.8	28.5	0	0	22.7	10.0	10-Sep-24 06:29:09.171	
0	0	0	1	2	0	0	24	0	0	0	19.8	28.5	0	0	22.7	10.0	10-Sep-24 06:29:09.215	
0	0	0	2	1	0	0	23	0	0	0	19.8	28.5	0	0	22.7	10.0	10-Sep-24 06:29:09.259	
0	0	0	0	1	0	0	15	0	0	0	19.8	28.5	0	0	22.7	10.0	10-Sep-24 06:29:09.304	
0	0	0	1	4	0	0	20	0	0	0	19.8	28.5	0	0	22.7	10.0	10-Sep-24 06:29:09.347	
0	0	0	2	2	0	0	25	0	0	0	19.8	28.5	0	0	22.7	10.0	10-Sep-24 06:29:09.391	
0	0	0	1	1	0	0	20	0	0	0	19.8	28.5	0	0	22.7	10.0	10-Sep-24 06:29:09.436	
0	0	0	1	1	0	0	23	0	0	0	19.8	28.5	0	0	22.7	10.0	10-Sep-24 06:29:09.480	
0	0	0	1	1	0	0	16	0	0	0	19.8	28.5	0	0	22.7	10.0	10-Sep-24 06:29:09.524	
0	0	0	1	4	0	0	31	0	0	0	19.8	28.5	0	0	22.7	10.0	10-Sep-24 06:29:09.575	
0	0	0	0	1	0	0	15	0	0	0	19.8	28.5	0	0	22.7	10.0	10-Sep-24 06:29:09.620	
0	0	0	0	2	0	0	27	0	0	0	19.8	28.5	0	0	22.7	10.0	10-Sep-24 06:29:09.663	
0	0	0	2	1	0	0	22	0	0	0	19.8	28.5	0	0	22.7	10.0	10-Sep-24 06:29:09.707	
0	0	0	1	3	0	0	24	0	0	0	19.8	28.5	0	0	22.7	10.0	10-Sep-24 06:29:09.751	
0	0	0	1	1	0	0	21	0	0	0	19.8	28.5	0	0	22.7	10.0	10-Sep-24 06:29:09.796	
0	0	0	2	1	0	0	25	0	0	0	19.8	28.5	0	0	22.7	10.0	10-Sep-24 06:29:09.840	
0	0	0	2	2	0	0	18	0	0	0	19.8	28.5	0	0	22.7	10.0	10-Sep-24 06:29:09.883	
0	0	0	1	1	0	0	19	0	0	0	19.8	28.5	0	0	22.7	10.0	10-Sep-24 06:29:09.928	
0	0	0	1	2	0	0	30	0	0	0	19.8	28.5	0	0	22.7	10.0	10-Sep-24 06:29:09.971	
0	0	0	1	2	0	0	22	0	0	0	19.8	28.5	0	0	22.7	10.0	10-Sep-24 06:29:10.015	
0	0	0	0	1	0	0	21	0	0	0	19.8	28.5	0	0	22.7	10.0	10-Sep-24 06:29:10.067	
0	0	0	1	2	0	0	27	0	0	0	19.8	28.5	0	0	22.7	10.0	10-Sep-24 06:29:10.112	
0	0	0	1	3	0	0	20	0	0	0	19.8	28.5	0	0	22.7	10.0	10-Sep-24 06:29:10.155	
0	0	0	1	2	0	0	33	0	0	0	19.8	28.5	0	0	22.7	10.0	10-Sep-24 06:29:10.258	
0	0	0	1	1	0	0	20	0	0	0	19.8	28.5	0	0	22.7	10.0	10-Sep-24 06:29:10.303	
0	0	0	0	1	0	0	22	0	0	0	19.8	28.5	0	0	22.7	10.0	10-Sep-24 06:29:10.348	
0	0	0	1	2	0	0	24	0	0	0	19.8	28.5	0	0	22.7	10.0	10-Sep-24 06:29:10.391	
0	0	0	2	3	0	0	23	0	0	0	19.8	28.5	0	0	22.7	10.0	10-Sep-24 06:29:10.436	
0	0	0	1	4	0	0	16	0	0	0	19.8	28.5	0	0	22.7	10.0	10-Sep-24 06:29:10.480	
0	0	0	2	1	0	0	18	0	0	0	19.8	28.5	0	0	22.7	10.0	10-Sep-24 06:29:10.524	
0	0	0	0	2	0	0	12	0	0	0	19.8	28.5	0	0	22.7	10.0	10-Sep-24 06:29:10.573	
0	0	0	0	1	0	0	18	0	0	0	19.8	28.5	0	0	22.7	10.0	10-Sep-24 06:29:10.620	
0	0	0	1	1	0	0	23	0	0	0	19.8	28.5	0	0	22.7	10.0	10-Sep-24 06:29:10.664	
0	0	0	2	2	0	0	30	0	0	0	19.8	28.5	0	0	22.7	10.0	10-Sep-24 06:29:10.707	
0	0	0	1	4	0	0	24	0	0	0	19.8	28.5	0	0	22.7	10.0	10-Sep-24 06:29:10.752	
0	0	0	0	1	0	0	21	0	0	0	19.8	28.5	0	0	22.7	10.0	10-Sep-24 06:29:10.795	
0	0	0	1	1	0	0	29	0	0	0	19.8	28.5	0	0	22.7	10.0	10-Sep-24 06:29:10.840	
0	0	0	0	1	0	0	12	0	0	0	19.8	28.5	0	0	22.7	10.0	10-Sep-24 06:29:10.883	
0	0	0	1	1	0	0	21	0	0	0	19.8	28.5	0	0	22.7	10.0	10-Sep-24 06:29:10.927	
0	0	0	2	0	0	0	26	0	0	0	19.8	28.5	0	0	22.7	10.0	10-Sep-24 06:29:10.972	
0	0	0	0	3	0	0	21	0	0	0	19.8	28.5	0	0	22.7	10.0	10-Sep-24 06:29:11.015	
0	0	0	0	1	0	0	23	0	0	0	19.8	28.5	0	0	22.7	10.0	10-Sep-24 06:29:11.060	
0	0	0	1	2	0	0	25	0	0	0	19.8	28.5	0	0	22.7	10.0	10-Sep-24 06:29:11.110	
0	0	0	0	1	0	0	20	0	0	0	19.8	28.5	0	0	22.7	10.0	10-Sep-24 06:29:11.156	
0	0	0	1	3	0	0	17	0	0	0	19.8	28.5	0	0	22.7	10.0	10-Sep-24 06:29:11.199	
0	0	0	1	3	0	0	27	0	0	0	19.8	28.5	0	0	22.7	10.0	10-Sep-24 06:29:11.244	
0	0	0	1	2	0	0	20	0	0	0	19.8	28.5	0	0	22.7	10.0	10-Sep-24 06:29:11.415	
0	0	0	1	3	0	0	27	0	0	0	19.8	28.5	0	0	22.7	10.0	10-Sep-24 06:29:11.487	
0	0	0	2	3	0	0	26	0	0	0	19.8	28.5	0	0	22.7	10.0	10-Sep-24 06:29:11.531	
0	0	0	2	0	0	0	19	0	0	0	19.8	28.5	0	0	22.7	10.0	10-Sep-24 06:29:11.576	
0	0	0	0	3	0	0	33	0	0	0	19.8	28.5	0	0	22.7	10.0	10-Sep-24 06:29:11.628	
0	0	0	1	1	0	0	13	0	0	0	19.8	28.5	0	0	22.7	10.0	10-Sep-24 06:29:11.673	
0	0	0	1	2	0	0	29	0	0	0	19.8	28.5	0	0	22.7	10.0	10-Sep-24 06:29:11.715	
0	0	0	0	3	0	0	27	0	0	0	19.8	28.5	0	0	22.7	10.0	10-Sep-24 06:29:11.760	
0	0	0	1	2	0	0	19	0	0	0	19.8	28.5	0	0	22.7	10.0	10-Sep-24 06:29:11.804	
0	0	0	1	2	0	0	24	0	0	0	19.8	28.5	0	0	22.7	10.0	10-Sep-24 06:29:11.847	
0	0	0	0	1	0	0	17	0	0	0	19.8	28.5	0	0	22.7	10.0	10-Sep-24 06:29:11.891	
0	0	0	0	3	0	0	18	0	0	0	19.8	28.5	0	0	22.7	10.0	10-Sep-24 06:29:11.935	
0	0	0	1	0	0	0	18	0	0	0	19.8	28.5	0	0	22.7	10.0	10-Sep-24 06:29:11.979	
0	0	0	1	4	0	0	23	0	0	0	19.8	28.5	0	0	22.7	10.0	10-Sep-24 06:29:12.024	
0	0	0	1	1	0	0	20	0	0	0	19.8	28.5	0	0	22.7	10.0	10-Sep-24 06:29:12.067	
0	0	0	1	2	0	0	19	0	0	0	19.8	28.5	0	0	22.7	10.0	10-Sep-24 06:29:12.119	
0	0	0	1	1	0	0	16	0	0	0	19.8	28.5	0	0	22.7	10.0	10-Sep-24 06:29:12.163	
0	0	0	0	3	0	0	21	0	0	0	19.8	28.5	0	0	22.7	10.0	10-Sep-24 06:29:12.209	
0	0	0	1	2	0	0	18	0	0	0	19.8	28.5	0	0	22.7	10.0	10-Sep-24 06:29:12.251	
0	0	0	1	3	0	0	20	0	0	0	19.8	28.5	0	0	22.7	10.0	10-Sep-24 06:29:12.295	
0	0	0	2	3	0	0	24	0	0	0	19.8	28.5	0	0	22.7	10.0	10-Sep-24 06:29:12.339	
0	0	0	1	4	0	0	21	0	0	0	19.8	28.5	0	0	22.7	10.0	10-Sep-24 06:29:12.383	
0	0	0	0	1	0	0	17	0	0	0	19.8	28.5	0	0	22.7	10.0	10-Sep-24 06:29:12.486	
0	0	0	1	1	0	0	20	0	0	0	19.8	28.5	0	0	22.7	10.0	10-Sep-24 06:29:12.532	
0	0	0	1	2	0	0	23	0	0	0	19.8	28.5	0	0	22.7	10.0	10-Sep-24 06:29:12.576	
0	0	0	1	1	0	0	17	0	0	0	19.8	28.5	0	0	22.7	10.0	10-Sep-24 06:29:12.628	
0	0	0	1	3	0	0	19	0	0	0	19.8	28.5	0	0	22.7	10.0	10-Sep-24 06:29:12.672	
0	0	0	1	2	0	0	19	0	0	0	19.8	28.5	0	0	22.7	10.0	10-Sep-24 06:29:12.716	
0	0	0	1	0	0	0	24	0	0	0	19.8	28.5	0	0	22.7	10.0	10-Sep-24 06:29:12.760	
0	0	0	0	1	0	0	21	0	0	0	19.8	28.5	0	0	22.7	10.0	10-Sep-24 06:29:12.803	
0	0	0	1	2	0	0	29	0	0	0	19.8	28.5	0	0	22.7	10.0	10-Sep-24 06:29:12.847	
0	0	0	1	3	0	0	14	0	0	0	19.8	28.5	0	0	22.7	10.0	10-Sep-24 06:29:12.884	
0	0	0	2	1	0	0	20	0	0	0	19.8	28.5	0	0	22.7	10.0	10-Sep-24 06:29:12.928	
0	0	0	1	2	0	0	23	0	0	0	19.8	28.5	0	0	22.7	10.0	10-Sep-24 06:29:12.971	
0	0	0	0	5	0	0	24	0	0	0	19.8	28.5	0	0	22.7	10.0	10-Sep-24 06:29:13.015	
0	0	0	1	3	0	0	28	0	0	0	19.8	28.5	0	0	22.7	10.0	10-Sep-24 06:29:13.059	
0	0	0	1	3	0	0	29	0	0	0	19.8	28.5	0	0	22.7	10.0	10-Sep-24 06:29:13.104	
0	0	0	2	2	0	0	22	0	0	0	19.8	28.5	0	0	22.7	10.0	10-Sep-24 06:29:13.152	
0	0	0	1	1	0	0	21	0	0	0	19.8	28.5	0	0	22.7	10.0	10-Sep-24 06:29:13.197	
0	0	0	1	2	0	0	29	0	0	0	19.8	28.5	0	0	22.7	10.0	10-Sep-24 06:29:13.240	
0	0	0	1	3	0	0	21	0	0	0	19.8	28.5	0	0	22.7	10.0	10-Sep-24 06:29:13.283	
0	0	0	1	2	0	0	20	0	0	0	19.8	28.5	0	0	22.7	10.0	10-Sep-24 06:29:13.327	
0	0	0	1	1	0	0	21	0	0	0	19.8	28.5	0	0	22.7	10.0	10-Sep-24 06:29:13.371	
0	0	0	2	1	0	0	14	0	0	0	19.8	28.5	0	0	22.7	10.0	10-Sep-24 06:29:13.416	
0	0	0	1	1	0	0	20	0	0	0	19.8	28.5	0	0	22.7	10.0	10-Sep-24 06:29:13.460	
0	0	0	1	4	0	0	15	0	0	0	19.8	28.5	0	0	22.7	10.0	10-Sep-24 06:29:13.562	
0	0	0	1	2	0	0	23	0	0	0	19.8	28.5	0	0	22.7	10.0	10-Sep-24 06:29:13.607	
0	0	0	3	1	0	0	19	0	0	0	19.8	28.5	0	0	22.7	10.0	10-Sep-24 06:29:13.652	
0	0	0	0	2	0	0	17	0	0	0	19.8	28.5	0	0	22.7	10.0	10-Sep-24 06:29:13.696	
0	0	0	2	1	0	0	18	0	0	0	19.8	28.5	0	0	22.7	10.0	10-Sep-24 06:29:13.739	
0	0	0	2	1	0	0	21	0	0	0	19.8	28.5	0	0	22.7	10.0	10-Sep-24 06:29:13.783	
0	0	0	0	1	0	0	15	0	0	0	19.8	28.5	0	0	22.7	10.0	10-Sep-24 06:29:13.828	
0	0	0	0	2	0	0	23	0	0	0	19.8	28.5	0	0	22.7	10.0	10-Sep-24 06:29:13.872	
0	0	0	0	3	0	0	17	0	0	0	19.8	28.5	0	0	22.7	10.0	10-Sep-24 06:29:13.915	
0	0	0	0	2	0	0	30	0	0	0	19.8	28.5	0	0	22.7	10.0	10-Sep-24 06:29:13.959	
0	0	0	1	2	0	0	14	0	0	0	19.8	28.5	0	0	22.7	10.0	10-Sep-24 06:29:14.003	
0	0	0	1	0	0	0	22	0	0	0	19.8	28.5	0	0	22.7	10.0	10-Sep-24 06:29:14.047	
0	0	0	0	3	0	0	23	0	0	0	19.8	28.5	0	0	22.7	10.0	10-Sep-24 06:29:14.091	
0	0	0	0	1	0	0	25	0	0	0	19.8	28.5	0	0	22.7	10.0	10-Sep-24 06:29:14.135	
0	0	0	0	3	0	0	24	0	0	0	19.8	28.5	0	0	22.7	10.0	10-Sep-24 06:29:14.187	
0	0	0	1	1	0	0	23	0	0	0	19.8	28.5	0	0	22.7	10.0	10-Sep-24 06:29:14.232	
0	0	0	0	3	0	0	20	0	0	0	19.8	28.5	0	0	22.7	10.0	10-Sep-24 06:29:14.276	
0	0	0	1	1	0	0	17	0	0	0	19.8	28.5	0	0	22.7	10.0	10-Sep-24 06:29:14.319	
0	0	0	1	2	0	0	16	0	0	0	19.8	28.5	0	0	22.7	10.0	10-Sep-24 06:29:14.363	
0	0	0	3	1	0	0	20	0	0	0	19.8	28.5	0	0	22.7	10.0	10-Sep-24 06:29:14.408	
0	0	0	1	2	0	0	29	0	0	0	19.8	28.5	0	0	22.7	10.0	10-Sep-24 06:29:14.451	
0	0	0	1	2	0	0	28	0	0	0	19.8	28.5	0	0	22.7	10.0	10-Sep-24 06:29:14.496	
0	0	0	0	2	0	0	18	0	0	0	19.8	28.5	0	0	22.7	10.0	10-Sep-24 06:29:14.540	
0	0	0	4	3	0	0	34	0	0	0	19.8	28.5	0	0	22.7	10.0	10-Sep-24 06:29:14.624	
0	0	0	1	6	0	0	21	0	0	0	19.8	28.5	0	0	22.7	10.0	10-Sep-24 06:29:14.679	
0	0	0	2	2	0	0	17	0	0	0	19.8	28.5	0	0	22.7	10.0	10-Sep-24 06:29:14.724	
0	0	0	1	2	0	0	22	0	0	0	19.8	28.5	0	0	22.7	10.0	10-Sep-24 06:29:14.768	
0	0	0	1	2	0	0	24	0	0	0	19.8	28.5	0	0	22.7	10.0	10-Sep-24 06:29:14.812	
0	0	0	1	1	0	0	24	0	0	0	19.8	28.5	0	0	22.7	10.0	10-Sep-24 06:29:14.855	
0	0	0	0	2	0	0	14	0	0	0	19.8	28.5	0	0	22.7	10.0	10-Sep-24 06:29:14.900	
0	0	0	0	3	0	0	16	0	0	0	19.8	28.5	0	0	22.7	10.0	10-Sep-24 06:29:14.943	
0	0	0	1	3	0	0	21	0	0	0	19.8	28.5	0	0	22.7	10.0	10-Sep-24 06:29:14.987	
0	0	0	0	4	0	0	21	0	0	0	19.8	28.5	0	0	22.7	10.0	10-Sep-24 06:29:15.032	
0	0	0	1	1	0	0	25	0	0	0	19.8	28.5	0	0	22.7	10.0	10-Sep-24 06:29:15.075	
0	0	0	1	3	0	0	24	0	0	0	19.8	28.5	0	0	22.7	10.0	10-Sep-24 06:29:15.119	
0	0	0	2	1	0	0	26	0	0	0	19.8	28.5	0	0	22.7	10.0	10-Sep-24 06:29:15.164	
0	0	0	0	2	0	0	20	0	0	0	19.8	28.5	0	0	22.7	10.0	10-Sep-24 06:29:15.215	
0	0	0	1	2	0	0	19	0	0	0	19.8	28.5	0	0	22.7	10.0	10-Sep-24 06:29:15.259	
0	0	0	0	2	0	0	16	0	0	0	19.8	28.5	0	0	22.7	10.0	10-Sep-24 06:29:15.304	
0	0	0	2	3	0	0	32	0	0	0	19.8	28.5	0	0	22.7	10.0	10-Sep-24 06:29:15.348	
0	0	0	1	2	0	0	19	0	0	0	19.8	28.5	0	0	22.7	10.0	10-Sep-24 06:29:15.391	
0	0	0	0	3	0	0	13	0	0	0	19.8	28.5	0	0	22.7	10.0	10-Sep-24 06:29:15.436	
0	0	0	0	2	0	0	23	0	0	0	19.8	28.5	0	0	22.7	10.0	10-Sep-24 06:29:15.479	
0	0	0	1	2	0	0	20	0	0	0	19.8	28.5	0	0	22.7	10.0	10-Sep-24 06:29:15.524	
0	0	0	2	1	0	0	25	0	0	0	19.8	28.5	0	0	22.7	10.0	10-Sep-24 06:29:15.567	
0	0	0	0	3	0	0	25	0	0	0	19.8	28.5	0	0	22.7	10.0	10-Sep-24 06:29:15.611	
0	0	0	1	2	0	0	15	0	0	0	19.8	28.5	0	0	22.7	10.0	10-Sep-24 06:29:15.723	
0	0	0	2	2	0	0	21	0	0	0	19.8	28.5	0	0	22.7	10.0	10-Sep-24 06:29:15.762	
0	0	0	1	1	0	0	16	0	0	0	19.8	28.5	0	0	22.7	10.0	10-Sep-24 06:29:15.799	
0	0	0	0	1	0	0	25	0	0	0	19.8	28.5	0	0	22.7	10.0	10-Sep-24 06:29:15.844	
0	0	0	1	1	0	0	21	0	0	0	19.8	28.5	0	0	22.7	10.0	10-Sep-24 06:29:15.887	
0	0	0	1	4	0	0	15	0	0	0	19.8	28.5	0	0	22.7	10.0	10-Sep-24 06:29:15.932	
0	0	0	0	4	0	0	26	0	0	0	19.8	28.5	0	0	22.7	10.0	10-Sep-24 06:29:15.975	
0	0	0	1	3	0	0	23	0	0	0	19.8	28.5	0	0	22.7	10.0	10-Sep-24 06:29:16.011	
0	0	0	0	1	0	0	20	0	0	0	19.8	28.5	0	0	22.7	10.0	10-Sep-24 06:29:16.056	
0	0	0	0	4	0	0	18	0	0	0	19.8	28.5	0	0	22.7	10.0	10-Sep-24 06:29:16.099	
0	0	0	2	0	0	0	25	0	0	0	19.8	28.5	0	0	22.7	10.0	10-Sep-24 06:29:16.144	
0	0	0	0	2	0	0	22	0	0	0	19.8	28.5	0	0	22.7	10.0	10-Sep-24 06:29:16.188	
0	0	0	2	3	0	0	17	0	0	0	19.8	28.5	0	0	22.7	10.0	10-Sep-24 06:29:16.239	
0	0	0	3	2	0	0	24	0	0	0	19.8	28.5	0	0	22.7	10.0	10-Sep-24 06:29:16.284	
0	0	0	1	1	0	0	20	0	0	0	19.8	28.5	0	0	22.7	10.0	10-Sep-24 06:29:16.328	
0	0	0	0	1	0	0	26	0	0	0	19.8	28.5	0	0	22.7	10.0	10-Sep-24 06:29:16.372	
0	0	0	0	1	0	0	17	0	0	0	19.8	28.5	0	0	22.7	10.0	10-Sep-24 06:29:16.415	
0	0	0	1	2	0	0	18	0	0	0	19.8	28.5	0	0	22.7	10.0	10-Sep-24 06:29:16.460	
0	0	0	1	1	0	0	16	0	0	0	19.8	28.5	0	0	22.7	10.0	10-Sep-24 06:29:16.528	
0	0	0	1	2	0	0	24	0	0	0	19.8	28.5	0	0	22.7	10.0	10-Sep-24 06:29:16.613	
0	0	0	1	2	0	0	20	0	0	0	19.8	28.5	0	0	22.7	10.0	10-Sep-24 06:29:16.685	
0	0	0	1	1	0	0	18	0	0	0	19.8	28.5	0	0	22.7	10.0	10-Sep-24 06:29:16.799	
0	0	0	1	2	0	0	17	0	0	0	19.8	28.5	0	0	22.7	10.0	10-Sep-24 06:29:16.843	
0	0	0	1	1	0	0	22	0	0	0	19.8	28.5	0	0	22.7	10.0	10-Sep-24 06:29:16.888	
0	0	0	2	3	0	0	22	0	0	0	19.8	28.5	0	0	22.7	10.0	10-Sep-24 06:29:16.931	
0	0	0	1	2	0	0	14	0	0	0	19.8	28.5	0	0	22.7	10.0	10-Sep-24 06:29:16.999	
0	0	0	1	1	0	0	18	0	0	0	19.8	28.5	0	0	22.7	10.0	10-Sep-24 06:29:17.066	
0	0	0	2	1	0	0	13	0	0	0	19.8	28.5	0	0	22.7	10.0	10-Sep-24 06:29:17.122	
0	0	0	1	2	0	0	17	0	0	0	19.8	28.5	0	0	22.7	10.0	10-Sep-24 06:29:17.182	
0	0	0	1	5	0	0	27	0	0	0	19.8	28.5	0	0	22.7	10.0	10-Sep-24 06:29:17.237	
0	0	0	1	3	0	0	32	0	0	0	19.8	28.5	0	0	22.7	10.0	10-Sep-24 06:29:17.291	
0	0	0	0	2	0	0	24	0	0	0	19.8	28.5	0	0	22.7	10.0	10-Sep-24 06:29:17.336	
0	0	0	1	2	0	0	27	0	0	0	19.8	28.5	0	0	22.7	10.0	10-Sep-24 06:29:17.379	
0	0	0	1	1	0	0	25	0	0	0	19.8	28.5	0	0	22.7	10.0	10-Sep-24 06:29:17.423	
0	0	0	1	2	0	0	18	0	0	0	19.8	28.5	0	0	22.7	10.0	10-Sep-24 06:29:17.467	
0	0	0	0	1	0	0	16	0	0	0	19.8	28.5	0	0	22.7	10.0	10-Sep-24 06:29:17.511	
0	0	0	2	3	0	0	29	0	0	0	19.8	28.5	0	0	22.7	10.0	10-Sep-24 06:29:17.556	
0	0	0	2	2	0	0	19	0	0	0	19.8	28.5	0	0	22.7	10.0	10-Sep-24 06:29:17.599	
0	0	0	1	1	0	0	20	0	0	0	19.8	28.5	0	0	22.7	10.0	10-Sep-24 06:29:17.643	
0	0	0	1	1	0	0	17	0	0	0	19.8	28.5	0	0	22.7	10.0	10-Sep-24 06:29:17.688	
0	0	0	0	1	0	0	23	0	0	0	19.8	28.5	0	0	22.7	10.0	10-Sep-24 06:29:17.736	
0	0	0	1	3	0	0	31	0	0	0	19.8	28.5	0	0	22.7	10.0	10-Sep-24 06:29:17.784	
0	0	0	1	1	0	0	30	0	0	0	19.8	28.5	0	0	22.7	10.0	10-Sep-24 06:29:17.887	
0	0	0	1	3	0	0	24	0	0	0	19.8	28.5	0	0	22.7	10.0	10-Sep-24 06:29:17.930	
0	0	0	0	3	0	0	20	0	0	0	19.8	28.5	0	0	22.7	10.0	10-Sep-24 06:29:17.976	
0	0	0	1	2	0	0	15	0	0	0	19.8	28.5	0	0	22.7	10.0	10-Sep-24 06:29:18.019	
0	0	0	0	1	0	0	19	0	0	0	19.8	28.5	0	0	22.7	10.0	10-Sep-24 06:29:18.064	
0	0	0	0	1	0	0	22	0	0	0	19.8	28.5	0	0	22.7	10.0	10-Sep-24 06:29:18.108	
0	0	0	2	1	0	0	28	0	0	0	19.8	28.5	0	0	22.7	10.0	10-Sep-24 06:29:18.151	
0	0	0	1	4	0	0	26	0	0	0	19.8	28.5	0	0	22.7	10.0	10-Sep-24 06:29:18.196	
0	0	0	0	2	0	0	26	0	0	0	19.8	28.5	0	0	22.7	10.0	10-Sep-24 06:29:18.244	
0	0	0	1	1	0	0	23	0	0	0	19.8	28.5	0	0	22.7	10.0	10-Sep-24 06:29:18.292	
0	0	0	0	4	0	0	33	0	0	0	19.8	28.5	0	0	22.7	10.0	10-Sep-24 06:29:18.335	
0	0	0	0	3	0	0	22	0	0	0	19.8	28.5	0	0	22.7	10.0	10-Sep-24 06:29:18.379	
0	0	0	1	1	0	0	16	0	0	0	19.8	28.5	0	0	22.7	10.0	10-Sep-24 06:29:18.423	
0	0	0	2	2	0	0	21	0	0	0	19.8	28.5	0	0	22.7	10.0	10-Sep-24 06:29:18.467	
0	0	0	1	2	0	0	25	0	0	0	19.8	28.5	0	0	22.7	10.0	10-Sep-24 06:29:18.511	
0	0	0	1	1	0	0	25	0	0	0	19.8	28.5	0	0	22.7	10.0	10-Sep-24 06:29:18.555	
0	0	0	0	3	0	0	15	0	0	0	19.8	28.5	0	0	22.7	10.0	10-Sep-24 06:29:18.600	
0	0	0	0	5	0	0	28	0	0	0	19.8	28.5	0	0	22.7	10.0	10-Sep-24 06:29:18.644	
0	0	0	1	2	0	0	21	0	0	0	19.8	28.5	0	0	22.7	10.0	10-Sep-24 06:29:18.687	
0	0	0	2	3	0	0	24	0	0	0	19.8	28.5	0	0	22.7	10.0	10-Sep-24 06:29:18.731	
0	0	0	2	2	0	0	28	0	0	0	19.8	28.5	0	0	22.7	10.0	10-Sep-24 06:29:18.783	
0	0	0	2	1	0	0	25	0	0	0	19.8	28.5	0	0	22.7	10.0	10-Sep-24 06:29:18.827	
0	0	0	0	2	0	0	17	0	0	0	19.8	28.5	0	0	22.7	10.0	10-Sep-24 06:29:18.872	
0	0	0	1	1	0	0	21	0	0	0	19.8	28.5	0	0	22.7	10.0	10-Sep-24 06:29:18.974	
0	0	0	2	1	0	0	17	0	0	0	19.8	28.5	0	0	22.7	10.0	10-Sep-24 06:29:19.020	
0	0	0	0	3	0	0	30	0	0	0	19.8	28.5	0	0	22.7	10.0	10-Sep-24 06:29:19.063	
0	0	0	1	3	0	0	23	0	0	0	19.8	28.5	0	0	22.7	10.0	10-Sep-24 06:29:19.108	
0	0	0	2	2	0	0	26	0	0	0	19.8	28.5	0	0	22.7	10.0	10-Sep-24 06:29:19.151	
0	0	0	1	2	0	0	18	0	0	0	19.8	28.5	0	0	22.7	10.0	10-Sep-24 06:29:19.196	
0	0	0	1	4	0	0	27	0	0	0	19.8	28.5	0	0	22.7	10.0	10-Sep-24 06:29:19.238	
0	0	0	1	3	0	0	23	0	0	0	19.8	28.5	0	0	22.7	10.0	10-Sep-24 06:29:19.290	
0	0	0	1	1	0	0	28	0	0	0	19.8	28.5	0	0	22.7	10.0	10-Sep-24 06:29:19.327	
0	0	0	2	2	0	0	18	0	0	0	19.8	28.5	0	0	22.7	10.0	10-Sep-24 06:29:19.371	
0	0	0	1	1	0	0	15	0	0	0	19.8	28.5	0	0	22.7	10.0	10-Sep-24 06:29:19.415	
0	0	0	1	2	0	0	11	0	0	0	19.8	28.5	0	0	22.7	10.0	10-Sep-24 06:29:19.459	
0	0	0	0	2	0	0	23	0	0	0	19.8	28.5	0	0	22.7	10.0	10-Sep-24 06:29:19.503	
0	0	0	3	2	0	0	21	0	0	0	19.8	28.5	0	0	22.7	10.0	10-Sep-24 06:29:19.547	
0	0	0	2	1	0	0	28	0	0	0	19.8	28.5	0	0	22.7	10.0	10-Sep-24 06:29:19.592	
0	0	0	0	2	0	0	19	0	0	0	19.8	28.5	0	0	22.7	10.0	10-Sep-24 06:29:19.636	
0	0	0	1	4	0	0	20	0	0	0	19.8	28.5	0	0	22.7	10.0	10-Sep-24 06:29:19.679	
0	0	0	1	4	0	0	19	0	0	0	19.8	28.5	0	0	22.7	10.0	10-Sep-24 06:29:19.723	
0	0	0	1	3	0	0	20	0	0	0	19.8	28.5	0	0	22.7	10.0	10-Sep-24 06:29:19.770	
0	0	0	1	1	0	0	13	0	0	0	19.8	28.5	0	0	22.7	10.0	10-Sep-24 06:29:19.818	
0	0	0	1	1	0	0	14	0	0	0	19.8	28.5	0	0	22.7	10.0	10-Sep-24 06:29:19.860	
0	0	0	2	3	0	0	22	0	0	0	19.8	28.5	0	0	22.7	10.0	10-Sep-24 06:29:19.896	
0	0	0	1	4	0	0	23	0	0	0	19.8	28.5	0	0	22.7	10.0	10-Sep-24 06:29:19.939	
0	0	0	0	4	0	0	26	0	0	0	19.8	28.5	0	0	22.7	10.0	10-Sep-24 06:29:20.043	
0	0	0	2	5	0	0	18	0	0	0	19.8	28.5	0	0	22.7	10.0	10-Sep-24 06:29:20.088	
0	0	0	0	1	0	0	21	0	0	0	19.8	28.5	0	0	22.7	10.0	10-Sep-24 06:29:20.132	
0	0	0	1	1	0	0	23	0	0	0	19.8	28.5	0	0	22.7	10.0	10-Sep-24 06:29:20.175	
0	0	0	1	1	0	0	21	0	0	0	19.8	28.5	0	0	22.7	10.0	10-Sep-24 06:29:20.220	
0	0	0	3	2	0	0	30	0	0	0	19.8	28.5	0	0	22.7	10.0	10-Sep-24 06:29:20.263	
0	0	0	2	1	0	0	24	0	0	0	19.8	28.5	0	0	22.7	10.0	10-Sep-24 06:29:20.314	
0	0	0	1	1	0	0	25	0	0	0	19.8	28.5	0	0	22.7	10.0	10-Sep-24 06:29:20.350	
0	0	0	2	3	0	0	24	0	0	0	19.8	28.5	0	0	22.7	10.0	10-Sep-24 06:29:20.387	
0	0	0	0	1	0	0	36	0	0	0	19.8	28.5	0	0	22.7	10.0	10-Sep-24 06:29:20.432	
0	0	0	1	2	0	0	17	0	0	0	19.8	28.5	0	0	22.7	10.0	10-Sep-24 06:29:20.475	
0	0	0	1	4	0	0	19	0	0	0	19.8	28.5	0	0	22.7	10.0	10-Sep-24 06:29:20.520	
0	0	0	1	4	0	0	12	0	0	0	19.8	28.5	0	0	22.7	10.0	10-Sep-24 06:29:20.563	
0	0	0	1	1	0	0	23	0	0	0	19.8	28.5	0	0	22.7	10.0	10-Sep-24 06:29:20.608	
0	0	0	0	2	0	0	14	0	0	0	19.8	28.5	0	0	22.7	10.0	10-Sep-24 06:29:20.652	
0	0	0	1	1	0	0	23	0	0	0	19.8	28.5	0	0	22.7	10.0	10-Sep-24 06:29:20.695	
0	0	0	3	2	0	0	23	0	0	0	19.8	28.5	0	0	22.7	10.0	10-Sep-24 06:29:20.740	
0	0	0	2	2	0	0	27	0	0	0	19.8	28.5	0	0	22.7	10.0	10-Sep-24 06:29:20.784	
0	0	0	1	1	0	0	23	0	0	0	19.8	28.5	0	0	22.7	10.0	10-Sep-24 06:29:20.836	
0	0	0	0	1	0	0	25	0	0	0	19.8	28.5	0	0	22.7	10.0	10-Sep-24 06:29:20.880	
0	0	0	0	1	0	0	21	0	0	0	19.8	28.5	0	0	22.7	10.0	10-Sep-24 06:29:20.923	
0	0	0	2	5	0	0	20	0	0	0	19.8	28.5	0	0	22.7	10.0	10-Sep-24 06:29:20.967	
0	0	0	1	2	0	0	18	0	0	0	19.8	28.5	0	0	22.7	10.0	10-Sep-24 06:29:21.011	
0	0	0	1	1	0	0	23	0	0	0	19.8	28.5	0	0	22.7	10.0	10-Sep-24 06:29:21.114	
0	0	0	1	2	0	0	20	0	0	0	19.8	28.5	0	0	22.7	10.0	10-Sep-24 06:29:21.160	
0	0	0	2	1	0	0	13	0	0	0	19.8	28.5	0	0	22.7	10.0	10-Sep-24 06:29:21.203	
0	0	0	0	2	0	0	19	0	0	0	19.8	28.5	0	0	22.7	10.0	10-Sep-24 06:29:21.248	
0	0	0	1	3	0	0	36	0	0	0	19.8	28.5	0	0	22.7	10.0	10-Sep-24 06:29:21.297	
0	0	0	1	4	0	0	14	0	0	0	19.8	28.5	0	0	22.7	10.0	10-Sep-24 06:29:21.344	
0	0	0	1	4	0	0	27	0	0	0	19.8	28.5	0	0	22.7	10.0	10-Sep-24 06:29:21.387	
0	0	0	1	3	0	0	17	0	0	0	19.8	28.5	0	0	22.7	10.0	10-Sep-24 06:29:21.431	
0	0	0	2	1	0	0	22	0	0	0	19.8	28.5	0	0	22.7	10.0	10-Sep-24 06:29:21.476	
0	0	0	2	3	0	0	28	0	0	0	19.8	28.5	0	0	22.7	10.0	10-Sep-24 06:29:21.519	
0	0	0	1	2	0	0	25	0	0	0	19.8	28.5	0	0	22.7	10.0	10-Sep-24 06:29:21.564	
0	0	0	2	3	0	0	28	0	0	0	19.8	28.5	0	0	22.7	10.0	10-Sep-24 06:29:21.607	
0	0	0	0	1	0	0	17	0	0	0	19.8	28.5	0	0	22.7	10.0	10-Sep-24 06:29:21.652	
0	0	0	0	3	0	0	28	0	0	0	19.8	28.5	0	0	22.7	10.0	10-Sep-24 06:29:21.730	
0	0	0	2	2	0	0	24	0	0	0	19.8	28.5	0	0	22.7	10.0	10-Sep-24 06:29:21.789	
0	0	0	1	3	0	0	20	0	0	0	19.8	28.5	0	0	22.7	10.0	10-Sep-24 06:29:21.871	
0	0	0	0	2	0	0	22	0	0	0	19.8	28.5	0	0	22.7	10.0	10-Sep-24 06:29:21.925	
0	0	0	1	1	0	0	22	0	0	0	19.8	28.5	0	0	22.7	10.0	10-Sep-24 06:29:21.972	
0	0	0	2	1	0	0	22	0	0	0	19.8	28.5	0	0	22.7	10.0	10-Sep-24 06:29:22.016	
0	0	0	0	1	0	0	20	0	0	0	19.8	28.5	0	0	22.7	10.0	10-Sep-24 06:29:22.060	
0	0	0	2	2	0	0	25	0	0	0	19.8	28.5	0	0	22.7	10.0	10-Sep-24 06:29:22.103	
0	0	0	1	2	0	0	13	0	0	0	19.8	28.5	0	0	22.7	10.0	10-Sep-24 06:29:22.206	
0	0	0	1	1	0	0	14	0	0	0	19.8	28.5	0	0	22.7	10.0	10-Sep-24 06:29:22.251	
0	0	0	1	2	0	0	7	0	0	0	19.8	28.5	0	0	22.7	10.0	10-Sep-24 06:29:22.295	
0	0	0	0	2	0	0	25	0	0	0	19.8	28.5	0	0	22.7	10.0	10-Sep-24 06:29:22.347	
0	0	0	1	1	0	0	22	0	0	0	19.8	28.5	0	0	22.7	10.0	10-Sep-24 06:29:22.392	
0	0	0	0	4	0	0	22	0	0	0	19.8	28.5	0	0	22.7	10.0	10-Sep-24 06:29:22.436	
0	0	0	1	3	0	0	24	0	0	0	19.8	28.5	0	0	22.7	10.0	10-Sep-24 06:29:22.480	
0	0	0	1	3	0	0	30	0	0	0	19.8	28.5	0	0	22.7	10.0	10-Sep-24 06:29:22.523	
0	0	0	0	1	0	0	27	0	0	0	19.8	28.5	0	0	22.7	10.0	10-Sep-24 06:29:22.567	
0	0	0	1	1	0	0	28	0	0	0	19.8	28.5	0	0	22.7	10.0	10-Sep-24 06:29:22.611	
0	0	0	2	3	0	0	27	0	0	0	19.8	28.5	0	0	22.7	10.0	10-Sep-24 06:29:22.655	
0	0	0	1	5	0	0	16	0	0	0	19.8	28.5	0	0	22.7	10.0	10-Sep-24 06:29:22.699	
0	0	0	1	2	0	0	19	0	0	0	19.8	28.5	0	0	22.7	10.0	10-Sep-24 06:29:22.744	
0	0	0	0	4	0	0	21	0	0	0	19.8	28.5	0	0	22.7	10.0	10-Sep-24 06:29:22.787	
0	0	0	1	2	0	0	22	0	0	0	19.8	28.5	0	0	22.7	10.0	10-Sep-24 06:29:22.831	
0	0	0	1	2	0	0	19	0	0	0	19.8	28.5	0	0	22.7	10.0	10-Sep-24 06:29:22.878	
0	0	0	2	1	0	0	17	0	0	0	19.8	28.5	0	0	22.7	10.0	10-Sep-24 06:29:22.914	
0	0	0	2	1	0	0	24	0	0	0	19.8	28.5	0	0	22.7	10.0	10-Sep-24 06:29:22.959	
0	0	0	1	2	0	0	26	0	0	0	19.8	28.5	0	0	22.7	10.0	10-Sep-24 06:29:23.004	
0	0	0	1	1	0	0	14	0	0	0	19.8	28.5	0	0	22.7	10.0	10-Sep-24 06:29:23.048	
0	0	0	0	1	0	0	26	0	0	0	19.8	28.5	0	0	22.7	10.0	10-Sep-24 06:29:23.092	
0	0	0	1	1	0	0	29	0	0	0	19.8	28.5	0	0	22.7	10.0	10-Sep-24 06:29:23.136	
0	0	0	2	2	0	0	31	0	0	0	19.8	28.5	0	0	22.7	10.0	10-Sep-24 06:29:23.172	
0	0	0	0	1	0	0	17	0	0	0	19.8	28.5	0	0	22.7	10.0	10-Sep-24 06:29:23.274	
0	0	0	1	1	0	0	18	0	0	0	19.8	28.5	0	0	22.7	10.0	10-Sep-24 06:29:23.319	
0	0	0	1	2	0	0	24	0	0	0	19.8	28.5	0	0	22.7	10.0	10-Sep-24 06:29:23.371	
0	0	0	0	1	0	0	17	0	0	0	19.8	28.5	0	0	22.7	10.0	10-Sep-24 06:29:23.416	
0	0	0	1	1	0	0	21	0	0	0	19.8	28.5	0	0	22.7	10.0	10-Sep-24 06:29:23.460	
0	0	0	1	2	0	0	20	0	0	0	19.8	28.5	0	0	22.7	10.0	10-Sep-24 06:29:23.504	
0	0	0	0	2	0	0	25	0	0	0	19.8	28.5	0	0	22.7	10.0	10-Sep-24 06:29:23.548	
0	0	0	1	1	0	0	16	0	0	0	19.8	28.5	0	0	22.7	10.0	10-Sep-24 06:29:23.592	
0	0	0	1	3	0	0	27	0	0	0	19.8	28.5	0	0	22.7	10.0	10-Sep-24 06:29:23.635	
0	0	0	0	1	0	0	25	0	0	0	19.8	28.5	0	0	22.7	10.0	10-Sep-24 06:29:23.679	
0	0	0	1	1	0	0	18	0	0	0	19.8	28.5	0	0	22.7	10.0	10-Sep-24 06:29:23.724	
0	0	0	1	2	0	0	10	0	0	0	19.8	28.5	0	0	22.7	10.0	10-Sep-24 06:29:23.767	
0	0	0	2	2	0	0	24	0	0	0	19.8	28.5	0	0	22.7	10.0	10-Sep-24 06:29:23.812	
0	0	0	0	2	0	0	25	0	0	0	19.8	28.5	0	0	22.7	10.0	10-Sep-24 06:29:23.856	
0	0	0	1	1	0	0	19	0	0	0	19.8	28.5	0	0	22.7	10.0	10-Sep-24 06:29:23.908	
0	0	0	0	1	0	0	23	0	0	0	19.8	28.5	0	0	22.7	10.0	10-Sep-24 06:29:23.951	
0	0	0	1	1	0	0	23	0	0	0	19.8	28.5	0	0	22.7	10.0	10-Sep-24 06:29:23.995	
0	0	0	0	1	0	0	26	0	0	0	19.8	28.5	0	0	22.7	10.0	10-Sep-24 06:29:24.040	
0	0	0	1	1	0	0	17	0	0	0	19.8	28.5	0	0	22.7	10.0	10-Sep-24 06:29:24.083	
0	0	0	2	2	0	0	27	0	0	0	19.8	28.5	0	0	22.7	10.0	10-Sep-24 06:29:24.127	
0	0	0	0	3	0	0	20	0	0	0	19.8	28.5	0	0	22.7	10.0	10-Sep-24 06:29:24.172	
0	0	0	1	2	0	0	26	0	0	0	19.8	28.5	0	0	22.7	10.0	10-Sep-24 06:29:24.216	
0	0	0	1	2	0	0	26	0	0	0	19.8	28.5	0	0	22.7	10.0	10-Sep-24 06:29:24.259	
0	0	0	2	2	0	0	20	0	0	0	19.8	28.5	0	0	22.7	10.0	10-Sep-24 06:29:24.352	
0	0	0	2	3	0	0	24	0	0	0	19.8	28.5	0	0	22.7	10.0	10-Sep-24 06:29:24.406	
0	0	0	2	4	0	0	24	0	0	0	19.8	28.5	0	0	22.7	10.0	10-Sep-24 06:29:24.452	
0	0	0	1	2	0	0	20	0	0	0	19.8	28.5	0	0	22.7	10.0	10-Sep-24 06:29:24.495	
0	0	0	1	1	0	0	19	0	0	0	19.8	28.5	0	0	22.7	10.0	10-Sep-24 06:29:24.540	
0	0	0	1	4	0	0	24	0	0	0	19.8	28.5	0	0	22.7	10.0	10-Sep-24 06:29:24.584	
0	0	0	2	2	0	0	20	0	0	0	19.8	28.5	0	0	22.7	10.0	10-Sep-24 06:29:24.627	
0	0	0	1	1	0	0	23	0	0	0	19.8	28.5	0	0	22.7	10.0	10-Sep-24 06:29:24.671	
0	0	0	1	2	0	0	20	0	0	0	19.8	28.5	0	0	22.7	10.0	10-Sep-24 06:29:24.716	
0	0	0	0	2	0	0	28	0	0	0	19.8	28.5	0	0	22.7	10.0	10-Sep-24 06:29:24.760	
0	0	0	1	2	0	0	24	0	0	0	19.8	28.5	0	0	22.7	10.0	10-Sep-24 06:29:24.803	
0	0	0	1	1	0	0	20	0	0	0	19.8	28.5	0	0	22.7	10.0	10-Sep-24 06:29:24.848	
0	0	0	0	1	0	0	27	0	0	0	19.8	28.5	0	0	22.7	10.0	10-Sep-24 06:29:24.898	
0	0	0	0	1	0	0	30	0	0	0	19.8	28.5	0	0	22.7	10.0	10-Sep-24 06:29:24.945	
0	0	0	1	2	0	0	30	0	0	0	19.8	28.5	0	0	22.7	10.0	10-Sep-24 06:29:24.987	
0	0	0	1	1	0	0	16	0	0	0	19.8	28.5	0	0	22.7	10.0	10-Sep-24 06:29:25.031	
0	0	0	1	3	0	0	26	0	0	0	19.8	28.5	0	0	22.7	10.0	10-Sep-24 06:29:25.076	
0	0	0	1	1	0	0	21	0	0	0	19.8	28.5	0	0	22.7	10.0	10-Sep-24 06:29:25.119	
0	0	0	0	2	0	0	18	0	0	0	19.8	28.5	0	0	22.7	10.0	10-Sep-24 06:29:25.164	
0	0	0	1	1	0	0	20	0	0	0	19.8	28.5	0	0	22.7	10.0	10-Sep-24 06:29:25.207	
0	0	0	0	1	0	0	21	0	0	0	19.8	28.5	0	0	22.7	10.0	10-Sep-24 06:29:25.251	
0	0	0	0	2	0	0	21	0	0	0	19.8	28.5	0	0	22.7	10.0	10-Sep-24 06:29:25.295	
0	0	0	1	1	0	0	14	0	0	0	19.8	28.5	0	0	22.7	10.0	10-Sep-24 06:29:25.339	
0	0	0	1	1	0	0	25	0	0	0	19.8	28.5	0	0	22.7	10.0	10-Sep-24 06:29:25.447	
0	0	0	1	1	0	0	31	0	0	0	19.8	28.5	0	0	22.7	10.0	10-Sep-24 06:29:25.492	
0	0	0	0	1	0	0	26	0	0	0	19.8	28.5	0	0	22.7	10.0	10-Sep-24 06:29:25.535	
0	0	0	1	2	0	0	18	0	0	0	19.8	28.5	0	0	22.7	10.0	10-Sep-24 06:29:25.579	
0	0	0	1	2	0	0	14	0	0	0	19.8	28.5	0	0	22.7	10.0	10-Sep-24 06:29:25.623	
0	0	0	1	1	0	0	21	0	0	0	19.8	28.5	0	0	22.7	10.0	10-Sep-24 06:29:25.667	
0	0	0	1	2	0	0	20	0	0	0	19.8	28.5	0	0	22.7	10.0	10-Sep-24 06:29:25.711	
0	0	0	2	1	0	0	24	0	0	0	19.8	28.5	0	0	22.7	10.0	10-Sep-24 06:29:25.756	
0	0	0	2	1	0	0	26	0	0	0	19.8	28.5	0	0	22.7	10.0	10-Sep-24 06:29:25.800	
0	0	0	0	3	0	0	27	0	0	0	19.8	28.5	0	0	22.7	10.0	10-Sep-24 06:29:25.843	
0	0	0	1	1	0	0	25	0	0	0	19.8	28.5	0	0	22.7	10.0	10-Sep-24 06:29:25.887	
0	0	0	1	1	0	0	24	0	0	0	19.8	28.5	0	0	22.7	10.0	10-Sep-24 06:29:25.939	
0	0	0	1	2	0	0	22	0	0	0	19.8	28.5	0	0	22.7	10.0	10-Sep-24 06:29:25.983	
0	0	0	2	1	0	0	17	0	0	0	19.8	28.5	0	0	22.7	10.0	10-Sep-24 06:29:26.028	
0	0	0	1	2	0	0	27	0	0	0	19.8	28.5	0	0	22.7	10.0	10-Sep-24 06:29:26.071	
0	0	0	1	2	0	0	16	0	0	0	19.8	28.5	0	0	22.7	10.0	10-Sep-24 06:29:26.116	
0	0	0	0	2	0	0	29	0	0	0	19.8	28.5	0	0	22.7	10.0	10-Sep-24 06:29:26.160	
0	0	0	2	2	0	0	21	0	0	0	19.8	28.5	0	0	22.7	10.0	10-Sep-24 06:29:26.203	
0	0	0	1	1	0	0	28	0	0	0	19.8	28.5	0	0	22.7	10.0	10-Sep-24 06:29:26.248	
0	0	0	1	1	0	0	22	0	0	0	19.8	28.5	0	0	22.7	10.0	10-Sep-24 06:29:26.292	
0	0	0	2	3	0	0	21	0	0	0	19.8	28.5	0	0	22.7	10.0	10-Sep-24 06:29:26.336	
0	0	0	1	3	0	0	17	0	0	0	19.8	28.5	0	0	22.7	10.0	10-Sep-24 06:29:26.379	
0	0	0	1	2	0	0	23	0	0	0	19.8	28.5	0	0	22.7	10.0	10-Sep-24 06:29:26.430	
0	0	0	0	2	0	0	17	0	0	0	19.8	28.5	0	0	22.7	10.0	10-Sep-24 06:29:26.534	
0	0	0	1	2	0	0	23	0	0	0	19.8	28.5	0	0	22.7	10.0	10-Sep-24 06:29:26.580	
0	0	0	1	0	0	0	20	0	0	0	19.8	28.5	0	0	22.7	10.0	10-Sep-24 06:29:26.623	
0	0	0	2	1	0	0	23	0	0	0	19.8	28.5	0	0	22.7	10.0	10-Sep-24 06:29:26.667	
0	0	0	1	3	0	0	24	0	0	0	19.8	28.5	0	0	22.7	10.0	10-Sep-24 06:29:26.715	
0	0	0	1	3	0	0	24	0	0	0	19.8	28.5	0	0	22.7	10.0	10-Sep-24 06:29:26.759	
0	0	0	1	2	0	0	28	0	0	0	19.8	28.5	0	0	22.7	10.0	10-Sep-24 06:29:26.804	
0	0	0	1	1	0	0	18	0	0	0	19.8	28.5	0	0	22.7	10.0	10-Sep-24 06:29:26.848	
0	0	0	0	2	0	0	30	0	0	0	19.8	28.5	0	0	22.7	10.0	10-Sep-24 06:29:26.891	
0	0	0	0	6	0	0	26	0	0	0	19.8	28.5	0	0	22.7	10.0	10-Sep-24 06:29:26.980	
0	0	0	2	1	0	0	17	0	0	0	19.8	28.5	0	0	22.7	10.0	10-Sep-24 06:29:27.072	
0	0	0	1	2	0	0	24	0	0	0	19.8	28.5	0	0	22.7	10.0	10-Sep-24 06:29:27.144	
0	0	0	1	2	0	0	23	0	0	0	19.8	28.5	0	0	22.7	10.0	10-Sep-24 06:29:27.192	
0	0	0	0	1	0	0	26	0	0	0	19.8	28.5	0	0	22.7	10.0	10-Sep-24 06:29:27.235	
0	0	0	1	1	0	0	21	0	0	0	19.8	28.5	0	0	22.7	10.0	10-Sep-24 06:29:27.279	
0	0	0	0	3	0	0	20	0	0	0	19.8	28.5	0	0	22.7	10.0	10-Sep-24 06:29:27.323	
0	0	0	1	1	0	0	18	0	0	0	19.8	28.5	0	0	22.7	10.0	10-Sep-24 06:29:27.368	
0	0	0	2	1	0	0	21	0	0	0	19.8	28.5	0	0	22.7	10.0	10-Sep-24 06:29:27.412	
0	0	0	1	1	0	0	20	0	0	0	19.8	28.5	0	0	22.7	10.0	10-Sep-24 06:29:27.463	
0	0	0	2	2	0	0	21	0	0	0	19.8	28.5	0	0	22.7	10.0	10-Sep-24 06:29:27.507	
0	0	0	1	2	0	0	21	0	0	0	19.8	28.5	0	0	22.7	10.0	10-Sep-24 06:29:27.611	
0	0	0	1	2	0	0	23	0	0	0	19.8	28.5	0	0	22.7	10.0	10-Sep-24 06:29:27.656	
0	0	0	1	3	0	0	19	0	0	0	19.8	28.5	0	0	22.7	10.0	10-Sep-24 06:29:27.699	
0	0	0	0	1	0	0	16	0	0	0	19.8	28.5	0	0	22.7	10.0	10-Sep-24 06:29:27.744	
0	0	0	1	3	0	0	17	0	0	0	19.8	28.5	0	0	22.7	10.0	10-Sep-24 06:29:27.787	
0	0	0	2	1	0	0	27	0	0	0	19.8	28.5	0	0	22.7	10.0	10-Sep-24 06:29:27.831	
0	0	0	1	1	0	0	23	0	0	0	19.8	28.5	0	0	22.7	10.0	10-Sep-24 06:29:27.876	
0	0	0	1	1	0	0	26	0	0	0	19.8	28.5	0	0	22.7	10.0	10-Sep-24 06:29:27.920	
0	0	0	1	1	0	0	26	0	0	0	19.8	28.5	0	0	22.7	10.0	10-Sep-24 06:29:27.970	
0	0	0	1	4	0	0	16	0	0	0	19.8	28.5	0	0	22.7	10.0	10-Sep-24 06:29:28.016	
0	0	0	0	1	0	0	21	0	0	0	19.8	28.5	0	0	22.7	10.0	10-Sep-24 06:29:28.059	
0	0	0	1	4	0	0	23	0	0	0	19.8	28.5	0	0	22.7	10.0	10-Sep-24 06:29:28.104	
0	0	0	1	1	0	0	25	0	0	0	19.8	28.5	0	0	22.7	10.0	10-Sep-24 06:29:28.148	
0	0	0	1	5	0	0	19	0	0	0	19.8	28.5	0	0	22.7	10.0	10-Sep-24 06:29:28.191	
0	0	0	2	2	0	0	13	0	0	0	19.8	28.5	0	0	22.7	10.0	10-Sep-24 06:29:28.235	
0	0	0	2	2	0	0	26	0	0	0	19.8	28.5	0	0	22.7	10.0	10-Sep-24 06:29:28.280	
0	0	0	0	3	0	0	23	0	0	0	19.8	28.5	0	0	22.7	10.0	10-Sep-24 06:29:28.323	
0	0	0	2	1	0	0	21	0	0	0	19.8	28.5	0	0	22.7	10.0	10-Sep-24 06:29:28.367	
0	0	0	2	1	0	0	21	0	0	0	19.8	28.5	0	0	22.7	10.0	10-Sep-24 06:29:28.412	
0	0	0	1	3	0	0	25	0	0	0	19.8	28.5	0	0	22.7	10.0	10-Sep-24 06:29:28.463	
0	0	0	1	2	0	0	23	0	0	0	19.8	28.5	0	0	22.7	10.0	10-Sep-24 06:29:28.507	
0	0	0	0	1	0	0	23	0	0	0	19.8	28.5	0	0	22.7	10.0	10-Sep-24 06:29:28.551	
0	0	0	1	1	0	0	28	0	0	0	19.8	28.5	0	0	22.7	10.0	10-Sep-24 06:29:28.595	
0	0	0	0	1	0	0	15	0	0	0	19.8	28.5	0	0	22.7	10.0	10-Sep-24 06:29:28.690	
0	0	0	4	1	0	0	14	0	0	0	19.8	28.5	0	0	22.7	10.0	10-Sep-24 06:29:28.736	
0	0	0	0	2	0	0	15	0	0	0	19.8	28.5	0	0	22.7	10.0	10-Sep-24 06:29:28.779	
0	0	0	1	3	0	0	23	0	0	0	19.8	28.5	0	0	22.7	10.0	10-Sep-24 06:29:28.824	
0	0	0	1	1	0	0	28	0	0	0	19.8	28.5	0	0	22.7	10.0	10-Sep-24 06:29:28.867	
0	0	0	1	1	0	0	23	0	0	0	19.8	28.5	0	0	22.7	10.0	10-Sep-24 06:29:28.911	
0	0	0	1	1	0	0	20	0	0	0	19.8	28.5	0	0	22.7	10.0	10-Sep-24 06:29:28.955	
0	0	0	0	1	0	0	16	0	0	0	19.8	28.5	0	0	22.7	10.0	10-Sep-24 06:29:29.006	
0	0	0	1	2	0	0	28	0	0	0	19.8	28.5	0	0	22.7	10.0	10-Sep-24 06:29:29.048	
0	0	0	1	4	0	0	18	0	0	0	19.8	28.5	0	0	22.7	10.0	10-Sep-24 06:29:29.091	
0	0	0	1	2	0	0	20	0	0	0	19.8	28.5	0	0	22.7	10.0	10-Sep-24 06:29:29.136	
0	0	0	1	1	0	0	26	0	0	0	19.8	28.5	0	0	22.7	10.0	10-Sep-24 06:29:29.180	
0	0	0	2	1	0	0	22	0	0	0	19.8	28.5	0	0	22.7	10.0	10-Sep-24 06:29:29.223	
0	0	0	2	2	0	0	19	0	0	0	19.8	28.5	0	0	22.7	10.0	10-Sep-24 06:29:29.267	
0	0	0	1	4	0	0	25	0	0	0	19.8	28.5	0	0	22.7	10.0	10-Sep-24 06:29:29.311	
0	0	0	0	2	0	0	26	0	0	0	19.8	28.5	0	0	22.7	10.0	10-Sep-24 06:29:29.356	
0	0	0	1	3	0	0	21	0	0	0	19.8	28.5	0	0	22.7	10.0	10-Sep-24 06:29:29.399	
0	0	0	1	3	0	0	23	0	0	0	19.8	28.5	0	0	22.7	10.0	10-Sep-24 06:29:29.443	
0	0	0	1	2	0	0	20	0	0	0	19.8	28.5	0	0	22.7	10.0	10-Sep-24 06:29:29.495	
0	0	0	1	1	0	0	21	0	0	0	19.8	28.5	0	0	22.7	10.0	10-Sep-24 06:29:29.540	
0	0	0	2	1	0	0	16	0	0	0	19.8	28.5	0	0	22.7	10.0	10-Sep-24 06:29:29.583	
0	0	0	0	3	0	0	19	0	0	0	19.8	28.5	0	0	22.7	10.0	10-Sep-24 06:29:29.619	
0	0	0	0	1	0	0	21	0	0	0	19.8	28.5	0	0	22.7	10.0	10-Sep-24 06:29:29.664	
0	0	0	2	1	0	0	17	0	0	0	19.8	28.5	0	0	22.7	10.0	10-Sep-24 06:29:29.767	
0	0	0	1	4	0	0	25	0	0	0	19.8	28.5	0	0	22.7	10.0	10-Sep-24 06:29:29.811	
0	0	0	0	1	0	0	21	0	0	0	19.8	28.5	0	0	22.7	10.0	10-Sep-24 06:29:29.856	
0	0	0	2	2	0	0	25	0	0	0	19.8	28.5	0	0	22.7	10.0	10-Sep-24 06:29:29.899	
0	0	0	1	1	0	0	33	0	0	0	19.8	28.5	0	0	22.7	10.0	10-Sep-24 06:29:29.935	
0	0	0	1	1	0	0	36	0	0	0	19.8	28.5	0	0	22.7	10.0	10-Sep-24 06:29:29.980	
0	0	0	1	2	0	0	17	0	0	0	19.8	28.5	0	0	22.7	10.0	10-Sep-24 06:29:30.031	
0	0	0	2	1	0	0	22	0	0	0	19.8	28.5	0	0	22.7	10.0	10-Sep-24 06:29:30.066	
0	0	0	1	4	0	0	22	0	0	0	19.8	28.5	0	0	22.7	10.0	10-Sep-24 06:29:30.111	
0	0	0	1	2	0	0	16	0	0	0	19.8	28.5	0	0	22.7	10.0	10-Sep-24 06:29:30.155	
0	0	0	1	3	0	0	21	0	0	0	19.8	28.5	0	0	22.7	10.0	10-Sep-24 06:29:30.200	
0	0	0	1	0	0	0	19	0	0	0	19.8	28.5	0	0	22.7	10.0	10-Sep-24 06:29:30.243	
0	0	0	1	1	0	0	23	0	0	0	19.8	28.5	0	0	22.7	10.0	10-Sep-24 06:29:30.288	
0	0	0	0	2	0	0	21	0	0	0	19.8	28.5	0	0	22.7	10.0	10-Sep-24 06:29:30.331	
0	0	0	1	1	0	0	19	0	0	0	19.8	28.5	0	0	22.7	10.0	10-Sep-24 06:29:30.375	
0	0	0	0	3	0	0	16	0	0	0	19.8	28.5	0	0	22.7	10.0	10-Sep-24 06:29:30.419	
0	0	0	1	4	0	0	23	0	0	0	19.8	28.5	0	0	22.7	10.0	10-Sep-24 06:29:30.456	
0	0	0	1	3	0	0	29	0	0	0	19.8	28.5	0	0	22.7	10.0	10-Sep-24 06:29:30.507	
