BC	BV1	BV2	BV3	BV4	BV5	BV6	BV7	BV8	C1	C2	C3	C4	C5	C6	C7	C8	IT

0.0	-0.003	-0.002	-0.002	-0.001	-0.005	-0.0	0.0	0.001	0	0	0	0	0	0	0	0	1000.0
0.25	0.037	0.038	0.001	-0.002	-0.003	-0.001	-0.003	-0.002	0	0	0	0	0	0	0	0	1000.0
0.5	0.076	0.077	-0.001	-0.002	0.002	0.002	0.0	-0.001	0	0	0	0	0	0	0	0	1000.0
0.75	0.112	0.113	0.0	-0.003	0.001	0.001	-0.004	-0.0	0	0	0	0	0	0	0	0	1000.0
1.0	0.147	0.15	0.001	-0.002	0.002	0.002	0.0	0.003	0	0	0	0	0	0	0	0	1000.0
1.25	0.188	0.187	0.001	-0.002	-0.0	-0.003	-0.002	-0.001	0	0	0	0	0	0	0	0	1000.0
1.5	0.225	0.228	-0.001	0.0	-0.003	0.002	-0.002	-0.001	0	0	0	0	0	0	0	0	1000.0
1.75	0.261	0.264	0.0	-0.003	0.001	0.001	-0.001	-0.0	0	0	0	0	0	0	0	0	1000.0
2.0	0.297	0.298	-0.002	-0.001	-0.0	-0.0	-0.005	-0.001	0	0	0	0	0	0	0	0	1000.0
2.25	0.335	0.338	-0.001	-0.002	-0.001	0.001	-0.003	-0.0	0	0	0	0	0	0	0	0	1000.0
2.5	0.373	0.374	-0.004	-0.005	0.001	-0.001	-0.001	-0.004	0	0	0	0	0	0	0	0	1000.0
2.75	0.413	0.416	-0.001	0.0	0.001	0.001	-0.001	-0.002	0	0	0	0	0	0	0	0	1000.0
3.0	0.449	0.453	-0.001	-0.002	0.004	0.002	0.0	0.001	0	0	0	0	0	0	0	0	1000.0
3.25	0.483	0.489	0.0	-0.003	-0.001	-0.001	-0.001	-0.0	0	0	0	0	0	0	0	0	1000.0
3.5	0.524	0.528	0.003	-0.003	-0.0	-0.0	0.0	0.001	0	0	0	0	0	0	0	0	1000.0
3.75	0.562	0.563	0.001	-0.002	-0.001	0.016	-0.001	-0.0	0	0	0	0	0	0	0	0	1000.0
4.0	0.6	0.601	-0.002	-0.003	0.001	0.021	-0.001	-0.004	0	0	0	0	0	0	0	0	1000.0
4.25	0.635	0.636	0.001	-0.002	0.002	0.039	-0.005	0.003	0	0	0	0	0	0	0	0	1000.0
4.5	0.676	0.674	-0.004	-0.001	-0.0	0.075	0.0	0.001	0	0	0	0	0	0	0	0	1000.0
4.75	0.708	0.709	-0.001	-0.002	-0.0	0.124	-0.005	-0.001	0	0	0	0	0	0	0	0	1000.0
5.0	0.75	0.751	-0.001	-0.002	0.001	0.163	-0.003	-0.0	0	0	0	0	0	0	0	0	1000.0
5.25	0.783	0.786	0.0	-0.004	0.001	0.177	-0.004	-0.0	0	0	0	0	0	0	0	0	1000.0
5.5	0.824	0.823	-0.003	-0.001	-0.001	0.236	-0.003	-0.0	0	0	0	0	0	0	0	0	1000.0
5.75	0.86	0.863	0.001	-0.002	-0.0	0.249	0.0	-0.001	0	0	0	0	0	0	0	0	1000.0
6.0	0.898	0.902	0.0	-0.003	-0.001	0.294	-0.001	-0.0	0	0	0	0	0	0	0	0	1000.0
6.25	0.932	0.936	-0.002	-0.005	-0.0	0.307	-0.002	0.001	0	0	0	0	0	0	0	0	1000.0
6.5	0.971	0.975	0.0	-0.008	-0.0	0.383	-0.002	-0.001	0	0	0	0	0	0	0	0	1000.0
6.75	1.01	1.011	0.0	-0.003	-0.001	0.397	-0.003	-0.0	0	0	0	0	0	0	0	0	1000.0
7.0	1.044	1.047	-0.003	-0.001	-0.003	0.431	-0.001	-0.002	0	0	0	0	0	0	0	0	1000.0
7.25	1.089	1.087	-0.002	-0.001	-0.0	0.451	-0.002	0.001	0	0	0	0	0	0	0	0	1000.0
7.5	1.123	1.122	0.001	-0.002	-0.001	0.492	-0.001	-0.0	0	0	0	0	0	0	0	0	1000.0
7.75	1.159	1.16	-0.003	-0.006	-0.001	0.517	-0.003	-0.0	0	0	0	0	0	0	0	0	1000.0
8.0	1.201	1.199	-0.002	-0.003	0.001	0.528	-0.001	-0.0	0	0	0	0	0	0	0	0	1000.0
8.25	1.234	1.24	0.0	-0.006	0.001	0.578	-0.003	-0.0	0	0	0	0	0	0	0	0	1000.0
8.5	1.272	1.275	0.0	-0.003	-0.001	0.597	-0.003	-0.002	0	0	0	0	0	0	0	0	1000.0
8.75	1.31	1.311	-0.003	-0.006	-0.0	0.674	0.0	-0.001	0	0	0	0	0	0	0	0	1000.0
9.0	1.35	1.346	-0.002	-0.003	0.001	0.717	-0.001	-0.0	0	0	0	0	0	0	0	0	1000.0
9.25	1.385	1.388	0.001	-0.007	-0.004	0.736	-0.004	-0.003	0	0	0	0	0	0	0	0	1000.0
9.5	1.424	1.425	0.001	0.0	-0.002	0.755	-0.004	-0.0	0	0	0	0	0	0	0	0	1000.0
9.75	1.462	1.461	-0.002	-0.005	-0.0	0.781	0.0	0.001	0	0	0	0	0	0	0	0	1000.0
10.0	1.499	1.498	0.001	-0.002	0.002	0.832	0.0	-0.004	0	0	0	0	0	0	0	0	1000.0
10.25	1.535	1.539	-0.002	-0.001	-0.001	0.859	-0.003	-0.0	0	0	0	0	0	0	0	0	1000.0
10.5	1.575	1.576	-0.002	-0.005	-0.001	0.942	-0.003	-0.0	0	0	0	0	0	0	0	0	1000.0
10.75	1.609	1.612	-0.002	-0.001	-0.0	0.972	-0.002	-0.001	0	0	0	0	0	0	0	0	1000.0
11.0	1.648	1.649	0.001	-0.002	-0.002	0.995	-0.004	-0.003	0	0	0	0	0	0	0	0	1000.0
11.25	1.687	1.686	0.001	-0.002	-0.002	1.031	-0.004	-0.005	0	0	0	0	0	0	0	0	1000.0
11.5	1.721	1.727	-0.004	-0.001	-0.003	1.069	-0.003	-0.0	0	0	0	0	0	0	0	0	1000.0
11.75	1.76	1.761	0.0	-0.001	-0.003	1.093	-0.001	-0.002	0	0	0	0	0	0	0	0	1000.0
12.0	1.8	1.798	0.001	-0.002	0.001	1.115	-0.001	-0.0	0	0	0	0	0	0	0	0	1000.0
12.25	1.836	1.84	0.001	0.0	-0.0	1.142	0.0	0.003	0	0	0	0	0	0	0	0	1000.0
12.5	1.872	1.873	-0.002	-0.001	0.003	1.167	0.001	0.002	0	0	0	0	0	0	0	0	1000.0
12.75	1.91	1.914	-0.001	-0.002	0.001	1.254	-0.005	-0.002	0	0	0	0	0	0	0	0	1000.0
13.0	1.946	1.947	-0.002	-0.001	0.001	1.279	-0.001	-0.002	0	0	0	0	0	0	0	0	1000.0
13.25	1.985	1.986	-0.002	-0.003	-0.003	1.303	-0.003	-0.002	0	0	0	0	0	0	0	0	1000.0
13.5	2.024	2.025	0.0	-0.003	-0.003	1.33	-0.002	-0.004	0	0	0	0	0	0	0	0	1000.0
13.75	2.064	2.06	-0.001	0.0	-0.001	1.359	-0.001	-0.002	0	0	0	0	0	0	0	0	1000.0
14.0	2.098	2.101	-0.001	0.0	-0.003	1.414	-0.002	-0.004	0	0	0	0	0	0	0	0	1000.0
14.25	2.134	2.138	-0.004	-0.002	-0.002	1.442	-0.001	-0.0	0	0	0	0	0	0	0	0	1000.0
14.5	2.173	2.174	-0.004	0.002	-0.0	1.475	-0.002	-0.001	0	0	0	0	0	0	0	0	1000.0
14.75	2.209	2.213	-0.002	-0.003	-0.001	1.496	-0.003	-0.002	0	0	0	0	0	0	0	0	1000.0
15.0	2.249	2.25	0.001	0.0	-0.003	1.52	-0.003	-0.0	0	0	0	0	0	0	0	0	1000.0
15.25	2.286	2.289	0.001	-0.002	-0.001	1.606	-0.003	-0.002	0	0	0	0	0	0	0	0	1000.0
15.5	2.322	2.323	-0.001	-0.002	-0.001	1.635	-0.003	-0.0	0	0	0	0	0	0	0	0	1000.0
15.75	2.359	2.365	-0.001	-0.002	-0.001	1.66	-0.003	-0.004	0	0	0	0	0	0	0	0	1000.0
16.0	2.395	2.396	-0.002	-0.003	0.002	1.699	-0.002	-0.001	0	0	0	0	0	0	0	0	1000.0
16.25	2.434	2.438	-0.002	-0.005	-0.0	1.724	-0.002	-0.001	0	0	0	0	0	0	0	0	1000.0
16.5	2.473	2.477	-0.002	-0.001	0.003	1.757	-0.001	-0.003	0	0	0	0	0	0	0	0	1000.0
16.75	2.51	2.516	0.0	-0.003	-0.0	1.799	-0.002	-0.001	0	0	0	0	0	0	0	1	1000.0
17.0	2.549	2.55	-0.001	0.0	0.001	1.828	-0.001	0.003	0	0	0	0	0	0	0	0	1000.0
17.25	2.586	2.589	-0.002	0.002	0.002	1.856	0.002	-0.001	0	0	0	0	0	0	0	0	1000.0
17.5	2.623	2.626	0.001	-0.002	0.001	1.882	-0.003	-0.004	0	0	0	0	0	0	0	0	1000.0
17.75	2.659	2.663	-0.001	-0.005	0.002	1.912	-0.005	0.001	0	0	0	0	0	0	0	0	1000.0
18.0	2.698	2.702	0.001	0.0	-0.004	1.972	-0.004	-0.0	0	0	0	0	0	0	0	0	1000.0
18.25	2.734	2.735	-0.003	-0.004	-0.001	1.997	-0.001	-0.004	0	0	0	0	0	0	0	1	1000.0
18.5	2.772	2.773	0.001	0.0	-0.001	2.028	-0.003	-0.002	0	0	0	0	0	0	0	1	1000.0
18.75	2.81	2.811	-0.002	-0.003	-0.003	2.058	0.0	-0.001	0	0	0	0	0	0	0	0	1000.0
19.0	2.849	2.85	-0.003	-0.006	-0.001	2.084	-0.001	-0.004	0	0	0	0	0	0	0	0	1000.0
19.25	2.883	2.889	0.0	-0.006	-0.004	2.111	-0.004	-0.003	0	0	0	0	0	0	0	4	1000.0
19.5	2.923	2.926	0.0	-0.001	0.001	2.143	-0.003	-0.002	0	0	0	0	0	0	0	5	1000.0
19.75	2.959	2.96	0.0	-0.005	-0.001	2.172	-0.003	-0.002	0	0	0	0	0	0	0	5	1000.0
20.0	2.996	3.0	0.001	-0.002	-0.002	2.199	-0.001	0.002	0	0	0	0	0	0	0	6	1000.0
20.25	3.034	3.033	-0.003	-0.004	0.001	2.229	-0.003	-0.002	0	0	0	1	0	0	0	8	1000.0
20.5	3.072	3.076	-0.001	0.0	-0.0	2.256	0.0	0.001	0	0	0	0	0	0	0	5	1000.0
20.75	3.108	3.112	0.0	-0.003	-0.001	2.319	-0.003	-0.004	0	0	0	0	0	0	0	11	1000.0
21.0	3.147	3.15	-0.003	-0.004	-0.001	2.346	-0.003	-0.0	0	0	0	0	0	0	0	19	1000.0
21.25	3.184	3.187	-0.002	-0.001	-0.0	2.378	0.0	-0.004	0	0	0	3	0	0	0	27	1000.0
21.5	3.223	3.224	-0.002	-0.003	-0.0	2.405	-0.002	0.003	0	0	0	3	0	0	0	30	1000.0
21.75	3.26	3.261	-0.001	-0.002	-0.002	2.523	-0.004	-0.003	0	0	0	2	0	0	0	52	1000.0
22.0	3.296	3.297	0.0	0.818	0.002	2.556	0.0	-0.004	0	0	0	4	0	0	0	66	1000.0
22.25	3.333	3.339	-0.002	0.822	0.001	2.585	-0.003	-0.004	0	0	0	0	0	0	0	103	1000.0
22.5	3.37	3.373	-0.001	0.835	-0.001	2.612	0.002	-0.002	0	0	0	0	0	0	0	134	1000.0
22.75	3.408	3.412	0.0	0.844	-0.0	2.644	-0.002	-0.001	0	0	0	0	0	0	0	195	1000.0
23.0	3.447	3.45	-0.003	0.856	0.001	2.673	-0.003	-0.002	0	0	0	0	0	0	0	268	1000.0
23.25	3.487	3.485	-0.002	0.866	-0.001	2.727	-0.003	-0.0	0	0	0	0	0	0	0	404	1000.0
23.5	3.523	3.522	-0.002	0.874	0.001	2.756	-0.001	-0.0	0	0	0	0	0	0	0	508	1000.0
23.75	3.56	3.563	0.0	0.881	-0.003	2.785	-0.003	-0.002	0	0	0	0	0	0	0	738	1000.0
24.0	3.595	3.598	0.001	0.891	0.002	2.815	0.0	0.003	0	0	0	0	0	0	0	1115	1000.0
24.25	3.636	3.635	-0.001	0.904	-0.002	2.846	-0.004	-0.003	0	0	0	0	0	0	0	1588	1000.0
24.5	3.672	3.673	0.002	0.907	-0.0	2.881	-0.005	-0.001	0	0	0	0	0	0	0	2539	1000.0
24.75	3.708	3.709	0.0	0.917	-0.003	2.951	-0.003	-0.0	0	0	0	0	0	0	0	5208	1000.0
25.0	3.745	3.749	-0.002	0.927	-0.002	2.98	-0.001	-0.005	0	0	0	0	0	0	0	17246	1000.0
25.25	3.785	3.786	-0.004	0.937	-0.0	3.052	-0.002	0.001	0	0	0	0	0	0	0	76152	1000.0
25.5	3.819	3.825	-0.004	0.948	-0.0	3.081	-0.002	3.054	0	0	0	0	0	0	0	1	1000.0
25.75	3.861	3.859	0.001	0.957	-0.001	3.113	-0.003	3.087	0	0	0	0	0	0	0	0	1000.0
26.0	3.897	3.898	-0.004	0.967	-0.0	3.142	0.0	3.204	0	0	0	0	0	0	0	0	1000.0
26.25	3.933	3.937	-0.002	0.974	-0.003	3.171	-0.001	3.238	0	0	0	0	0	0	0	0	1000.0
26.5	3.975	3.976	-0.002	0.984	0.004	3.203	-0.001	3.268	0	0	0	0	0	0	0	0	1000.0
26.75	4.012	4.013	-0.004	0.991	0.001	3.234	0.001	3.3	0	0	0	0	0	0	0	0	1000.0
27.0	4.049	4.05	-0.004	1.009	0.001	3.263	-0.001	3.333	0	0	0	0	0	0	0	0	1000.0
27.25	4.083	4.087	-0.001	1.013	-0.001	3.293	-0.003	3.362	0	0	0	0	0	0	0	0	1000.0
27.5	4.124	4.123	-0.002	1.023	-0.0	3.33	0.0	3.394	0	0	0	0	0	0	0	0	1000.0
27.75	4.158	4.162	0.0	1.032	0.001	3.376	-0.001	3.438	0	0	0	0	0	0	0	0	1000.0
28.0	4.197	4.201	-0.002	1.04	-0.001	3.41	-0.001	3.47	0	0	0	0	0	0	0	0	1000.0
28.25	4.234	4.235	-0.002	1.052	-0.003	3.44	-0.002	3.502	0	0	0	0	1	0	0	0	1000.0
28.5	4.274	4.275	0.001	1.06	-0.001	3.469	-0.001	3.531	0	0	0	0	0	0	0	0	1000.0
28.75	4.31	4.311	0.001	1.07	0.001	3.501	-0.003	3.562	0	0	0	0	3	0	0	0	1000.0
29.0	4.349	4.35	0.001	1.079	0.002	3.536	0.002	3.592	0	0	0	0	3	0	0	0	1000.0
29.25	4.383	4.387	-0.004	1.087	-0.001	3.562	-0.001	3.627	0	0	0	0	2	0	0	0	1000.0
29.5	4.423	4.426	0.003	1.094	0.001	3.591	-0.003	3.659	0	0	0	0	2	0	0	0	1000.0
29.75	4.459	4.463	-0.001	1.109	0.001	3.666	-0.006	3.689	0	0	0	0	1	0	0	0	1000.0
30.0	4.501	4.499	-0.001	1.114	-0.001	3.699	0.002	3.724	0	0	0	0	3	0	0	0	1000.0
30.25	4.535	4.533	-0.001	1.123	-0.001	3.73	-0.001	3.753	0	0	0	0	8	0	0	0	1000.0
30.5	4.572	4.576	-0.001	1.136	0.002	3.77	-0.002	3.784	0	0	0	0	12	0	0	0	1000.0
30.75	4.609	4.608	0.0	1.142	-0.0	3.802	-0.002	3.814	0	0	0	0	48	0	0	0	1000.0
31.0	4.647	4.648	0.0	1.154	0.001	3.835	-0.001	3.938	0	0	0	0	134	0	0	0	1000.0
31.25	4.683	4.686	0.0	1.159	-0.001	3.909	-0.003	3.974	0	0	0	0	403	0	0	0	1000.0
31.5	4.723	4.726	-0.001	1.172	-0.003	3.94	-0.005	4.003	0	0	0	0	1470	0	0	0	1000.0
31.75	4.76	4.763	0.001	1.182	-0.002	3.972	-0.001	4.038	0	0	0	0	5898	0	0	0	1000.0
32.0	4.799	4.8	0.001	1.192	0.002	4.002	-0.002	4.067	0	0	0	0	24512	0	0	0	1000.0
32.25	4.835	4.836	-0.001	1.199	3.812	4.038	-0.001	4.103	0	0	0	0	1	0	0	0	1000.0
32.5	4.872	4.875	-0.001	1.206	3.845	4.065	0.002	4.131	0	0	0	0	0	0	0	0	1000.0
32.75	4.908	4.914	-0.001	1.219	3.873	4.099	-0.001	4.166	0	0	0	0	0	0	0	0	1000.0
33.0	4.947	4.948	0.0	1.228	3.939	4.133	-0.001	4.201	0	0	0	0	0	0	0	0	1000.0
33.25	4.984	4.988	-0.001	1.236	3.971	4.162	-0.001	4.227	0	0	0	0	0	0	0	0	1000.0
33.5	5.023	5.024	-0.002	1.242	4.043	4.195	0.0	4.262	0	0	0	0	0	0	0	0	1000.0
33.75	5.057	5.06	-0.002	1.252	4.069	4.226	-0.003	4.293	0	0	0	0	0	0	0	0	1000.0
34.0	5.098	5.099	-0.002	1.262	4.104	4.258	0.0	4.326	0	0	0	0	0	0	0	0	1000.0
34.25	5.136	5.137	0.002	1.275	4.133	4.293	0.0	4.36	0	0	0	0	0	0	0	0	1000.0
34.5	5.169	5.175	-0.002	1.279	4.164	4.321	-0.001	4.391	0	0	0	0	0	0	0	0	1000.0
34.75	5.21	5.211	-0.003	1.291	4.2	4.352	-0.004	4.421	0	0	0	0	0	0	0	0	1000.0
35.0	5.248	5.249	0.001	1.299	4.228	4.382	-0.005	4.455	0	0	0	0	0	0	0	0	1000.0
35.25	5.285	5.286	-0.001	1.31	4.263	4.421	-0.003	4.486	0	0	0	0	0	0	0	0	1000.0
35.5	5.321	5.325	0.001	1.319	4.289	4.446	-0.003	4.594	0	0	0	0	0	0	0	0	1000.0
35.75	5.36	5.361	-0.002	1.328	4.324	4.478	-0.005	4.628	0	0	0	0	0	0	0	0	1000.0
36.0	5.397	5.398	0.001	1.338	4.356	4.514	-0.001	4.662	0	0	0	0	0	0	0	0	1000.0
36.25	5.435	5.436	0.0	1.347	4.388	4.544	0.0	4.692	0	0	0	0	0	0	0	0	1000.0
36.5	5.47	5.474	-0.004	1.355	4.423	4.573	-0.003	4.728	0	0	0	0	0	0	0	0	1000.0
36.75	5.509	5.51	0.001	1.365	4.484	4.604	-0.004	4.756	0	0	0	0	0	0	0	0	1000.0
37.0	5.548	5.551	0.0	1.374	4.522	4.638	-0.004	4.791	0	0	0	0	0	0	0	0	1000.0
37.25	5.587	5.588	0.001	1.387	4.553	4.671	-0.002	4.826	0	0	0	0	0	0	0	0	1000.0
37.5	5.618	5.621	-0.003	1.388	4.582	4.699	-0.006	4.857	0	0	0	0	0	0	0	0	1000.0
37.75	5.658	5.662	-0.001	1.402	4.619	4.734	-0.005	4.889	0	0	0	0	0	0	0	0	1000.0
38.0	5.697	5.695	-0.002	1.411	4.648	4.766	-0.005	4.924	0	0	0	0	0	0	0	0	1000.0
38.25	5.731	5.737	-0.001	1.421	4.678	4.798	-0.003	4.955	0	0	0	0	0	0	0	0	1000.0
38.5	5.77	5.773	0.0	1.426	4.716	4.829	-0.003	4.987	0	0	0	0	0	0	0	0	1000.0
38.75	5.809	5.808	0.0	1.438	4.749	5.094	-0.002	5.071	0	0	0	0	0	0	0	0	1000.0
39.0	5.849	5.847	0.001	1.448	4.78	5.13	-0.002	5.102	0	0	0	0	0	0	0	0	1000.0
39.25	5.886	5.884	0.002	1.456	4.814	5.164	-0.001	5.136	0	0	0	0	0	0	0	0	1000.0
39.5	5.921	5.922	-0.002	1.467	4.845	5.198	-0.001	5.168	0	0	0	0	0	0	0	0	1000.0
39.75	5.958	5.959	0.677	1.474	4.872	5.229	4.805	5.201	0	0	1	0	0	0	0	0	1000.0
40.0	5.999	5.998	0.682	1.487	4.906	5.263	4.836	5.272	0	0	0	0	0	0	0	0	1000.0
40.25	6.034	6.038	0.687	1.495	4.938	5.296	4.869	5.302	0	0	0	0	0	0	0	0	1000.0
40.5	6.073	6.074	0.69	1.502	4.973	5.33	4.899	5.337	0	0	0	0	0	0	0	0	1000.0
40.75	6.11	6.111	0.697	1.512	5.005	5.364	4.93	5.37	0	0	0	0	0	0	0	0	1000.0
41.0	6.147	6.148	0.699	1.521	5.037	5.43	4.962	5.405	0	0	0	0	0	0	0	0	1000.0
41.25	6.184	6.185	0.703	1.532	5.071	5.465	4.992	5.438	0	0	0	0	0	0	0	0	1000.0
41.5	6.219	6.223	0.709	1.543	5.104	5.498	5.095	5.467	0	0	0	0	0	0	0	0	1000.0
41.75	6.261	6.26	0.714	1.548	5.139	5.533	5.131	5.505	0	0	0	0	0	0	0	0	1000.0
42.0	6.297	6.298	0.716	1.555	5.17	5.567	5.159	5.615	0	0	0	0	0	0	0	0	1000.0
42.25	6.337	6.336	0.719	1.568	5.199	5.598	5.271	5.647	0	0	0	0	0	0	0	0	1000.0
42.5	6.371	6.375	0.726	1.573	5.231	5.633	5.303	5.685	0	0	0	0	0	0	0	0	1000.0
42.75	6.41	6.411	0.729	1.585	5.273	5.689	5.336	5.718	0	0	0	0	0	0	0	0	1000.0
43.0	6.446	6.45	0.733	1.594	5.304	5.721	5.367	5.748	0	0	0	0	0	0	0	0	1000.0
43.25	6.483	6.486	0.738	1.604	5.348	5.758	5.4	5.784	0	0	0	0	0	0	0	0	1000.0
43.5	6.52	6.521	0.743	1.614	5.378	5.791	5.43	5.82	0	0	0	0	0	0	0	0	1000.0
43.75	6.559	6.562	0.748	1.623	5.41	5.826	5.465	5.855	0	0	0	0	0	0	0	0	1000.0
44.0	6.596	6.597	0.753	1.631	5.446	5.861	5.498	5.889	0	0	0	0	0	0	0	0	1000.0
44.25	6.636	6.635	0.754	1.64	5.476	5.892	5.526	5.921	0	0	0	0	0	0	0	0	1000.0
44.5	6.672	6.675	0.761	1.648	5.505	5.926	5.56	5.976	0	0	0	0	0	0	0	0	1000.0
44.75	6.707	6.708	0.764	1.657	5.539	5.955	5.589	6.01	0	0	0	0	0	0	0	0	1000.0
45.0	6.742	6.748	0.768	1.665	5.574	5.992	5.624	6.04	0	0	0	0	0	0	0	0	1000.0
45.25	6.781	6.785	0.773	1.678	5.723	6.031	5.653	6.076	0	0	0	0	0	0	0	0	1000.0
45.5	6.82	6.823	0.777	1.687	5.756	6.062	5.687	6.149	0	0	0	0	0	0	0	0	1000.0
45.75	6.859	6.86	0.782	1.697	5.787	6.097	5.721	6.179	0	0	0	0	0	0	0	0	1000.0
46.0	6.893	6.899	0.784	1.704	5.821	6.131	5.753	6.213	0	0	0	0	0	0	0	0	1000.0
46.25	6.932	6.933	0.789	1.714	5.851	6.164	5.835	6.244	0	0	0	0	0	0	0	0	1000.0
46.5	6.973	6.974	0.795	1.725	5.885	6.2	5.866	6.282	0	0	0	0	0	0	0	0	1000.0
46.75	7.008	7.009	0.797	1.733	5.992	6.233	5.901	6.312	0	0	0	0	0	0	0	0	1000.0
47.0	7.048	7.049	0.802	1.741	6.027	6.267	5.933	6.349	0	0	0	0	0	0	0	0	1000.0
47.25	7.085	7.086	0.808	1.749	6.062	6.3	5.961	6.381	0	0	0	0	0	0	0	0	1000.0
47.5	7.123	7.121	0.811	1.758	6.09	6.333	5.994	6.415	0	0	0	0	0	0	0	0	1000.0
47.75	7.16	7.161	0.817	1.768	6.127	6.4	6.024	6.465	0	0	0	0	0	0	0	0	1000.0
48.0	7.194	7.198	0.822	1.778	6.159	6.436	6.058	6.496	0	0	0	0	0	0	0	0	1000.0
48.25	7.233	7.236	0.826	1.787	6.192	6.464	6.093	6.532	0	0	0	0	0	0	0	0	1000.0
48.5	7.272	7.273	0.826	1.795	6.223	6.503	6.125	6.585	0	0	0	0	0	0	0	0	1000.0
48.75	7.304	7.31	0.834	1.805	6.257	6.534	6.154	6.641	0	0	0	0	0	0	0	0	1000.0
49.0	7.343	7.347	0.839	1.814	6.356	6.568	6.187	6.674	0	0	0	0	0	0	0	0	1000.0
49.25	7.382	7.385	0.84	1.821	6.388	6.599	6.216	6.71	0	0	0	0	0	0	0	0	1000.0
49.5	7.421	7.425	0.846	1.832	6.433	6.636	6.25	6.742	0	0	0	0	0	0	0	0	1000.0
49.75	7.457	7.461	0.848	1.841	6.465	6.669	6.283	6.817	0	0	0	0	0	0	0	0	1000.0
50.0	7.494	7.497	0.855	1.85	6.498	6.702	6.319	6.852	0	0	0	0	0	0	0	0	1000.0
